-0.00010694
-0.00001616
0.00076312
0.00018478
-0.00024158
0.00013684
-0.00030482
0.00051322
0.00058564
-0.00016814
-0.00002126
-0.00006104
-0.00006512
-0.00003759
-0.00007941
-0.00002943
-0.00008247
-0.00002944
-0.00007941
-0.00003658
-0.00006412
-0.00006923
0.00082838
0.00010826
-0.00014471
0.00001033
-0.00010901
-0.00000905
-0.00009473
-0.00002027
-0.00008454
-0.00002945
-0.00007536
-0.00003660
-0.00006924
-0.00004170
-0.00006415
-0.00004681
-0.00005905
-0.00004987
-0.00005701
-0.00005191
-0.00005395
-0.00005294
-0.00005294
-0.00005294
-0.00005294
-0.00005294
-0.00005294
-0.00005193
-0.00005295
-0.00005193
-0.00005295
-0.00005193
-0.00005295
-0.00005091
-0.00005296
-0.00005092
-0.00005194
-0.00005092
-0.00005194
-0.00005092
-0.00005092
-0.00005093
-0.00005093
-0.00005093
-0.00004889
-0.00005297
-0.00004583
-0.00006113
0.00038460
0.00047437
-0.00001319
-0.00006114
-0.00004380
-0.00005298
-0.00004584
-0.00005094
-0.00004686
-0.00004992
-0.00004686
-0.00004992
-0.00004585
-0.00004891
-0.00004585
-0.00004891
-0.00004585
-0.00004892
-0.00004484
-0.00004790
-0.00004484
-0.00004790
-0.00004485
-0.00004689
-0.00004485
-0.00004587
-0.00004587
-0.00004383
-0.00004689
-0.00004077
-0.00004996
-0.00003568
-0.00005608
-0.00002650
-0.00006934
-0.00000202
-0.00011830
0.00019585
0.00032132
-0.00013871
0.00001021
-0.00007445
-0.00002855
0.00038250
0.00006019
-0.00012240
0.00015606
0.00053652
0.00024685
-0.00009894
-0.00001020
-0.00006018
-0.00002550
-0.00004998
-0.00003264
-0.00004386
-0.00003673
-0.00003877
-0.00004081
-0.00003469
-0.00004387
-0.00003061
-0.00004591
-0.00002857
-0.00004795
-0.00002653
-0.00004694
-0.00002654
-0.00004490
-0.00003062
-0.00003674
-0.00004694
0.00041206
0.00004078
-0.00007244
-0.00001124
-0.00005000
-0.00002450
-0.00003674
-0.00003776
-0.00002145
-0.00005715
0.00000813
-0.00011121
0.00021111
0.00032433
-0.00012039
0.00001323
-0.00006021
-0.00001329
-0.00004389
-0.00002247
-0.00003880
-0.00002452
-0.00003778
-0.00002146
-0.00004186
-0.00001432
-0.00005105
-0.00000106
-0.00006737
0.00002137
-0.00009899
0.00007237
-0.00019895
0.00047016
0.00067723
-0.00019997
0.00006114
-0.00008370
0.00000912
-0.00005310
-0.00001026
-0.00003780
-0.00002148
-0.00002862
-0.00002760
-0.00002352
-0.00003168
-0.00001842
-0.00003474
-0.00001537
-0.00003679
-0.00001231
-0.00003985
-0.00000823
-0.00004494
-0.00000006
-0.00005616
0.00002135
-0.00010104
0.00021515
0.00034164
-0.00012348
0.00003665
-0.00006841
0.00001421
-0.00005515
0.00000503
-0.00004597
-0.00000313
-0.00003679
-0.00001537
-0.00001843
-0.00005006
0.00087712
0.00012539
-0.00009290
0.00002338
-0.00005006
-0.00000518
-0.00002150
-0.00004088
0.00003868
-0.00024896
-0.00038973
0.00007641
-0.00006945
0.00000705
-0.00003069
-0.00002355
-0.00000315
-0.00005007
0.00002847
-0.00008883
0.00008355
-0.00019288
0.00048440
0.00068127
-0.00018369
0.00006212
-0.00006538
0.00000806
-0.00002968
-0.00001948
-0.00000520
-0.00004396
0.00002642
-0.00010006
0.00023042
0.00033447
-0.00010005
0.00002132
-0.00003681
-0.00001132
-0.00001132
-0.00003478
0.00001724
-0.00007966
0.00051602
-0.00019084
-0.00040912
0.00009680
-0.00008374
0.00002948
-0.00005008
0.00000908
-0.00003580
-0.00000214
-0.00002764
-0.00000826
-0.00002254
-0.00001234
-0.00001846
-0.00001540
-0.00001642
-0.00001643
-0.00001541
-0.00001745
-0.00001439
-0.00001745
-0.00001439
-0.00001745
-0.00001541
-0.00001643
-0.00001643
-0.00001643
-0.00001643
-0.00001643
-0.00001643
-0.00001643
-0.00001541
-0.00001644
-0.00001542
-0.00001746
-0.00001440
-0.00001746
-0.00001440
-0.00001848
-0.00001338
-0.00001950
-0.00001236
-0.00002052
-0.00001032
-0.00002256
-0.00000828
-0.00002562
-0.00000420
-0.00003072
0.00000090
-0.00003582
0.00000600
-0.00003990
0.00000396
0.00038850
0.00011616
-0.00013170
0.00011922
-0.00021739
0.00050987
0.00066288
-0.00016027
0.00004271
-0.00003480
-0.00004398
0.00058127
0.00108108
0.00087300
0.00106578
0.00071898
0.00047725
-0.00001134
0.00015390
0.00095664
0.00100867
0.00034567
-0.00012353
0.00016512
0.00101682
0.00075367
0.00004171
-0.00066516
-0.00093240
0.00007331
-0.00009907
0.00006515
-0.00011233
0.00011309
-0.00031734
-0.00031327
-0.00000012
-0.00039079
-0.00026941
0.00057107
0.00003048
-0.00121596
-0.00092731
-0.00047239
0.00067816
0.00159821
0.00203988
0.00176857
0.00079958
-0.00013882
-0.00164026
-0.00205031
-0.00193404
-0.00203198
-0.00137918
-0.00075800
-0.00000218
-0.00061519
-0.00069986
-0.00068150
-0.00009296
0.00003353
-0.00005725
-0.00000625
0.00010186
0.00062105
0.00021306
-0.00002970
-0.00003276
-0.00000115
-0.00004501
0.00002231
-0.00019188
-0.00102115
-0.00098341
-0.00059071
-0.00087019
-0.00112418
-0.00073658
-0.00013070
0.00067816
0.00083831
-0.00004603
-0.00002155
0.00000497
-0.00008989
0.00062614
0.00100865
0.00098009
0.00035382
-0.00012354
0.00003762
-0.00006948
0.00003966
-0.00063660
-0.00103747
0.00088522
0.00190727
0.00258150
0.00244688
0.00065577
-0.00092830
-0.00202787
-0.00197688
-0.00185755
-0.00082838
0.00011920
0.00111574
0.00201539
0.00117390
-0.00029285
-0.00098034
-0.00047954
0.00074447
0.00041502
-0.00075186
-0.00059989
-0.00089365
-0.00110378
-0.00025413
0.00168693
0.00236626
0.00209598
0.00121470
0.00100765
0.00016514
-0.00108947
-0.00108743
-0.00207989
-0.00187693
-0.00213091
-0.00114255
0.00005392
-0.00016537
-0.00122107
-0.00181369
-0.00139447
-0.00170150
-0.00145569
0.00133299
0.00328426
0.00286711
0.00233365
0.00184100
0.00143402
0.00021411
-0.00058251
-0.00175552
-0.00186773
-0.00091710
-0.00165965
-0.00195139
-0.00021944
0.00166043
0.00196236
0.00195625
0.00135854
0.00026713
-0.00012863
0.00062718
0.00101173
0.00095972
0.00038037
-0.00059068
-0.00044686
-0.00018473
0.00068228
0.00045075
-0.00088035
-0.00181263
-0.00224920
-0.00237263
-0.00210029
-0.00189732
-0.00217067
-0.00309989
-0.00401484
-0.00333452
-0.00270824
-0.00205034
-0.00134246
-0.00146689
-0.00235226
-0.00270926
-0.00195245
-0.00006341
0.00226016
0.00224285
0.00178692
0.00028447
-0.00001033
-0.00069984
-0.00034696
0.00167979
0.00255801
0.00297215
0.00354231
0.00581188
0.00686659
0.00626474
0.00507137
0.00241324
-0.00173304
-0.00481040
-0.00601605
-0.00527250
-0.00427290
-0.00383124
-0.00405972
-0.00369457
-0.00297039
-0.00046630
0.00354739
0.00645750
0.00639939
0.00397892
0.00266619
0.00202257
0.00115558
-0.00068451
-0.00167493
-0.00205744
-0.00184937
-0.00038466
0.00058638
0.00167064
0.00193075
0.00199910
0.00127899
0.00049563
0.00028041
-0.00018879
-0.00123021
-0.00180142
-0.00102214
-0.00095788
-0.00120268
-0.00196055
-0.00205747
-0.00125065
0.00038746
0.00204497
0.00310985
0.00345156
0.00379224
0.00395444
0.00380858
0.00451033
0.00500709
0.00408604
0.00222047
0.00182775
0.00291917
0.00089754
-0.00093744
-0.00088340
-0.00170654
-0.00193606
-0.00012660
0.00284467
0.00392385
0.00335268
0.00203282
0.00077821
-0.00072219
-0.00289378
-0.00407595
-0.00569776
-0.00713698
-0.00787652
-0.00728800
-0.00625066
-0.00459216
-0.00183816
0.00061799
0.00345871
0.00490408
0.00295286
-0.00046821
-0.00288664
-0.00469918
-0.00664741
-0.00684022
-0.00457278
-0.00201259
-0.00044484
0.00023753
0.00141360
0.00293339
0.00559970
0.00516827
0.00303852
0.00067723
-0.00024895
0.00011620
-0.00020714
0.00079448
0.00213375
0.00291303
0.00286408
0.00296813
0.00225619
0.00186757
0.00138001
0.00074455
0.00125251
0.00117400
-0.00099860
-0.00381481
-0.00561414
-0.00546321
-0.00403010
-0.00238587
-0.00181058
-0.00284486
-0.00406886
-0.00322842
-0.00115374
0.00070673
0.00267842
0.00276617
0.00125557
-0.00154943
-0.00318349
-0.00168108
0.00167473
0.00406155
0.00316803
0.00285081
0.00341284
0.00469600
0.00397691
0.00145956
-0.00005821
0.00053950
0.00106072
0.00080061
0.00211539
0.00392180
0.00664317
0.00790494
0.00758470
0.00616999
0.00376991
0.00121076
-0.00142494
-0.00209407
-0.00201248
-0.00186663
-0.00097617
-0.00162590
-0.00227973
-0.00293763
-0.00348845
-0.00291521
-0.00180954
-0.00103025
-0.00114347
-0.00275302
-0.00474610
-0.00429224
-0.00200439
0.00120452
0.00253055
0.00183288
0.00210829
0.00285493
0.00282027
0.00097715
-0.00191559
-0.00300702
-0.00063962
0.00227044
0.00348224
0.00260813
0.00016318
-0.00187987
-0.00367611
-0.00397602
-0.00216961
-0.00044173
0.00106074
0.00149324
0.00038961
-0.00083644
-0.00051618
0.00075780
0.00254892
0.00383007
0.00235620
-0.00066300
-0.00271934
-0.00250618
0.00079860
0.00472868
0.00588743
0.00556617
0.00173304
-0.00468478
-0.00922280
-0.01001028
-0.00730733
-0.00305394
-0.00170037
-0.00296311
-0.00456250
-0.00511129
-0.00236443
0.00129021
0.00402180
0.00522849
0.00414527
0.00309367
0.00057122
-0.00078131
-0.00180640
-0.00386987
-0.00575179
-0.00717270
-0.00595995
-0.00265522
0.00333017
0.00684104
0.00845265
0.00987455
0.01000208
0.00943398
0.00651883
0.00405248
0.00365366
0.00267958
0.00175137
0.00003270
-0.00309464
-0.00568648
-0.00531424
-0.00070592
0.00268460
0.00271013
0.00166259
0.00090372
0.00029885
-0.00027235
0.00058852
0.00134538
0.00046820
-0.00153405
-0.00208181
-0.00216749
-0.00123523
-0.00005303
-0.00017236
-0.00205524
-0.00465834
-0.00575282
-0.00528666
-0.00373933
-0.00306714
-0.00318240
-0.00416771
-0.00565283
-0.00594559
-0.00435441
-0.00391885
-0.00469814
-0.00496232
-0.00371592
-0.00082626
0.00259174
0.00550593
0.00571812
0.00345985
0.00026929
-0.00116383
0.00130250
0.00370971
0.00488782
0.00452269
0.00390662
0.00297740
0.00175238
0.00186356
0.00184214
0.00168609
0.00112714
-0.00008360
-0.00010502
-0.00028862
-0.00162276
-0.00351487
-0.00591901
-0.00754287
-0.00667997
-0.00552738
-0.00625363
-0.00512858
-0.00337318
-0.00108327
-0.00081705
-0.00033867
0.00280904
0.00367507
0.00199619
-0.00218785
-0.00551511
-0.00597619
-0.00428099
-0.00169325
0.00082817
0.00234901
0.00360259
0.00364646
0.00485717
0.00823849
0.01141480
0.01253482
0.00889247
0.00465540
0.00206663
-0.00003052
-0.00173597
-0.00226843
-0.00129129
0.00060590
0.00279379
0.00558555
0.00685548
0.00594259
0.00393118
0.00254703
0.00176471
-0.00040994
-0.00135141
-0.00039161
-0.00014170
-0.00020391
-0.00145035
-0.00175228
-0.00254072
-0.00437775
-0.00544672
-0.00510709
-0.00517136
-0.00605162
-0.00604450
-0.00533869
-0.00317936
-0.00182582
0.00066502
0.00183603
-0.00057523
-0.00293042
-0.00249591
-0.00196959
-0.00278151
-0.00265198
-0.00062627
0.00149536
-0.00002543
-0.00305382
-0.00395859
-0.00244495
0.00103017
0.00489192
0.00537034
0.00308252
0.00098030
0.00105474
0.00159433
0.00088339
0.00018368
0.00021223
-0.00012946
-0.00189509
-0.00152995
-0.00101280
-0.00174515
-0.00281820
-0.00261526
-0.00082924
0.00073136
0.00186970
0.00177078
0.00128628
0.00006229
-0.00057930
-0.00030390
0.00000516
-0.00059050
-0.00202565
-0.00289266
-0.00424825
-0.00320278
0.00045188
0.00322120
0.00278263
0.00000213
-0.00138610
-0.00225310
-0.00570171
-0.00821604
-0.00721139
-0.00468181
-0.00201756
0.00059260
0.00253064
0.00279279
0.00285603
0.00507146
0.00762354
0.00683410
0.00559073
0.00342021
0.00032348
-0.00271817
-0.00593732
-0.00529171
-0.00275194
0.00054366
0.00364753
0.00536216
0.00638628
0.00677594
0.00695649
0.00559381
0.00219723
-0.00113614
-0.00209905
-0.00260193
-0.00212969
-0.00221844
-0.00076700
0.00156372
-0.00008356
-0.00303851
-0.00346185
-0.00057734
0.00402797
0.00768064
0.00620170
0.00212784
0.00130875
0.00200338
0.00100175
-0.00099336
-0.00212663
-0.00030697
0.00147906
0.00185953
0.00272755
0.00324980
0.00296829
0.00294789
0.00385570
0.00497771
0.00563868
0.00586414
0.00426584
-0.00033127
-0.00352901
-0.00418284
-0.00408495
-0.00643399
-0.00934815
-0.01017440
-0.00845882
-0.00440029
-0.00000307
0.00494190
0.00621289
0.00587530
0.00488286
0.00358850
0.00207688
-0.00056388
-0.00312615
-0.00386874
-0.00368823
-0.00421865
-0.00333433
-0.00114239
0.00163100
0.00365874
0.00721039
0.00894035
0.00963196
0.00948105
0.00865995
0.00801333
0.00557863
0.00063883
-0.00620235
-0.00925018
-0.00813134
-0.00634636
-0.00545386
-0.00367093
-0.00105362
0.00150761
0.00191257
0.00331097
0.00531225
0.00563359
0.00573355
0.00581520
0.00428217
0.00065407
-0.00181336
-0.00406957
-0.00743264
-0.00925338
-0.00797934
-0.00509073
-0.00267637
-0.00038241
0.00300401
0.00414541
0.00266235
-0.00089335
-0.00421040
-0.00491012
-0.00626673
-0.00787221
-0.00974698
-0.01151466
-0.01025705
-0.00750818
-0.00517847
-0.00265809
0.00184523
0.00736546
0.01044793
0.01050304
0.00894759
0.00671584
0.00337228
0.00045202
-0.00087400
-0.00060984
0.00013680
0.00142300
0.00389551
0.00641083
0.00866196
0.00899247
0.00616097
0.00208609
-0.00090355
-0.00110245
-0.00179096
-0.00453883
-0.00631671
-0.00440730
-0.00133303
-0.00057109
0.00076715
0.00482061
0.00755019
0.00563775
0.00115382
-0.00385743
-0.00670021
-0.00701031
-0.00501317
-0.00295073
-0.00322002
-0.00225002
-0.00094441
0.00058660
0.00262457
0.00465234
0.00516747
0.00216158
-0.00161857
-0.00384117
-0.00387790
-0.00067206
0.00171068
0.00299385
0.00179740
-0.00073015
-0.00191949
-0.00069858
0.00345181
0.00529496
0.00469931
0.00261139
0.00085086
-0.00011405
-0.00068730
-0.00236010
-0.00387174
-0.00390848
-0.00290991
-0.00204189
-0.00217143
-0.00134728
0.00061316
0.00084267
0.00091918
0.00020009
-0.00016813
-0.00025379
-0.00165425
-0.00349126
-0.00544767
-0.00515801
-0.00384526
-0.00251111
-0.00136360
-0.00107494
-0.00109942
-0.00122794
-0.00227446
-0.00309864
-0.00228877
0.00146685
0.00336714
0.00437184
0.00428108
0.00280922
0.00345999
0.00374152
0.00511545
0.00499513
0.00242984
-0.00024459
-0.00216120
-0.00198373
-0.00224691
-0.00068531
0.00174739
0.00348344
0.00384659
0.00380581
0.00364874
0.00229115
0.00033071
-0.00366157
-0.00564345
-0.00713367
-0.00709289
-0.00692154
-0.00699600
-0.00696337
-0.00697257
-0.00648911
-0.00450929
-0.00194706
-0.00066083
0.00182083
0.00274905
0.00106811
-0.00080564
-0.00117489
-0.00091581
0.00001136
0.00106910
0.00180860
0.00243284
0.00297548
0.00264501
0.00378944
0.00653834
0.00900879
0.01029504
0.00947604
0.00623348
0.00224733
0.00016345
-0.00016398
-0.00016501
-0.00189695
-0.00367483
-0.00474176
-0.00445618
-0.00439395
-0.00601373
-0.00681344
-0.00523959
-0.00120246
0.00272966
0.00435556
0.00369871
0.00216466
-0.00019664
-0.00221522
-0.00368913
-0.00396455
-0.00281910
-0.00206430
-0.00216731
-0.00368200
-0.00409819
-0.00396152
-0.00409106
-0.00331282
-0.00105659
0.00166272
0.00359974
0.00312547
0.00114056
0.00027866
-0.00031192
-0.00177154
-0.00325259
-0.00273138
-0.00164713
0.00003382
0.00244308
0.00305203
0.00198513
0.00030010
-0.00082599
-0.00105855
-0.00164708
-0.00274052
-0.00317811
-0.00516303
-0.00682972
-0.00623102
-0.00409616
-0.00299152
-0.00249579
-0.00122489
0.00074372
0.00196568
0.00182086
0.00189430
0.00190247
0.00116502
-0.00041496
-0.00086991
0.00066926
0.00455953
0.00748491
0.00784500
0.00704739
0.00438725
0.00140375
-0.00102284
-0.00193373
-0.00087193
-0.00003247
-0.00019466
0.00127311
0.00379760
0.00543982
0.00590598
0.00573568
0.00587849
0.00510431
0.00251557
0.00120893
0.00085090
0.00258489
0.00357738
0.00220346
0.00052763
-0.00194996
-0.00378392
-0.00509568
-0.00477951
-0.00328218
-0.00126054
-0.00103716
-0.00102900
-0.00105652
-0.00093516
0.00109567
0.00340086
0.00519302
0.00516447
0.00411696
0.00207186
0.00201473
0.00166794
0.00255330
0.00113453
-0.00374313
-0.00565359
-0.00772220
-0.00716225
-0.00560673
-0.00548332
-0.00482747
-0.00338723
-0.00226624
-0.00165526
-0.00301492
-0.00223668
-0.00083517
-0.00180211
-0.00432865
-0.00692661
-0.00732545
-0.00596890
-0.00296195
-0.00021203
0.00161583
0.00252975
0.00359669
0.00393942
0.00343554
0.00326113
0.00229112
0.00374256
0.00678012
0.00772978
0.00607231
0.00362841
0.00199436
0.00079179
-0.00019863
-0.00152973
-0.00285675
-0.00461929
-0.00740799
-0.00950002
-0.01051494
-0.01079342
-0.01088425
-0.00998158
-0.00866679
-0.00708277
-0.00570066
-0.00366785
-0.00040179
0.00179018
0.00305503
0.00280207
0.00307544
0.00219007
0.00209624
0.00299688
0.00485023
0.00751956
0.00850085
0.00822955
0.00575605
0.00318768
0.00165767
0.00355992
0.00684942
0.00979925
0.01250741
0.01458516
0.01580099
0.01691383
0.01685472
0.01492084
0.01225660
0.01005240
0.00909158
0.00632334
0.00221883
-0.00083199
-0.00264661
-0.00340858
-0.00294043
-0.00100961
0.00235333
0.00491355
0.00585909
0.00592030
0.00593049
0.00767775
0.00987484
0.01069494
0.01238613
0.01297166
0.01373460
0.01316653
0.01185688
0.00810744
0.00283707
-0.00060234
-0.00214464
-0.00321663
-0.00546779
-0.00667748
-0.00854207
-0.01133275
-0.01474061
-0.01753234
-0.02044556
-0.02212451
-0.02320878
-0.02302014
-0.02073948
-0.01965526
-0.01779685
-0.01587928
-0.01314067
-0.00962270
-0.00766419
-0.00621275
-0.00576901
-0.00529678
-0.00228571
-0.00041810
0.00104564
0.00053464
-0.00253248
-0.00333830
-0.00387890
-0.00390849
-0.00333831
-0.00260800
-0.00204394
-0.00125038
-0.00144314
-0.00278240
-0.00458066
-0.00479286
-0.00371777
-0.00222249
-0.00008557
0.00175347
0.00370578
0.00395465
0.00394142
0.00404033
0.00565499
0.00856708
0.00993702
0.01204129
0.01213206
0.01117735
0.00993705
0.00836829
0.00866815
0.01057351
0.01048278
0.00896300
0.00849275
0.00849684
0.00852337
0.00851625
0.00797973
0.00667415
0.00574595
0.00539712
0.00682814
0.00795424
0.00956484
0.00911815
0.00707407
0.00438542
0.00038395
-0.00413053
-0.00842274
-0.01061370
-0.01181329
-0.01220292
-0.01369011
-0.01712646
-0.02125968
-0.02437482
-0.02510405
-0.02462982
-0.02268164
-0.02067539
-0.01686466
-0.01199017
-0.00643013
-0.00068656
0.00436352
0.00960425
0.01257764
0.01399953
0.01459220
0.01579376
0.01581835
0.01560925
0.01569593
0.01619267
0.01749932
0.01930373
0.01941597
0.01670488
0.01317265
0.00964756
0.00723419
0.00671604
0.00697715
0.00662834
0.00569912
0.00300636
0.00195572
0.00241066
0.00354793
0.00344395
0.00116221
-0.00153972
-0.00540759
-0.00788515
-0.01055556
-0.01265064
-0.01341055
-0.01537812
-0.01748039
-0.01986823
-0.02133300
-0.02160436
-0.02150349
-0.02167389
-0.02026423
-0.01696664
-0.01370061
-0.01045706
-0.00717365
-0.00349760
-0.00103221
-0.00002955
0.00010206
0.00153206
0.00313146
0.00485525
0.00588142
0.00826105
0.00989422
0.01034507
0.01267162
0.01420571
0.01498501
0.01538793
0.01458213
0.01288182
0.01089590
0.00956788
0.01006968
0.00991877
0.00795223
0.00307975
-0.00256394
-0.00776489
-0.01183376
-0.01462756
-0.01577710
-0.01575673
-0.01503257
-0.01291304
-0.01108520
-0.00889122
-0.00600362
-0.00248975
0.00172593
0.00632919
0.00807446
0.00855184
0.00760429
0.00672709
0.00683933
0.00615390
0.00556228
0.00478300
0.00539805
0.00593356
0.00551842
0.00540725
0.00594378
0.00495338
0.00371303
0.00398028
0.00548885
0.00754009
0.00757070
0.00665275
0.00490040
0.00179352
-0.00076570
-0.00162963
-0.00058621
0.00065211
0.00063477
-0.00158672
-0.00478956
-0.00681422
-0.00872776
-0.01135215
-0.01624411
-0.02194997
-0.02679097
-0.02983160
-0.03193815
-0.03429644
-0.03659027
-0.03816725
-0.03821931
-0.03604987
-0.03028073
-0.02294499
-0.01609873
-0.01149246
-0.00787852
-0.00532449
-0.00253066
0.00136569
0.00363016
0.00477356
0.00281421
0.00203792
0.00499695
0.00896571
0.01319265
0.01706456
0.01849160
0.01900056
0.01951576
0.01944026
0.02116711
0.02314080
0.02498605
0.02532983
0.02523399
0.02521771
0.02346754
0.02164996
0.01815944
0.01132756
0.00343477
-0.00424377
-0.00993750
-0.01235392
-0.01318226
-0.01179411
-0.00826187
-0.00471843
-0.00156256
0.00249700
0.00740730
0.01224005
0.01520225
0.01542262
0.01349788
0.01077860
0.00802563
0.00456070
0.00203004
0.00228500
0.00494107
0.00687807
0.00613960
0.00561124
0.00503597
0.00462386
0.00658021
0.00950555
0.01238920
0.01349900
0.01345915
0.01339287
0.01420070
0.01567361
0.01681499
0.01584402
0.01271775
0.00706293
0.00027784
-0.00359816
-0.00431324
-0.00413474
-0.00377981
-0.00411640
-0.00367172
-0.00292711
-0.00216212
-0.00106560
0.00030426
0.00071638
-0.00068407
-0.00288824
-0.00564533
-0.00868693
-0.01272003
-0.01640834
-0.01935315
-0.02235911
-0.02401668
-0.02290190
-0.01922799
-0.01361090
-0.00766115
-0.00250098
0.00087018
0.00079370
0.00008482
-0.00104431
-0.00118610
0.00034388
0.00326415
0.00643127
0.00822754
0.00776250
0.00389265
0.00056444
-0.00439991
-0.00949072
-0.01382063
-0.01869317
-0.02156761
-0.02255502
-0.02237655
-0.02100879
-0.01919020
-0.01689628
-0.01242457
-0.00925749
-0.00738475
-0.00598022
-0.00459096
-0.00242855
-0.00303848
-0.00558031
-0.00890139
-0.01193896
-0.01389533
-0.01526624
-0.01602614
-0.01587524
-0.01488486
-0.01347732
-0.01240220
-0.01191675
-0.01049284
-0.00747373
-0.00239310
0.00398488
0.00929306
0.01452257
0.01905039
0.02154428
0.02384855
0.02598036
0.02713198
0.02689129
0.02551644
0.02426696
0.02289911
0.02165472
0.02079387
0.02093972
0.02110701
0.02196177
0.02383971
0.02670696
0.02978218
0.02994852
0.02755463
0.02331355
0.01801054
0.01356133
0.01051150
0.00932421
0.01002489
0.01108980
0.01143047
0.01145089
0.01311958
0.01521980
0.01872765
0.02041589
0.01929693
0.01504576
0.00570054
-0.00603852
-0.01654770
-0.02311239
-0.02833091
-0.03233544
-0.03670416
-0.03956431
-0.04057429
-0.03929226
-0.03535619
-0.03068568
-0.02626419
-0.02496164
-0.02474519
-0.02498493
-0.02397205
-0.02077135
-0.01705748
-0.01363340
-0.01125678
-0.00884962
-0.00561310
-0.00113433
0.00281109
0.00502855
0.00641581
0.00752658
0.00738588
0.00822124
0.00979203
0.01262251
0.01644756
0.01979012
0.02137933
0.02030025
0.01658448
0.01113365
0.00608666
0.00076535
-0.00203357
-0.00480795
-0.00644509
-0.00800770
-0.01173180
-0.01565370
-0.01998664
-0.02355055
-0.02486642
-0.02486341
-0.02422796
-0.02352423
-0.02102734
-0.01700454
-0.01311625
-0.00876908
-0.00554891
-0.00185758
0.00123102
0.00524672
0.00826602
0.00891779
0.00857815
0.00891675
0.01094352
0.01335578
0.01632401
0.01917388
0.02268686
0.02490743
0.02517163
0.02511862
0.02516969
0.02501165
0.02348168
0.02068389
0.01613479
0.01095933
0.00582658
0.00219845
-0.00018740
0.00045415
0.00274709
0.00351006
0.00473916
0.00380283
0.00241254
0.00155474
0.00051839
-0.00086473
-0.00143087
-0.00049147
0.00161786
0.00502772
0.00816727
0.01159041
0.01403334
0.01511460
0.01546345
0.01483826
0.01360207
0.01162234
0.00770656
0.00128576
-0.00502502
-0.01062988
-0.01555656
-0.02002208
-0.02506414
-0.02985511
-0.03433490
-0.03724298
-0.03922087
-0.03867935
-0.03667712
-0.03388652
-0.02817767
-0.02234745
-0.01639670
-0.01061440
-0.00458411
0.00043323
0.00425220
0.00580566
0.00556502
0.00634629
0.00931346
0.01419821
0.01796515
0.02206353
0.02506139
0.02463207
0.02175681
0.01733109
0.01392936
0.01172313
0.00980859
0.00783797
0.00577247
0.00283489
0.00126405
-0.00011703
-0.00110340
-0.00187451
-0.00389924
-0.00629318
-0.00821184
-0.00761110
-0.00535593
-0.00211133
0.00138014
0.00522658
0.00578457
0.00577235
0.00515629
0.00412511
0.00295317
-0.00135423
-0.00818313
-0.01646653
-0.02380042
-0.02791825
-0.02873432
-0.02752981
-0.02417616
-0.01905486
-0.01235445
-0.00464232
0.00217950
0.00709995
0.01131466
0.01530080
0.01837218
0.02034794
0.02166576
0.02252767
0.02179639
0.02144755
0.02145062
0.02168318
0.02242071
0.02318979
0.02517876
0.02550520
0.02720863
0.02888354
0.02832461
0.02656315
0.02524540
0.02386745
0.02274537
0.02049943
0.01779540
0.01339013
0.00933760
0.00592172
0.00084002
-0.00167934
-0.00432732
-0.00705167
-0.01069416
-0.01423963
-0.01828096
-0.02158576
-0.02371474
-0.02445426
-0.02389421
-0.02328423
-0.02374633
-0.02484178
-0.02706027
-0.03075063
-0.03322221
-0.03475020
-0.03565490
-0.03772043
-0.04070401
-0.04211784
-0.04153445
-0.03944360
-0.03362771
-0.02681116
-0.01883259
-0.01198640
-0.00719841
-0.00565414
-0.00584072
-0.00578977
-0.00561329
-0.00473922
-0.00242990
-0.00002173
0.00193061
0.00356257
0.00526295
0.00752732
0.00898603
0.01091177
0.01244280
0.01350358
0.01507444
0.01604346
0.01497149
0.01308961
0.01054476
0.00729197
0.00415136
0.00295584
0.00397377
0.00702554
0.01019979
0.01182055
0.01360765
0.01584448
0.01825675
0.02173899
0.02635453
0.03125667
0.03428103
0.03627825
0.03755442
0.03911202
0.04062059
0.04117051
0.04003333
0.03762629
0.03257430
0.02550176
0.01820886
0.01011009
0.00306465
-0.00394061
-0.01193144
-0.02066051
-0.02835244
-0.03639302
-0.04319765
-0.04750814
-0.05054773
-0.05245717
-0.05442079
-0.05630679
-0.05647002
-0.05487582
-0.05260041
-0.04994031
-0.04729629
-0.04488612
-0.04309092
-0.04089294
-0.03748811
-0.03209042
-0.02484435
-0.01486278
-0.00371915
0.00795765
0.01962047
0.03033038
0.04053256
0.04778473
0.05293918
0.05527603
0.05434463
0.05171308
0.04684874
0.04081042
0.03162936
0.02423646
0.01798589
0.01328472
0.01181686
0.01114673
0.01320914
0.01494929
0.01607331
0.01718310
0.01772375
0.01686089
0.01517067
0.01326537
0.01062456
0.00771865
0.00451377
0.00139772
-0.00046893
-0.00247113
-0.00437756
-0.00702744
-0.01133089
-0.01599529
-0.02175429
-0.02633509
-0.03010221
-0.03248088
-0.03257051
-0.03131391
-0.02921170
-0.02728699
-0.02535814
-0.02329063
-0.02173822
-0.02206668
-0.02300501
-0.02480433
-0.02582945
-0.02575812
-0.02545414
-0.02450970
-0.02335003
-0.01892641
-0.01287669
-0.00454956
0.00647264
0.01528128
0.02447973
0.03089346
0.03517662
0.03843043
0.04016853
0.03987278
0.03735961
0.03339799
0.02754525
0.02248301
0.01839288
0.01556034
0.01305716
0.01208509
0.01199225
0.01282048
0.01439635
0.01630477
0.01797048
0.01846418
0.01924852
0.01978201
0.02014719
0.02071334
0.01976168
0.01824807
0.01539722
0.01146722
0.00686490
0.00071742
-0.00422557
-0.00809850
-0.00961736
-0.00929708
-0.00836283
-0.00738158
-0.00636160
-0.00558842
-0.00542117
-0.00454804
-0.00465618
-0.00440525
-0.00361785
-0.00360456
-0.00375143
-0.00477140
-0.00613516
-0.00736423
-0.00944096
-0.01234386
-0.01399427
-0.01524376
-0.01698285
-0.01811810
-0.02011938
-0.02203699
-0.02395970
-0.02409439
-0.02254918
-0.02010327
-0.01645363
-0.01283063
-0.00957680
-0.00793054
-0.00743580
-0.00777852
-0.00865981
-0.00972165
-0.01062024
-0.01211865
-0.01260419
-0.01172196
-0.00960851
-0.00604369
-0.00197489
0.00401655
0.00958273
0.01481937
0.01886578
0.02165038
0.02294276
0.02340177
0.02289899
0.02347020
0.02296529
0.02180964
0.02282253
0.02269608
0.02317650
0.02289095
0.02192612
0.02006467
0.01723818
0.01335613
0.00872429
0.00446992
-0.00005892
-0.00428375
-0.00710820
-0.00898399
-0.00951545
-0.00915337
-0.00769991
-0.00613320
-0.00482761
-0.00354650
-0.00273561
-0.00291307
-0.00432882
-0.00551712
-0.00746330
-0.00698597
-0.00480522
-0.00118731
0.00198695
0.00401879
0.00629748
0.00707780
0.00807029
0.00777452
0.00644036
0.00520313
0.00268986
0.00000522
-0.00205826
-0.00270904
-0.00113113
0.00100883
0.00208289
0.00261941
0.00330282
0.00408720
0.00563453
0.00617108
0.00696363
0.00680047
0.00575803
0.00532968
0.00328050
0.00176991
0.00042247
-0.00196633
-0.00461939
-0.00663080
-0.00860350
-0.00994988
-0.01139322
-0.01368104
-0.01656153
-0.01950013
-0.02296819
-0.02465634
-0.02420146
-0.02340895
-0.02185355
-0.02132418
-0.02053872
-0.02057852
-0.02052244
-0.02071728
-0.02161079
-0.02094174
-0.01984121
-0.01759830
-0.01539709
-0.01230454
-0.00801339
-0.00321434
0.00175210
0.00648080
0.00973477
0.01060589
0.00961442
0.00751222
0.00411666
0.00049873
-0.00209309
-0.00478794
-0.00573248
-0.00740122
-0.00811317
-0.00768380
-0.00579477
-0.00209426
0.00238968
0.00595150
0.00838528
0.01024472
0.01104441
0.01226125
0.01318642
0.01448894
0.01553548
0.01624335
0.01793354
0.01955024
0.02102923
0.02209004
0.02243077
0.02236960
0.02183412
0.02055506
0.01871915
0.01895070
0.01972173
0.02031846
0.02045616
0.02021037
0.01926991
0.01784095
0.01663431
0.01469944
0.01207901
0.00718719
0.00189436
-0.00330860
-0.00844845
-0.01243867
-0.01541414
-0.01719201
-0.01768265
-0.01618837
-0.01353438
-0.01035913
-0.00716245
-0.00550594
-0.00501942
-0.00525604
-0.00492046
-0.00420338
-0.00414729
-0.00389124
-0.00522949
-0.00686451
-0.00952882
-0.01245419
-0.01564164
-0.01877202
-0.02066824
-0.02206564
-0.02295101
-0.02342737
-0.02352332
-0.02331732
-0.02229729
-0.01946482
-0.01567042
-0.01274714
-0.00943313
-0.00614774
-0.00349062
-0.00142411
-0.00016845
0.00084032
0.00154721
0.00235911
0.00384426
0.00450829
0.00445223
0.00291714
0.00195936
0.00081290
-0.00162081
-0.00319161
-0.00549069
-0.00718493
-0.00839063
-0.00924542
-0.00903017
-0.00810405
-0.00652611
-0.00443923
-0.00260525
-0.00049388
0.00112999
0.00242638
0.00406045
0.00538541
0.00642585
0.00705824
0.00745606
0.00797319
0.00851589
0.00829251
0.00846488
0.00776211
0.00672785
0.00580985
0.00460727
0.00282634
0.00180429
0.00228468
0.00237137
0.00479280
0.00735916
0.00900338
0.01125864
0.01275395
0.01419739
0.01513275
0.01585788
0.01618533
0.01624245
0.01537549
0.01400153
0.01251033
0.01086508
0.00849362
0.00530711
0.00214718
-0.00114236
-0.00264482
-0.00353940
-0.00275401
-0.00247965
-0.00226138
-0.00166263
-0.00247762
-0.00248783
-0.00244193
-0.00255108
-0.00185443
-0.00088748
0.00016820
0.00100767
0.00188383
0.00339547
0.00533651
0.00805176
0.01064765
0.01364450
0.01606194
0.01709108
0.01711969
0.01639960
0.01359978
0.00890675
0.00279700
-0.00203581
-0.00493770
-0.00734393
-0.00847002
-0.00830687
-0.00854454
-0.00795297
-0.00699724
-0.00571412
-0.00425552
-0.00292236
-0.00241235
-0.00312022
-0.00424222
-0.00487054
-0.00580588
-0.00700136
-0.00706156
-0.00758074
-0.00637105
-0.00561423
-0.00361508
-0.00052038
0.00165423
0.00467348
0.00721330
0.00879430
0.00992244
0.01020705
0.01018769
0.00964608
0.00833541
0.00703594
0.00622607
0.00634131
0.00557429
0.00540905
0.00570691
0.00514387
0.00481647
0.00434422
0.00358946
0.00253169
0.00188607
0.00026732
-0.00235913
-0.00571496
-0.00824352
-0.01130664
-0.01410146
-0.01498685
-0.01519089
-0.01420461
-0.01203002
-0.00888740
-0.00648328
-0.00367420
-0.00236960
-0.00100482
-0.00046420
-0.00072939
-0.00044479
-0.00144947
-0.00272445
-0.00426772
-0.00633628
-0.00815291
-0.00837530
-0.00723292
-0.00650464
-0.00646689
-0.00647302
-0.00661890
-0.00750630
-0.00783779
-0.00762361
-0.00719522
-0.00654142
-0.00641084
-0.00656386
-0.00625992
-0.00552860
-0.00537355
-0.00378851
-0.00172504
0.00019152
0.00162874
0.00230398
0.00233973
0.00289868
0.00359024
0.00438174
0.00548846
0.00638503
0.00730406
0.00718065
0.00731429
0.00706032
0.00615252
0.00456745
0.00244483
0.00121879
-0.00024390
-0.00064987
-0.00048362
0.00120242
0.00253047
0.00408290
0.00595665
0.00705927
0.00890854
0.00945426
0.00963075
0.00884233
0.00657384
0.00390248
0.00130657
-0.00131482
-0.00329978
-0.00333855
-0.00246240
-0.00059173
0.00165737
0.00245400
0.00360354
0.00375962
0.00305377
0.00304256
0.00290283
0.00158806
0.00104949
0.00062823
0.00061190
0.00095667
0.00095769
0.00073330
-0.00000213
-0.00035401
-0.00178202
-0.00244195
-0.00305804
-0.00420758
-0.00442485
-0.00506439
-0.00550608
-0.00538471
-0.00543060
-0.00543470
-0.00486147
-0.00361097
-0.00220336
-0.00158933
-0.00082433
-0.00047446
-0.00047853
-0.00060808
0.00031809
0.00150435
0.00202150
0.00257332
0.00235302
0.00251418
0.00236934
0.00263862
0.00345361
0.00287223
0.00172778
0.00147279
0.00091588
-0.00016837
-0.00163921
-0.00340585
-0.00491444
-0.00614355
-0.00629453
-0.00644244
-0.00607017
-0.00548675
-0.00451060
-0.00335394
-0.00283271
-0.00224827
-0.00255835
-0.00169749
-0.00133028
-0.00001145
0.00097797
0.00223050
0.00425113
0.00689802
0.00906861
0.01018449
0.01139936
0.01135247
0.01061093
0.00898917
0.00711645
0.00531413
0.00386163
0.00343730
0.00353012
0.00352605
0.00347809
0.00360662
0.00284774
0.00263558
0.00361376
0.00291916
0.00231124
0.00159725
0.00156765
0.00158500
0.00159928
0.00145242
0.00044975
-0.00053556
-0.00092930
-0.00120776
-0.00196256
-0.00296725
-0.00390872
-0.00497257
-0.00524595
-0.00583449
-0.00632412
-0.00614970
-0.00625781
-0.00615377
-0.00678414
-0.00787859
-0.00873744
-0.00988088
-0.01008901
-0.01021143
-0.00931891
-0.00740441
-0.00516653
-0.00251558
-0.00025422
0.00236308
0.00510692
0.00682155
0.00767836
0.00854436
0.00853725
0.00839142
0.00739183
0.00642591
0.00544368
0.00449101
0.00292121
0.00095670
0.00016618
-0.00060392
-0.00106905
-0.00199317
-0.00200339
-0.00185038
-0.00226349
-0.00231754
-0.00324167
-0.00352422
-0.00391897
-0.00372313
-0.00408321
-0.00405366
-0.00254201
-0.00142002
0.00022932
0.00170425
0.00177873
0.00170836
0.00180017
0.00168289
0.00187975
0.00094546
-0.00037238
-0.00189828
-0.00342422
-0.00403521
-0.00425047
-0.00537449
-0.00723394
-0.00811318
-0.00921072
-0.00982477
-0.00878336
-0.00802143
-0.00783683
-0.00698207
-0.00703917
-0.00698717
-0.00660875
-0.00674136
-0.00606612
-0.00545312
-0.00429951
-0.00406185
-0.00386497
-0.00351716
-0.00302450
-0.00184336
-0.00113444
-0.00107223
-0.00111914
-0.00106203
-0.00113955
-0.00049186
0.00015177
0.00084740
0.00089740
0.00086680
0.00049452
0.00018953
-0.00014197
-0.00005732
-0.00010016
-0.00006754
-0.00007467
-0.00051124
-0.00016954
0.00009156
0.00151039
0.00211014
0.00303529
0.00384722
0.00403083
0.00441130
0.00479179
0.00430425
0.00320061
0.00170937
0.00000699
-0.00160870
-0.00267563
-0.00307040
-0.00273484
-0.00206983
-0.00079993
0.00088610
0.00266295
0.00518336
0.00671442
0.00849943
0.00886674
0.00877189
0.00885344
0.00865251
0.00779265
0.00750604
0.00693891
0.00587302
0.00530590
0.00478672
0.00498764
0.00536606
0.00686750
0.00780388
0.00852604
0.00836083
0.00701548
0.00514073
0.00355053
0.00187468
0.00042524
-0.00021532
-0.00088344
-0.00098851
-0.00073251
0.00004984
0.00006513
0.00004779
0.00007635
0.00005085
0.00006615
0.00060368
0.00178892
0.00256923
0.00339849
0.00322305
0.00365146
0.00390750
0.00297726
0.00303439
0.00305684
0.00243466
0.00183286
0.00043345
-0.00236238
-0.00415453
-0.00466557
-0.00550299
-0.00521846
-0.00465542
-0.00488185
-0.00467886
-0.00544081
-0.00582637
-0.00612014
-0.00649449
-0.00621197
-0.00544495
-0.00486354
-0.00456163
-0.00379663
-0.00378337
-0.00377930
-0.00379971
-0.00372833
-0.00439949
-0.00485133
-0.00469834
-0.00481054
-0.00417204
-0.00306635
-0.00224426
-0.00048067
0.00037305
0.00183574
0.00392366
0.00585353
0.00767015
0.00864632
0.00948274
0.00905950
0.00826801
0.00614537
0.00478165
0.00230203
0.00052620
-0.00054380
-0.00069988
0.00023443
0.00010896
0.00078113
0.00141047
0.00211224
0.00215815
0.00212959
0.00214694
0.00216225
0.00157984
0.00088929
0.00023650
0.00016305
0.00020284
0.00021814
-0.00039691
-0.00090896
-0.00067538
-0.00142201
-0.00188103
-0.00109564
-0.00072741
-0.00077740
-0.00082126
-0.00056219
-0.00037246
-0.00102832
-0.00174232
-0.00172499
-0.00182394
-0.00149449
-0.00143023
-0.00165158
-0.00074890
-0.00019299
0.00032414
0.00069135
0.00155529
0.00202756
0.00244065
0.00306697
0.00337399
0.00409409
0.00470405
0.00585258
0.00556598
0.00483566
0.00407986
0.00249479
0.00158801
0.00048334
0.00020181
0.00020996
0.00035377
0.00140436
0.00215304
0.00276098
0.00343112
0.00411043
0.00415533
0.00416350
0.00357397
0.00290587
0.00210214
0.00099952
-0.00028771
-0.00152193
-0.00127508
-0.00168208
-0.00173206
-0.00174023
-0.00170758
-0.00175656
-0.00208907
-0.00256642
-0.00433406
-0.00530003
-0.00631391
-0.00670561
-0.00656485
-0.00668218
-0.00656081
-0.00669850
-0.00653429
-0.00675054
-0.00633440
-0.00630991
-0.00669141
-0.00605394
-0.00545317
-0.00588563
-0.00467084
-0.00436178
-0.00442098
-0.00211067
-0.00091015
0.00086977
0.00187141
0.00236714
0.00332593
0.00426946
0.00531700
0.00611365
0.00553533
0.00494479
0.00530077
0.00436746
0.00379729
0.00320875
0.00221323
0.00194598
0.00182765
0.00223872
0.00227951
0.00333519
0.00470200
0.00538746
0.00604945
0.00612290
0.00606580
0.00611070
0.00608216
0.00598423
0.00490101
0.00403911
0.00290998
0.00222860
0.00207662
0.00242035
0.00251829
0.00208886
0.00168496
0.00036711
0.00074554
-0.00043359
-0.00023878
0.00031814
0.00017025
0.00007131
-0.00081608
-0.00076918
-0.00074877
-0.00138933
-0.00186669
-0.00168616
-0.00235730
-0.00302949
-0.00360985
-0.00452888
-0.00579470
-0.00559889
-0.00588958
-0.00666685
-0.00666584
-0.00667603
-0.00666686
-0.00667911
-0.00666687
-0.00668116
-0.00666893
-0.00668629
-0.00666386
-0.00671486
-0.00610696
-0.00542051
-0.00480649
-0.00410881
-0.00352028
-0.00276244
-0.00280528
-0.00269405
-0.00345395
-0.00353452
-0.00246965
-0.00331521
-0.00320915
-0.00213203
-0.00103351
0.00099529
0.00232025
0.00372787
0.00604021
0.00638295
0.00596884
0.00590870
0.00487443
0.00347396
0.00243255
0.00131769
-0.00014498
-0.00075496
-0.00146997
-0.00194021
-0.00160566
-0.00086922
-0.00041429
-0.00021030
0.00028237
-0.00057850
-0.00083554
-0.00147815
-0.00189635
-0.00194734
-0.00288473
-0.00275826
-0.00288066
-0.00275520
-0.00291739
-0.00216667
-0.00178723
-0.00186984
-0.00184945
-0.00174031
-0.00065402
0.00005285
0.00070360
0.00131867
0.00206021
0.00202350
0.00213774
0.00138397
0.00107390
0.00044864
0.00005492
-0.00049792
-0.00097222
-0.00099873
-0.00192796
-0.00184127
-0.00188615
-0.00188718
-0.00184026
-0.00236864
-0.00189843
-0.00193615
-0.00167402
-0.00096103
-0.00070910
0.00003857
0.00022522
0.00118708
0.00220504
0.00341885
0.00364733
0.00421548
0.00491724
0.00501722
0.00431343
0.00391972
0.00343728
0.00227650
0.00182976
0.00091380
-0.00071207
-0.00217068
-0.00340488
-0.00421887
-0.00460546
-0.00435352
-0.00392819
-0.00388230
-0.00332947
-0.00260527
-0.00200246
-0.00185048
-0.00203001
-0.00128540
-0.00034293
0.00031089
0.00091064
0.00162873
0.00303530
0.00374014
0.00402268
0.00520487
0.00519672
0.00503149
0.00539667
0.00411045
0.00442665
0.00378408
0.00297318
0.00232343
0.00190625
0.00141155
0.00082811
0.00110656
0.00033240
-0.00021535
-0.00098137
-0.00098342
-0.00097322
-0.00101097
-0.00052239
-0.00051219
-0.00086204
-0.00167296
-0.00197488
-0.00256647
-0.00306934
-0.00276334
-0.00191675
-0.00262360
-0.00289800
-0.00144857
-0.00197489
-0.00185352
-0.00039391
0.00062610
0.00119832
0.00189192
0.00200005
0.00130034
0.00085255
0.00113509
0.00195721
0.00187766
0.00200311
0.00178994
0.00236316
0.00323630
0.00297314
0.00353210
0.00369836
0.00414716
0.00478874
0.00493053
0.00474796
0.00513049
0.00516926
0.00484692
0.00413804
0.00260090
0.00143505
0.00014678
-0.00042544
-0.00077939
-0.00104255
-0.00104051
-0.00141077
-0.00173922
-0.00205032
-0.00198913
-0.00245017
-0.00210951
-0.00193101
-0.00212379
-0.00132717
-0.00143937
-0.00111502
-0.00100689
-0.00104361
-0.00104362
-0.00101710
-0.00108544
-0.00085289
-0.00007565
0.00048942
0.00165427
0.00189397
0.00246212
0.00315675
0.00377996
0.00405129
0.00440014
0.00472757
0.00491831
0.00463171
0.00374942
0.00264375
0.00194504
0.00172269
0.00035487
-0.00037035
-0.00094870
-0.00117617
-0.00074472
-0.00077838
-0.00048054
0.00001926
0.00044460
0.00113209
0.00015799
-0.00002052
-0.00029999
-0.00086712
-0.00007051
-0.00005521
-0.00010723
0.00008758
0.00106372
0.00193787
0.00181957
0.00198686
0.00164107
0.00099644
0.00066799
0.00043850
-0.00018677
-0.00109967
-0.00088956
-0.00002052
-0.00014496
0.00013656
0.00090055
0.00048847
0.00080059
0.00098828
0.00083732
0.00057825
0.00014883
-0.00004190
-0.00065492
-0.00172999
-0.00219511
-0.00362617
-0.00404950
-0.00451360
-0.00516743
-0.00423721
-0.00398833
-0.00384045
-0.00284188
-0.00188207
-0.00087329
0.00006103
0.00111675
0.00187665
0.00191543
0.00186545
0.00192767
0.00185627
0.00193788
0.00184915
0.00194401
0.00184711
0.00194503
0.00185324
0.00193178
0.00262744
0.00049565
-0.00038664
-0.00150661
-0.00235932
-0.00300601
-0.00424529
-0.00542136
-0.00671982
-0.00700545
-0.00801526
-0.00773374
-0.00819274
-0.00820604
-0.00739106
-0.00774501
-0.00539290
-0.00569176
-0.00593965
-0.00464116
-0.00407814
-0.00333149
-0.00232987
-0.00150365
-0.00140778
-0.00033882
0.00055776
0.00163081
0.00197455
0.00186338
0.00239990
0.00194907
0.00233870
0.00286811
0.00206741
0.00181036
0.00204394
0.00165125
0.00105353
0.00066389
0.00062614
0.00097295
0.00108820
0.00194602
0.00201537
0.00313942
0.00381977
0.00408497
0.00484487
0.00491019
0.00469294
0.00376472
0.00279164
0.00321086
0.00317006
0.00349748
0.00395036
0.00402993
0.00447057
0.00433592
0.00482451
0.00493265
0.00426150
0.00368112
0.00277436
0.00189205
0.00200731
0.00131982
0.00075883
-0.00018672
-0.00097212
-0.00159535
-0.00207578
-0.00193810
-0.00144648
-0.00068046
-0.00010212
0.00017226
0.00110555
0.00210006
0.00310884
0.00388305
0.00449404
0.00461439
0.00409727
0.00396263
0.00327007
0.00285900
0.00255505
0.00223783
0.00187166
0.00204913
0.00128618
0.00095671
0.00039470
-0.00012756
0.00009073
-0.00051210
-0.00001741
-0.00003271
0.00016925
0.00100259
0.00095466
0.00102300
0.00081698
-0.00003370
0.00006423
-0.00059978
-0.00162997
-0.00259184
-0.00359348
-0.00400762
-0.00382810
-0.00401582
-0.00366393
-0.00301213
-0.00270512
-0.00200947
-0.00175549
-0.00097723
-0.00096294
-0.00096090
-0.00111084
-0.00157289
-0.00178811
-0.00208493
-0.00179015
-0.00224506
-0.00278872
-0.00320795
-0.00419327
-0.00474713
-0.00502151
-0.00526835
-0.00593951
-0.00587016
-0.00579979
-0.00598544
-0.00513070
-0.00496545
-0.00403523
-0.00292036
-0.00228899
-0.00192076
-0.00133223
-0.00090790
-0.00081203
-0.00009700
-0.00061517
-0.00024491
0.00017328
0.00118716
0.00196032
0.00211537
0.00301807
0.00287120
0.00317515
0.00389835
0.00399729
0.00373312
0.00299057
0.00278148
0.00239184
0.00209501
0.00187060
0.00262744
0.00345976
0.00301607
0.00291611
0.00300486
0.00288042
0.00319254
0.00332821
0.00284678
0.00303039
0.00289473
0.00260813
0.00222870
0.00144332
0.00008671
-0.00095368
-0.00155753
-0.00205019
-0.00186558
-0.00200327
-0.00186966
-0.00203592
-0.00127807
-0.00090576
-0.00097410
-0.00096696
-0.00092310
-0.00155650
-0.00207673
-0.00179825
-0.00266117
-0.00245003
-0.00347615
-0.00398106
-0.00443700
-0.00503677
-0.00476752
-0.00497662
-0.00477160
-0.00512553
-0.00568757
-0.00484711
-0.00493992
-0.00468392
-0.00392506
-0.00375269
-0.00286628
-0.00343239
-0.00280612
-0.00191975
-0.00184325
-0.00076002
0.00002030
-0.00003682
0.00064047
0.00106173
0.00098729
0.00092404
0.00168294
0.00137491
0.00150650
0.00155853
0.00062116
0.00011116
-0.00005204
0.00003874
0.00000916
-0.00002960
0.00010403
-0.00069055
-0.00093331
-0.00124442
-0.00123728
-0.00158714
-0.00185236
-0.00098639
-0.00035093
0.00004279
0.00017335
0.00084146
-0.00001840
-0.00002147
0.00059869
0.00109645
0.00089858
0.00106892
0.00076191
0.00003158
-0.00004798
0.00008462
-0.00026014
-0.00033257
0.00002546
0.00058034
0.00108627
0.00092001
0.00099958
0.00097918
0.00092002
0.00162280
0.00146676
0.00065076
0.00007140
-0.00007141
0.00005711
-0.00009896
0.00023662
0.00035189
-0.00010711
-0.00037334
-0.00019178
0.00028660
0.00031109
-0.00008264
0.00002956
-0.00005918
0.00006119
-0.00066301
-0.00103531
-0.00155245
-0.00212876
-0.00185337
-0.00211449
-0.00128321
-0.00055901
-0.00033768
0.00061705
0.00108319
0.00083024
0.00122701
0.00141470
0.00195632
0.00173805
0.00098325
0.00089859
0.00115052
0.00192062
0.00195327
0.00188902
0.00210117
0.00293862
0.00286213
0.00299676
0.00222362
0.00205736
0.00237664
0.00164836
0.00085584
-0.00010807
-0.00037531
-0.00076393
-0.00104954
-0.00098120
-0.00107709
-0.00037534
0.00001839
0.00008774
0.00056919
0.00079359
0.00065692
0.00013468
0.00005207
-0.00073436
-0.00099344
-0.00165747
-0.00204304
-0.00202876
-0.00180539
-0.00105467
-0.00093329
-0.00169931
-0.00199308
-0.00221953
-0.00235929
-0.00194415
-0.00146783
-0.00032033
0.00056196
0.00160441
0.00212155
0.00298550
0.00423399
0.00542026
0.00570281
0.00594559
0.00516021
0.00479300
0.00487053
0.00483893
0.00516534
0.00386993
0.00353334
0.00252762
0.00181159
0.00139134
0.00062941
0.00000516
-0.00007848
-0.00003973
-0.00004381
-0.00007237
-0.00000913
-0.00011725
0.00005615
-0.00031615
-0.00090877
-0.00133105
-0.00171764
-0.00173091
-0.00188086
-0.00101590
-0.00103733
-0.00050795
0.00030192
0.00075174
0.00167893
0.00183398
0.00217466
0.00264795
0.00198803
0.00167081
0.00100782
0.00027545
-0.00011419
-0.00002749
-0.00007033
-0.00002851
-0.00010604
0.00057022
0.00060695
0.00062531
0.00043458
0.00001740
-0.00012744
0.00018060
0.00032035
-0.00015905
0.00001537
-0.00010498
-0.00000197
-0.00010397
0.00001945
-0.00025390
-0.00101278
-0.00146567
-0.00164927
-0.00271108
-0.00302322
-0.00298753
-0.00297020
-0.00302937
-0.00281416
-0.00198797
-0.00203387
-0.00196757
-0.00208386
-0.00135150
-0.00099960
-0.00045798
0.00018359
0.00108630
0.00188700
0.00293148
0.00362406
0.00451352
0.00488787
0.00544174
0.00538260
0.00459519
0.00521433
0.00470126
0.00419433
0.00317841
0.00285916
0.00288159
0.00294892
0.00226553
0.00183407
0.00195341
0.00189629
0.00192282
0.00192384
0.00189528
0.00196669
0.00173006
0.00094568
0.00092425
0.00097218
0.00088242
0.00113843
0.00190954
0.00194014
0.00189527
0.00195647
0.00187894
0.00197789
0.00185141
0.00203299
0.00124351
0.00051625
0.00023677
-0.00002945
-0.00022530
-0.00043951
0.00013372
-0.00071083
-0.00106683
-0.00096992
-0.00105051
-0.00094749
-0.00110559
-0.00032937
-0.00000501
0.00002968
-0.00066902
-0.00105865
-0.00100257
-0.00097606
-0.00097404
0.00046517
0.00079668
0.00102108
0.00142910
0.00076611
0.00113740
0.00022248
0.00003072
-0.00067918
-0.00100252
-0.00161349
-0.00201844
-0.00255699
-0.00262741
-0.00280897
-0.00303132
-0.00290483
-0.00297215
-0.00295378
-0.00290890
-0.00313635
-0.00391360
-0.00396563
-0.00384526
-0.00417778
-0.00427163
-0.00384936
-0.00395646
-0.00391771
-0.00381879
-0.00230716
-0.00177266
-0.00081387
0.00000214
0.00000418
-0.00002845
0.00005825
-0.00063025
-0.00107396
-0.00089852
-0.00161557
-0.00162272
-0.00178489
-0.00211844
-0.00164822
-0.00165230
-0.00200318
-0.00193585
-0.00198482
-0.00105763
-0.00180426
-0.00201744
-0.00234894
-0.00206028
-0.00190932
-0.00184404
-0.00090054
-0.00102803
-0.00093113
-0.00097498
-0.00152884
-0.00211025
-0.00180426
-0.00213066
-0.00146256
-0.00117898
-0.00276304
-0.00287117
-0.00314045
-0.00374329
-0.00291099
-0.00239589
-0.00161356
-0.00109029
-0.00070373
-0.00007847
0.00027037
0.00077732
0.00060596
0.00073041
0.00018981
0.00020205
0.00097216
0.00106907
0.00075389
0.00107519
0.00118739
0.00087119
0.00123328
0.00195137
0.00200136
0.00196159
0.00200036
0.00155463
0.00132717
0.00088550
0.00155360
0.00084777
0.00003686
-0.00003047
0.00024901
0.00040201
-0.00008249
0.00009600
-0.00003456
0.00010416
-0.00060269
-0.00105660
-0.00085055
-0.00160943
-0.00199296
-0.00190626
-0.00193992
-0.00193787
-0.00180937
-0.00074958
0.00001747
0.00045098
0.00067436
0.00124862
0.00196059
0.00201160
0.00195755
0.00203609
0.00181068
0.00098652
0.00105588
0.00040717
-0.00010080
0.00016032
-0.00066485
-0.00094740
-0.00154614
-0.00204189
-0.00184809
-0.00201232
-0.00140236
-0.00195826
-0.00170225
-0.00115450
-0.00134627
-0.00081282
-0.00106986
-0.00028752
0.00010111
-0.00002231
0.00009295
-0.00007127
0.00071005
0.00101708
0.00149954
0.00096405
0.00141489
0.00181168
0.00061523
0.00014398
-0.00005391
0.00009603
-0.00044763
-0.00047314
0.00040202
0.00057543
0.00006340
-0.00002126
0.00063970
0.00110790
0.00094471
0.00104977
0.00097226
0.00102428
0.00141902
0.00111711
0.00091821
0.00110283
0.00076828
0.00009303
-0.00060567
-0.00105142
-0.00087088
-0.00158896
-0.00203573
-0.00185520
-0.00204391
-0.00126158
-0.00093109
-0.00091477
-0.00158593
-0.00201434
-0.00191439
-0.00193480
-0.00198275
-0.00174917
-0.00098113
-0.00091482
-0.00106069
-0.00027223
-0.00000602
0.00066209
0.00101195
0.00159233
0.00206664
0.00192386
0.00201363
0.00140470
0.00068866
0.00012562
-0.00025484
-0.00033440
0.00010318
-0.00048128
-0.00002738
-0.00041804
-0.00008042
0.00005422
-0.00001820
0.00000424
0.00015009
0.00101098
0.00108952
0.00205139
0.00185659
0.00219217
0.00290108
0.00297861
0.00289396
0.00300208
0.00274607
0.00195454
0.00196270
0.00195658
0.00144966
0.00013384
0.00082743
0.00100492
0.00073359
0.00112528
0.00085191
0.00118443
0.00240538
0.00187397
0.00091108
0.00099472
0.00100186
0.00033681
0.00005630
0.00061933
0.00079681
0.00121807
0.00191065
0.00196473
0.00193413
0.00194332
0.00195353
0.00191682
0.00199537
0.00174650
0.00098762
0.00080402
-0.00005481
0.00003799
-0.00062908
-0.00112380
-0.00087594
-0.00168480
-0.00200714
-0.00201328
-0.00139110
-0.00075463
-0.00003451
-0.00004777
0.00013583
0.00096511
0.00106710
0.00201367
0.00183721
0.00203918
0.00218810
0.00252063
0.00257673
0.00180152
0.00196881
0.00193107
0.00136906
0.00023482
-0.00008954
0.00002979
-0.00066482
-0.00099633
0.00015526
-0.00083006
-0.00033945
-0.00020684
-0.00039758
-0.00010484
-0.00107690
-0.00101876
-0.00043431
0.00007570
-0.00010790
0.00000226
-0.00007220
-0.00002222
-0.00005588
-0.00003650
-0.00004874
-0.00004160
-0.00004773
-0.00004058
-0.00005588
-0.00002631
-0.00009261
0.00013995
0.00049797
0.00084171
0.00097942
0.00089578
0.00095595
0.00090904
0.00094168
0.00092638
0.00089986
0.00151696
0.00203410
0.00180869
0.00159041
0.00112428
0.00098046
0.00028380
-0.00013032
0.00040619
0.00004717
-0.00068724
-0.00114216
-0.00093001
-0.00170011
-0.00206629
-0.00200917
-0.00199387
-0.00208261
-0.00177457
-0.00168685
-0.00151753
-0.00086167
-0.00116767
-0.00092593
-0.00115033
-0.00092083
-0.00118909
-0.00073315
-0.00066175
0.00030928
0.00162101
-0.00018744
0.00021239
0.00027563
-0.00014155
-0.00002221
-0.00008749
-0.00005281
-0.00005587
-0.00010891
0.00055307
0.00100697
0.00086723
0.00094169
0.00090294
0.00091416
0.00092639
0.00089070
0.00094986
0.00086214
0.00099677
0.00068568
0.00040416
0.00041028
0.00004512
-0.00028841
-0.00101262
-0.00109422
-0.00087085
-0.00003649
-0.00012931
0.00057244
0.00096106
0.00146698
0.00204023
0.00178625
0.00198005
0.00181175
0.00196782
0.00181381
0.00198312
0.00167408
0.00092845
0.00132727
0.00103352
0.00079993
0.00157820
0.00194949
0.00186379
0.00191582
0.00186584
0.00152211
0.00115694
0.00093663
0.00028586
-0.00010887
-0.00063519
-0.00115232
-0.00152361
-0.00237938
-0.00286389
-0.00325352
-0.00392878
-0.00403181
-0.00392980
-0.00403588
-0.00391756
-0.00406751
-0.00375335
-0.00306383
-0.00237534
-0.00192551
-0.00208667
-0.00195203
-0.00211727
-0.00176129
-0.00167663
-0.00209177
-0.00199896
-0.00199284
-0.00261707
-0.00311177
-0.00291899
-0.00307914
-0.00279558
-0.00202038
-0.00201834
-0.00201324
-0.00161748
-0.00132474
-0.00097488
-0.00107586
-0.00098814
-0.00120335
-0.00206118
-0.00183781
-0.00101874
-0.00105138
-0.00101466
-0.00105954
-0.00098814
-0.00120845
-0.00202650
-0.00199794
-0.00202140
-0.00200406
-0.00201426
-0.00201018
-0.00200407
-0.00202039
-0.00198266
-0.00247125
-0.00206527
-0.00198979
-0.00200713
-0.00201835
-0.00197755
-0.00206323
-0.00180008
-0.00107283
-0.00040778
0.00005020
-0.00010076
0.00040821
0.00058162
0.00118953
0.00187907
0.00194944
0.00186377
0.00250942
0.00315611
0.00383032
0.00435257
0.00350394
0.00332748
0.00384870
0.00391296
0.00328873
0.00276241
0.00302557
0.00265226
0.00198518
0.00183525
0.00215960
0.00272773
0.00231259
0.00262573
0.00295213
0.00290011
0.00277466
0.00186687
0.00198926
0.00186278
0.00200762
0.00214329
0.00109576
0.00070305
0.00003292
-0.00010377
0.00009309
-0.00032104
-0.00030268
-0.00016192
-0.00057195
-0.00094732
-0.00056278
-0.00096976
-0.00041897
0.00009002
-0.00008032
0.00001556
-0.00003747
-0.00001401
-0.00041487
-0.00072395
-0.00103097
-0.00100444
-0.00095548
-0.00108808
-0.00029963
-0.00016090
-0.00043426
0.00012674
-0.00010786
-0.00034143
-0.00076473
-0.00099525
-0.00101056
-0.00096159
-0.00102381
-0.00135532
-0.00171640
-0.00198670
-0.00197956
-0.00193978
-0.00200914
-0.00148894
-0.00149608
-0.00184697
-0.00219377
-0.00290266
-0.00298937
-0.00288023
-0.00303018
-0.00271500
-0.00200305
-0.00191023
-0.00161648
-0.00120031
-0.00101365
-0.00078313
-0.00001915
0.00003492
-0.00005178
0.00009000
-0.00065562
-0.00103098
-0.00096265
-0.00097387
-0.00058117
-0.00027517
0.00005735
-0.00003343
0.00015832
0.00063773
0.00021035
0.00059591
0.00108755
0.00093149
0.00102737
0.00095598
0.00101717
0.00096005
0.00102227
0.00093762
0.00116812
0.00198719
0.00193211
0.00213306
0.00298169
0.00290927
0.00300719
0.00276240
0.00196476
0.00197700
0.00196578
0.00197803
0.00196579
0.00198108
0.00196170
0.00198823
0.00195151
0.00200760
0.00190968
0.00260125
0.00304495
0.00289501
0.00300925
0.00289195
0.00304699
0.00270937
0.00290419
0.00209126
0.00194540
0.00197089
0.00202292
0.00178220
0.00103658
0.00081932
0.00002780
-0.00000995
0.00010022
-0.00064949
-0.00086369
0.00007572
-0.00000995
0.00003799
0.00002473
-0.00000792
0.00019404
0.00101310
0.00100903
0.00096925
0.00150985
0.00044906
-0.00008951
0.00006654
0.00087133
0.00021649
-0.00008748
0.00011040
-0.00004464
0.00008592
-0.00002628
0.00007164
-0.00001404
0.00006144
-0.00000384
0.00005226
0.00000636
0.00004410
0.00001350
0.00003900
0.00001656
0.00004920
-0.00010889
-0.00103914
-0.00070152
-0.00059544
-0.00104220
-0.00089940
-0.00098815
-0.00092184
-0.00097488
-0.00093001
-0.00096876
-0.00093409
-0.00096469
-0.00093613
-0.00096469
-0.00093409
-0.00097081
-0.00091063
-0.00111768
-0.00195510
-0.00189900
-0.00196327
-0.00188371
-0.00200305
-0.00169705
-0.00154404
-0.00207751
-0.00125438
-0.00089125
-0.00097898
-0.00092594
-0.00097082
-0.00092696
-0.00097082
-0.00092697
-0.00096879
-0.00093309
-0.00094227
-0.00150429
-0.00171850
-0.00092086
-0.00058936
-0.00101674
-0.00094330
-0.00080766
0.00007464
-0.00000695
0.00005628
0.00084372
0.00042553
0.00031843
-0.00002939
0.00018683
0.00106608
0.00092226
0.00166379
0.00204426
0.00207180
0.00321216
0.00345799
0.00392107
0.00391804
0.00403127
0.00327340
0.00297148
0.00234011
0.00195455
0.00140069
0.00052043
0.00023075
-0.00109219
-0.00083720
-0.00106058
-0.00071379
-0.00000795
0.00007467
-0.00003345
0.00023379
0.00056937
0.00091719
0.00149962
0.00105796
0.00099268
0.00102225
0.00100083
0.00102022
0.00059284
0.00034701
-0.00008036
0.00026439
0.00044801
-0.00070154
-0.00093817
-0.00154611
-0.00204081
-0.00185211
-0.00199186
-0.00186641
-0.00199085
-0.00185519
-0.00202145
-0.00169710
-0.00099535
-0.00088518
-0.00104736
-0.00068424
-0.00060977
-0.00102083
-0.00091577
-0.00096678
-0.00093414
-0.00096678
-0.00049962
-0.00086681
-0.00100146
-0.00088211
-0.00156041
-0.00206736
-0.00166039
-0.00157980
-0.00201636
-0.00187153
-0.00198782
-0.00174711
-0.00093111
-0.00096988
-0.00092602
-0.00097293
-0.00092397
-0.00097293
-0.00092907
-0.00055269
-0.00069244
0.00000627
0.00003585
0.00004401
-0.00002638
0.00108746
0.00119253
0.00089775
0.00110175
0.00091816
0.00112522
0.00033268
-0.00001107
0.00003381
0.00004095
0.00000729
0.00007053
-0.00045171
-0.00000292
0.00001443
0.00007562
0.00034592
0.00056726
0.00073760
-0.00017122
0.00027962
0.00098648
0.00100892
0.00103033
0.00095587
0.00120985
0.00153829
0.00191773
0.00201565
0.00197486
0.00198709
0.00201056
0.00183104
0.00098546
0.00091712
-0.00010492
0.00033163
0.00032144
0.00003073
-0.00016306
-0.00080160
0.00006234
0.00000624
0.00004602
0.00001644
0.00004194
0.00001338
0.00005622
-0.00043440
-0.00002946
0.00004602
0.00002867
0.00042240
0.00073554
0.00104357
0.00101094
0.00098136
0.00106603
0.00080899
0.00004603
0.00000115
0.00006439
-0.00000395
-0.00045070
-0.00138707
-0.00139421
-0.00124835
-0.00208373
-0.00185527
-0.00197461
-0.00190117
-0.00195114
-0.00191239
-0.00195931
-0.00178286
-0.00088934
-0.00105050
-0.00027939
0.00006027
0.00005212
-0.00004886
0.00028161
0.00036322
-0.00002540
0.00001947
0.00008679
-0.00019166
-0.00089444
-0.00105153
-0.00078531
-0.00174615
-0.00165231
-0.00172066
-0.00152992
-0.00118005
-0.00212662
-0.00183490
-0.00198893
-0.00190121
-0.00194915
-0.00192570
-0.00193591
-0.00192876
-0.00194816
-0.00147794
-0.00188696
-0.00139838
-0.00065583
-0.00003872
0.00007042
-0.00001220
0.00045904
0.00068242
0.00109859
0.00051107
0.00094354
0.00106800
0.00036726
0.00037643
0.00015407
-0.00005197
-0.00034982
-0.00012950
0.00015508
-0.00022946
-0.00090062
-0.00101691
-0.00088940
-0.00105567
-0.00070377
-0.00100568
-0.00174825
-0.00150652
-0.00144022
-0.00143002
-0.00192268
-0.00178294
-0.00136985
-0.00106487
-0.00091187
-0.00087006
0.00012444
-0.00010812
0.00028253
0.00090270
0.00122807
0.00192576
0.00204102
0.00187273
0.00224095
0.00231337
0.00189211
0.00204103
0.00136171
0.00087313
0.00110670
0.00075685
0.00006324
-0.00005305
0.00021112
0.00098938
0.00099449
0.00099652
0.00097918
0.00143614
0.00149632
0.00106486
0.00090676
0.00123520
0.00134944
0.00089962
0.00103936
0.00095879
0.00101182
0.00097510
0.00099958
0.00098122
0.00099448
0.00098325
0.00099345
0.00098019
0.00099855
0.00097100
0.00101588
0.00092714
0.00161054
0.00205629
0.00190737
0.00201141
0.00191247
0.00203895
0.00132802
0.00089758
0.00104242
0.00092409
0.00106893
0.00073947
0.00061707
0.00108933
0.00089552
0.00118214
0.00196141
0.00195121
0.00197467
0.00193591
0.00199405
0.00190326
0.00205423
0.00168499
0.00165745
0.00142999
0.00081595
0.00121579
0.00153199
0.00127902
0.00091182
0.00101177
0.00095465
0.00099238
0.00096382
0.00098626
0.00096586
0.00098626
0.00096280
0.00099136
0.00095158
0.00100666
0.00092507
0.00106073
0.00031001
-0.00003477
-0.00015104
-0.00101295
-0.00097420
-0.00098032
-0.00102316
-0.00080489
-0.00043667
-0.00010211
0.00004784
-0.00005518
0.00003458
-0.00005926
0.00006110
-0.00021532
-0.00096910
-0.00102521
-0.00092014
-0.00162904
-0.00204317
-0.00193709
-0.00198809
-0.00196260
-0.00197280
-0.00197382
-0.00196464
-0.00198198
-0.00195853
-0.00198913
-0.00195344
-0.00159033
-0.00126495
-0.00095079
-0.00101199
-0.00098547
-0.00100179
-0.00098854
-0.00100282
-0.00098651
-0.00100793
-0.00098141
-0.00101507
-0.00097325
-0.00102527
-0.00096510
-0.00102833
-0.00138840
-0.00114565
-0.00086718
-0.00114667
-0.00080089
-0.00139452
-0.00144451
-0.00130884
-0.00210955
-0.00193616
-0.00198001
-0.00201980
-0.00179031
-0.00102328
-0.00084478
0.00001814
-0.00008386
0.00059850
0.00106160
0.00088411
0.00102386
0.00089636
0.00091575
-0.00024298
0.00053119
0.00061177
0.00032311
0.00003852
0.00055872
0.00103506
0.00106871
0.00197752
0.00192348
0.00189389
0.00214991
0.00230699
0.00183881
0.00196836
0.00235596
0.00201936
0.00189390
0.00195000
0.00193061
0.00191939
0.00197141
0.00175926
0.00093510
0.00098609
0.00079944
0.00033533
0.00071068
0.00096160
0.00098607
0.00088101
0.00119210
0.00131757
0.00085550
0.00101258
0.00090956
0.00099116
0.00091874
0.00098912
0.00091363
0.00101054
0.00076778
-0.00003495
-0.00001150
-0.00005026
0.00002726
-0.00064083
-0.00111004
-0.00092032
-0.00120184
-0.00199336
-0.00195767
-0.00204437
-0.00175980
-0.00160577
-0.00209538
-0.00191383
-0.00203624
-0.00194139
-0.00201890
-0.00195465
-0.00200667
-0.00196792
-0.00198628
-0.00201179
-0.00138450
-0.00131207
-0.00119988
-0.00081941
-0.00133757
-0.00168131
-0.00168132
-0.00201282
-0.00199856
-0.00193940
-0.00204956
-0.00187310
-0.00225866
-0.00230151
-0.00193227
-0.00198327
-0.00200367
-0.00192718
-0.00217197
-0.00295329
-0.00297166
-0.00294107
-0.00298391
-0.00292578
-0.00301045
-0.00277893
-0.00195884
-0.00202107
-0.00179666
-0.00142335
-0.00109592
-0.00095414
-0.00090722
-0.00032175
-0.00040742
-0.00025850
-0.00047270
-0.00004330
-0.00006777
0.00019129
0.00091040
0.00115519
0.00192835
0.00196405
0.00190795
0.00198241
0.00189265
0.00199770
0.00187633
0.00202627
0.00173149
0.00097464
0.00097362
0.00050543
0.00093892
0.00078388
0.00057172
0.00105314
0.00222207
0.00136527
0.00159986
0.00189158
0.00172838
0.00208130
0.00184670
0.00202214
0.00189056
0.00198440
0.00193136
0.00192320
0.00213841
0.00235976
0.00180285
0.00205682
0.00185078
0.00164678
0.00114188
0.00116840
0.00148153
0.00150296
0.00126122
0.00094196
0.00084302
-0.00006580
0.00007495
-0.00064414
-0.00106847
-0.00093281
-0.00102870
-0.00093589
-0.00104911
-0.00078800
-0.00001077
0.00041866
0.00022791
0.00097556
0.00096129
0.00101331
0.00080931
-0.00002709
0.00002288
-0.00002608
0.00002389
-0.00002813
0.00003001
-0.00003833
0.00005040
-0.00008220
0.00024419
0.00036353
-0.00009956
0.00006670
-0.00005979
0.00008302
-0.00063710
-0.00106143
-0.00092170
-0.00102880
-0.00091559
-0.00106757
-0.00031788
0.00005952
-0.00001290
0.00000547
0.00001260
-0.00000984
0.00002586
-0.00002209
0.00003809
-0.00003230
-0.00036380
-0.00021285
0.00051134
0.00072453
-0.00019551
0.00014618
-0.00014045
0.00030732
0.00030223
0.00009619
0.00107233
0.00077857
0.00084793
0.00079284
0.00097746
0.00062454
0.00022163
0.00059597
0.00067145
0.00069797
0.00005129
-0.00001298
0.00001966
0.00000640
0.00000436
0.00002068
-0.00000789
-0.00037203
-0.00070353
-0.00100342
-0.00096671
-0.00095855
-0.00099018
-0.00093612
-0.00102690
-0.00077701
0.00000635
0.00001859
-0.00000181
0.00002572
-0.00000794
0.00003081
-0.00001101
0.00003285
-0.00001102
0.00002570
0.00042554
0.00012770
-0.00008039
0.00010831
-0.00011813
0.00030414
0.00031842
-0.00002430
-0.00000289
0.00005627
-0.00007838
0.00027147
0.00034594
-0.00004575
-0.00000087
0.00059786
0.00112622
0.00085694
0.00169945
0.00182798
0.00153014
0.00173617
0.00154849
0.00175453
0.00180044
0.00142100
0.00110173
0.00035815
-0.00009371
0.00010416
-0.00020388
-0.00095052
-0.00098317
-0.00095666
-0.00097706
-0.00096686
-0.00095769
-0.00101176
-0.00035897
0.00011431
-0.00005501
0.00006025
-0.00003053
0.00004290
-0.00001422
0.00002045
0.00043661
0.00010307
-0.00004382
0.00004390
0.00040600
0.00056716
0.00001737
0.00002145
-0.00000405
0.00001634
0.00001430
-0.00043348
-0.00007037
0.00004795
-0.00001631
0.00002448
-0.00000102
0.00000917
0.00001427
-0.00000919
0.00004079
-0.00006020
0.00023763
0.00038655
-0.00012345
0.00022640
0.00057014
0.00030494
-0.00006125
0.00004687
-0.00002556
0.00003462
-0.00002250
0.00003870
-0.00044887
-0.00050191
-0.00003781
-0.00040909
-0.00010005
0.00007540
-0.00005721
0.00007131
-0.00048766
-0.00044686
-0.00022858
-0.00096808
-0.00095891
-0.00144035
-0.00100278
-0.00155153
-0.00208195
-0.00187183
-0.00202279
-0.00189020
-0.00203810
-0.00132105
-0.00087735
-0.00106810
-0.00075701
-0.00003281
0.00004879
-0.00006239
0.00009367
-0.00014400
0.00034866
0.00008754
-0.00041430
0.00009467
-0.00000427
-0.00058567
-0.00109466
-0.00091005
-0.00103143
-0.00093250
-0.00103859
-0.00079482
0.00000894
-0.00001045
0.00000689
-0.00000535
-0.00000230
0.00000688
-0.00002169
0.00003951
-0.00009004
0.00109214
0.00111254
0.00093199
0.00096157
0.00157356
0.00206011
0.00189792
0.00198666
0.00194076
0.00194790
0.00199176
0.00177552
0.00097380
0.00096563
0.00099929
0.00093604
0.00103294
0.00089116
0.00110842
0.00023938
0.00017408
0.00081056
-0.00000748
-0.00002279
0.00003331
-0.00006767
0.00009859
-0.00027984
-0.00032982
0.00004655
-0.00001261
-0.00001874
0.00002104
-0.00004730
0.00005878
-0.00020234
-0.00098264
-0.00098062
-0.00142432
-0.00107345
-0.00093472
-0.00102449
-0.00095514
-0.00101023
-0.00097045
-0.00099290
-0.00099596
-0.00094394
-0.00159878
-0.00206595
-0.00190786
-0.00200681
-0.00193643
-0.00198847
-0.00195175
-0.00197521
-0.00196502
-0.00196299
-0.00197830
-0.00194872
-0.00199361
-0.00193140
-0.00201606
-0.00189774
-0.00207727
-0.00168049
-0.00168152
-0.00142143
-0.00085840
-0.00106852
-0.00052182
-0.00036168
0.00012384
-0.00014544
0.00068176
0.00100104
0.00055019
0.00083375
0.00111323
0.00066443
0.00026969
0.00071134
0.00063688
0.00059914
0.00085311
0.00104488
0.00047775
0.00092960
0.00097142
0.00098773
0.00091326
0.00159462
0.00203015
0.00190979
0.00195977
0.00195772
0.00189652
0.00216580
0.00233104
0.00182511
0.00205155
0.00130389
0.00087243
0.00106724
0.00031142
-0.00007007
0.00001050
-0.00001806
-0.00001093
-0.00000379
-0.00000592
-0.00038812
-0.00069470
-0.00102656
-0.00094725
-0.00099319
-0.00094926
-0.00100914
-0.00080090
0.00003558
-0.00001350
0.00003517
-0.00000472
0.00001544
0.00054480
0.00133533
0.00128446
0.00094418
0.00100108
0.00098063
0.00099148
0.00097177
0.00100963
0.00051528
0.00053553
0.00028094
0.00083635
0.00017496
-0.00005726
-0.00008840
-0.00103770
-0.00088828
-0.00101431
-0.00089097
-0.00101944
-0.00075084
0.00001882
0.00001420
0.00003154
-0.00001000
0.00017663
0.00100977
0.00093208
0.00102125
0.00088293
0.00120328
0.00130241
0.00086888
0.00099430
0.00091909
0.00095813
0.00092906
0.00093233
0.00093835
0.00090019
0.00097428
0.00031635
-0.00010903
0.00002453
-0.00006083
0.00000434
-0.00005262
-0.00000122
-0.00005314
0.00000000
-0.00005942
0.00001080
-0.00009336
0.00017223
0.00036060
-0.00070609
-0.00097105
-0.00093011
-0.00093180
-0.00092952
-0.00091488
-0.00092456
-0.00089842
-0.00091808
-0.00088057
-0.00091478
-0.00085390
-0.00093589
-0.00067910
-0.00050098
-0.00101986
-0.00059242
-0.00046517
0.00047068
-0.00012359
-0.00030365
0.00009370
0.00013408
0.00094185
0.00086208
0.00089668
0.00087626
0.00085764
0.00088787
0.00081399
0.00092085
0.00027800
-0.00006091
0.00037168
0.00018743
0.00047511
0.00023536
-0.00006125
-0.00000166
0.00001164
-0.00052951
-0.00054886
-0.00070489
-0.00089866
-0.00066771
0.00016988
0.00032943
-0.00008846
0.00003747
0.00010349
0.00048850
0.00068892
0.00084525
0.00074415
0.00043341
0.00103159
0.00086161
0.00068654
0.00067087
0.00019467
0.00023302
0.00026991
0.00074884
0.00053201
-0.00003671
-0.00010117
-0.00001777
-0.00013874
0.00012964
0.00019615
-0.00013506
-0.00003305
-0.00010117
-0.00004140
-0.00010885
-0.00001183
-0.00054982
-0.00083084
-0.00076428
-0.00075932
-0.00079475
-0.00059318
-0.00046504
-0.00082096
-0.00066091
-0.00078661
-0.00024655
0.00003544
-0.00004579
0.00001237
-0.00004951
0.00031637
0.00000813
-0.00001957
-0.00002949
0.00000063
-0.00005735
0.00011508
0.00082092
0.00000852
-0.00033009
-0.00007776
0.00000900
-0.00033433
-0.00032523
-0.00016207
-0.00064089
-0.00063067
-0.00062878
-0.00060305
-0.00063171
-0.00021861
0.00008822
-0.00003767
0.00006692
-0.00004057
0.00008507
-0.00009008
0.00030999
0.00044511
-0.00012794
0.00042973
0.00058986
0.00056461
0.00054851
0.00056234
0.00044147
-0.00004447
-0.00001517
-0.00004018
-0.00002208
-0.00002920
-0.00026963
-0.00007010
-0.00023263
-0.00032788
-0.00002150
-0.00002875
-0.00001048
-0.00002695
-0.00002012
0.00020542
0.00002167
-0.00004988
-0.00000448
-0.00004009
-0.00001082
-0.00003517
-0.00001547
-0.00003088
-0.00002099
-0.00002423
-0.00003130
-0.00000454
-0.00011359
-0.00028160
-0.00043717
-0.00049339
-0.00043674
-0.00052300
-0.00091678
-0.00075927
-0.00068170
-0.00087726
-0.00078205
-0.00081431
-0.00075464
-0.00077111
-0.00072019
-0.00073191
-0.00068384
-0.00069527
-0.00064614
-0.00066028
-0.00060720
-0.00046342
-0.00029295
-0.00019188
-0.00011317
0.00022177
0.00019616
0.00043477
0.00068510
0.00092587
0.00092900
0.00094332
0.00128201
0.00117015
0.00129525
0.00127444
0.00111155
0.00110713
0.00107621
0.00104415
0.00102622
0.00098783
0.00083339
0.00085260
0.00060550
0.00055919
0.00057098
0.00051914
0.00068215
0.00050827
0.00049582
0.00041424
0.00014121
0.00015585
-0.00005237
-0.00020184
-0.00013995
-0.00019100
-0.00013197
-0.00023916
-0.00038477
-0.00028029
-0.00030033
-0.00016029
-0.00014391
-0.00014938
-0.00014656
-0.00014052
-0.00018405
-0.00041427
-0.00037404
-0.00043432
-0.00062308
-0.00060838
-0.00059045
-0.00057628
-0.00055844
-0.00054479
-0.00052755
-0.00051368
-0.00040207
-0.00032719
-0.00022988
-0.00026059
-0.00008844
-0.00001986
-0.00026534
-0.00005137
-0.00014499
-0.00009662
0.00002766
-0.00010465
-0.00001353
0.00002098
-0.00013829
-0.00008103
0.00002986
-0.00000766
0.00001331
-0.00000005
0.00000817
0.00000245
0.00000685
-0.00000017
0.00003161
0.00011168
0.00011607
0.00010786
0.00018072
0.00004534
-0.00002254
-0.00000592
0.00005649
0.00000422
-0.00002289
-0.00000362
-0.00002118
0.00000002
-0.00010680
-0.00016741
-0.00013520
-0.00017173
-0.00027116
-0.00026629
-0.00024699
-0.00024779
-0.00022103
-0.00023525
-0.00011945
-0.00007791
-0.00004812
0.00005032
0.00006039
0.00003873
0.00008729
0.00008097
0.00011725
0.00015216
0.00003050
0.00006447
0.00010401
0.00006775
0.00003231
0.00003686
0.00003629
0.00003344
0.00003685
0.00003101
-0.00000225
-0.00003502
-0.00005805
-0.00005382
-0.00004414
-0.00006247
-0.00008909
-0.00007664
-0.00007336
-0.00010409
-0.00010409
-0.00009387
-0.00008875
-0.00008151
-0.00007472
-0.00006965
-0.00006116
-0.00005882
-0.00004750
-0.00005092
0.00000585
0.00003522
0.00003217
0.00003294
0.00004679
0.00010113
0.00009663
0.00009690
0.00009328
0.00009307
0.00008943
0.00008984
0.00008519
0.00008727
0.00008017
0.00008621
0.00007164
0.00010291
0.00011155
0.00006361
0.00007592
0.00006709
0.00004953
0.00006223
0.00006858
0.00006221
0.00006395
0.00006022
0.00005997
0.00005829
0.00005525
0.00006203
0.00007421
0.00008337
0.00008629
0.00005847
0.00003781
0.00006747
0.00005221
0.00005435
0.00007292
0.00005956
0.00006834
0.00008506
0.00008229
0.00007582
0.00007256
0.00006687
0.00006352
0.00005832
0.00005524
0.00004994
0.00004827
0.00002871
0.00001601
0.00001770
0.00001350
0.00001377
0.00001029
0.00001042
0.00000715
-0.00000024
-0.00000046
-0.00000865
0.00000056
-0.00000703
-0.00001028
0.00000137
-0.00000679
-0.00000164
-0.00000103
-0.00000295
-0.00000333
-0.00000473
-0.00000522
-0.00000640
-0.00000686
-0.00000793
-0.00000829
-0.00000930
-0.00000954
-0.00001055
-0.00001056
-0.00001176
-0.00001110
-0.00001825
-0.00002192
-0.00002028
-0.00002045
-0.00001949
-0.00001942
-0.00001859
-0.00001848
-0.00001765
-0.00002048
-0.00002104
-0.00002341
-0.00001938
-0.00001857
-0.00001888
-0.00001274
-0.00001291
-0.00001223
-0.00001214
-0.00001166
-0.00001145
-0.00001107
-0.00001081
-0.00001048
-0.00001018
-0.00000991
-0.00000957
-0.00000937
-0.00000897
-0.00000887
-0.00000835
-0.00000847
-0.00000729
-0.00000644
-0.00000506
-0.00000565
-0.00000640
-0.00000728
-0.00000699
-0.00000709
-0.00000569
-0.00000474
-0.00000484
-0.00000445
-0.00000457
-0.00000415
-0.00000503
-0.00000492
-0.00000515
-0.00000420
-0.00000425
-0.00000402
-0.00000414
-0.00000381
-0.00000410
-0.00000313
-0.00000283
-0.00000431
-0.00000348
-0.00000349
-0.00000326
-0.00000323
-0.00000302
-0.00000297
-0.00000276
-0.00000279
-0.00000270
-0.00000233
-0.00000252
-0.00000216
-0.00000222
-0.00000215
-0.00000189
-0.00000179
-0.00000165
-0.00000162
-0.00000139
-0.00000124
-0.00000109
-0.00000093
-0.00000086
-0.00000080
-0.00000072
-0.00000057
-0.00000046
-0.00000036
-0.00000027
-0.00000020
-0.00000013
-0.00000009
-0.00000003
-0.00000000
0.00000001
0.00000005
0.00000005
0.00000004
0.00000003
0.00000002
0.00000000
-0.00000002
-0.00000004
-0.00000006
-0.00000009
-0.00000011
-0.00000014
-0.00000017
-0.00000020
-0.00000023
-0.00000025
-0.00000029
-0.00000032
-0.00000035
-0.00000038
-0.00000040
-0.00000043
-0.00000046
-0.00000049
-0.00000052
-0.00000054
-0.00000057
-0.00000059
-0.00000062
-0.00000064
