0.00048673
0.00002673
0.00014302
0.00021443
-0.00015990
-0.00009665
-0.00011500
-0.00011193
-0.00011294
-0.00010375
-0.00013536
0.00034507
-0.00006598
0.00001971
0.00049300
0.00016763
-0.00016590
-0.00006389
-0.00017200
-0.00002919
-0.00024134
0.00019421
0.00013812
0.00007693
0.00024728
-0.00016887
-0.00013113
0.00007288
0.00070734
-0.00012599
-0.00009743
-0.00012394
-0.00010761
-0.00011984
-0.00010759
-0.00012798
-0.00009023
-0.00017080
0.00009440
0.00027291
-0.00023504
-0.00002185
-0.00022584
0.00013933
0.00023114
-0.00019827
-0.00006566
-0.00016255
-0.00006973
-0.00018905
0.00009757
0.00028118
-0.00028491
0.00018328
0.00014963
0.00045054
0.00041485
-0.00036136
0.00023432
0.00011601
0.00005176
0.00028739
-0.00028074
0.00015378
0.00021296
-0.00019402
-0.00008385
-0.00015422
-0.00010015
-0.00014706
-0.00010524
-0.00014399
-0.00011032
-0.00014091
-0.00011540
-0.00013478
-0.00012661
-0.00011742
-0.00017045
0.00007027
0.00026102
0.00057009
0.00034876
0.00007541
0.00003053
0.00044364
0.00016214
-0.00017854
-0.00013570
0.00001731
0.00043042
0.00033659
0.00022032
-0.00022745
-0.00008771
-0.00015298
-0.00016624
0.00077218
-0.00005810
0.00088541
0.00045601
-0.00035388
0.00000517
-0.00025288
-0.00004887
-0.00022125
-0.00007028
-0.00022327
0.00005213
0.00042036
0.00015620
-0.00020182
-0.00011307
-0.00017018
-0.00012631
-0.00016711
-0.00012834
-0.00017117
-0.00012323
-0.00018238
-0.00010893
-0.00020481
-0.00007730
-0.00026804
0.00013385
0.00012672
-0.00001710
0.00038887
0.00035318
0.00013593
-0.00004359
0.00031036
-0.00037507
0.00018389
0.00008496
0.00001255
0.00023900
-0.00028528
-0.00006393
-0.00027609
0.00009826
0.00017783
-0.00023731
-0.00012000
-0.00021791
0.00001363
0.00069602
-0.00027501
0.00012075
0.00010648
-0.00002306
0.00066239
-0.00018522
-0.00016380
-0.00016583
-0.00019744
-0.00013318
-0.00023619
-0.00008828
-0.00031268
0.00013817
0.00006270
0.00002190
0.00016879
-0.00022288
-0.00021778
0.00003315
0.00018411
-0.00026774
-0.00014126
-0.00021061
-0.00016777
-0.00020142
-0.00016877
-0.00022487
-0.00002392
0.00039326
0.00010461
-0.00026054
-0.00012590
-0.00028400
0.00035351
-0.00028398
0.00026274
0.00052082
-0.00035128
-0.00012586
-0.00023091
-0.00019419
-0.00018602
-0.00023396
-0.00014521
-0.00029311
0.00004146
0.00056472
-0.00016457
-0.00026045
-0.00000442
0.00020673
-0.00039405
0.00012513
0.00000784
0.00085342
0.00033018
-0.00035934
-0.00016656
-0.00007067
0.00021799
-0.00035932
-0.00011962
-0.00029097
-0.00015837
-0.00026954
-0.00017060
-0.00028381
-0.00002983
0.00032003
0.00024966
0.00015685
-0.00038885
0.00007015
0.00008342
-0.00026541
-0.00022257
-0.00022053
-0.00024296
-0.00021440
-0.00024499
-0.00022867
0.00018851
-0.00013686
0.00013548
-0.00008687
-0.00033779
-0.00014704
0.00007430
0.00011409
0.00017019
0.00037726
-0.00005113
-0.00002155
0.00009168
-0.00017148
0.00040381
-0.00002458
-0.00010924
0.00034365
0.00014271
0.00078736
0.00006113
-0.00013268
0.00032327
0.00019475
0.00027024
0.00010093
-0.00041418
0.00006114
-0.00001229
-0.00006023
0.00008666
0.00011318
0.00025599
-0.00015813
-0.00038967
0.00004996
-0.00002858
-0.00004388
0.00003467
-0.00011119
0.00012342
-0.00035598
-0.00023562
-0.00026621
-0.00031517
-0.00006322
0.00011835
-0.00039471
-0.00017541
0.00001431
0.00055186
0.00003167
-0.00011419
0.00010920
-0.00036510
-0.00024882
-0.00027125
-0.00073739
-0.00033143
-0.00029980
-0.00022942
-0.00038854
-0.00000502
0.00039891
0.00011637
0.00066922
-0.00010292
0.00014596
-0.00020185
-0.00033853
-0.00025081
-0.00033139
-0.00025386
-0.00033240
-0.00025794
0.00006642
0.00041527
0.00031940
-0.00001414
-0.00034564
-0.00027933
-0.00030687
-0.00030789
-0.00027525
-0.00036705
0.00032145
0.00073150
0.00067031
0.00023172
0.00020826
-0.00000083
-0.00034457
-0.00033437
-0.00011303
0.00008180
-0.00002938
0.00044186
0.00067545
0.00025419
0.00053367
0.00078460
-0.00000385
-0.00033331
-0.00036188
0.00060101
-0.00022416
-0.00016195
0.00009306
-0.00044652
-0.00024252
-0.00037716
-0.00029760
-0.00021804
0.00071935
0.00056942
0.00076424
0.00038889
-0.00008031
0.00003699
-0.00042303
-0.00026697
-0.00038427
-0.00027105
-0.00041588
-0.00009560
0.00002987
-0.00042709
-0.00027409
-0.00038527
-0.00029041
-0.00038119
-0.00029245
-0.00038424
-0.00028735
-0.00040770
-0.00015373
0.00104070
0.00075817
0.00053786
0.00085610
0.00155786
0.00168639
0.00099790
0.00054604
0.00070823
0.00043692
-0.00031890
-0.00037501
-0.00030463
-0.00043927
0.00031757
0.00051546
-0.00035664
-0.00038214
-0.00016897
0.00056339
0.00196182
0.00085004
0.00055934
0.00052569
-0.00042700
-0.00016486
0.00060831
0.00061545
0.00022785
0.00035434
-0.00030560
-0.00039638
-0.00033212
-0.00037495
-0.00087373
-0.00167647
-0.00206816
-0.00101450
-0.00061670
-0.00035149
-0.00036271
-0.00037189
-0.00037903
-0.00023419
0.00064811
0.00055224
0.00069198
-0.00001589
-0.00045654
0.00011365
-0.00034433
0.00017791
0.00077360
-0.00007606
-0.00040858
-0.00026578
0.00080930
0.00151514
0.00169060
0.00080117
-0.00046567
-0.00028616
-0.00100015
-0.00145508
-0.00117969
-0.00026170
0.00064815
0.00051046
0.00084196
0.00095825
0.00050129
0.00068489
-0.00001788
-0.00049831
0.00025139
0.00066654
0.00055434
0.00062676
0.00057475
0.00019327
0.00046459
0.00068594
0.00049928
0.00071145
0.00033099
-0.00024735
-0.00119085
-0.00241179
-0.00230164
-0.00239752
-0.00219557
-0.00122862
-0.00037589
-0.00032489
0.00045337
0.00032689
0.00070531
0.00149479
0.00233936
0.00319924
0.00284224
0.00193140
0.00097566
-0.00021671
-0.00157332
-0.00194869
-0.00206397
-0.00149176
-0.00112252
-0.00053501
0.00042787
0.00157130
0.00213333
0.00266578
0.00235675
0.00144998
0.00043507
-0.00042683
-0.00031158
-0.00104496
-0.00140299
-0.00142645
-0.00074408
-0.00039320
0.00031467
0.00130205
0.00077472
0.00061152
0.00053707
0.00063091
0.00052178
0.00066459
0.00035757
-0.00031255
-0.00102860
-0.00143864
-0.00136317
-0.00136725
-0.00143253
-0.00076648
-0.00032482
-0.00043191
-0.00039111
-0.00038601
-0.00045640
0.00022904
0.00012297
-0.00115815
-0.00135399
-0.00144987
-0.00076035
-0.00032073
-0.00046455
0.00017090
0.00126129
0.00159790
0.00154995
0.00154996
0.00159484
0.00139289
0.00050243
-0.00116220
-0.00245150
-0.00228116
-0.00254840
-0.00293090
-0.00315428
-0.00408555
-0.00361737
-0.00202925
0.00030860
0.00178658
0.00252813
0.00249958
0.00262811
0.00228846
0.00171318
0.00071155
-0.00035537
-0.00115403
-0.00244536
-0.00232195
-0.00226891
-0.00119078
-0.00034316
0.00135207
0.00262096
0.00289433
0.00272705
0.00227316
0.00165912
0.00145002
0.00222419
0.00256692
0.00257612
0.00194984
0.00145921
0.00163670
0.00148880
0.00166323
0.00083500
-0.00121010
-0.00242698
-0.00270442
-0.00257388
-0.00152431
-0.00024013
0.00073397
0.00157140
0.00153469
0.00162752
0.00095128
0.00042495
-0.00109381
-0.00310526
-0.00516770
-0.00573586
-0.00508104
-0.00363877
-0.00209858
-0.00087661
-0.00021360
-0.00055734
0.00031986
0.00046981
-0.00051754
-0.00195167
-0.00246985
-0.00214956
-0.00128258
-0.00020647
0.00067276
0.00176518
0.00301162
0.00444168
0.00546475
0.00556880
0.00477220
0.00266388
-0.00080003
-0.00304507
-0.00340720
-0.00261469
-0.00056756
0.00132047
0.00336046
0.00511691
0.00614712
0.00656941
0.00628486
0.00552498
0.00499562
0.00316064
0.00016594
-0.00221374
-0.00346732
-0.00447204
-0.00473317
-0.00360202
-0.00276358
-0.00202714
-0.00151611
-0.00062871
-0.00096019
-0.00149875
-0.00309605
-0.00472706
-0.00551756
-0.00645394
-0.00561246
-0.00452618
-0.00305228
-0.00239029
-0.00230869
-0.00231176
-0.00289929
-0.00344598
-0.00307064
-0.00249739
-0.00326240
-0.00187112
-0.00120099
-0.00144170
-0.00037072
0.00111542
0.00242917
0.00385514
0.00610322
0.00701105
0.00645721
0.00478648
0.00279544
0.00084519
-0.00114993
-0.00226380
0.00089511
0.00249245
0.00296062
0.00431112
0.00510774
0.00566569
0.00541172
0.00566265
0.00474264
0.00336360
0.00210494
0.00074629
-0.00048994
-0.00190367
-0.00293693
-0.00354283
-0.00367748
-0.00263608
-0.00171298
-0.00065320
-0.00030232
-0.00035128
-0.00046551
-0.00139575
-0.00110098
-0.00052162
-0.00132639
-0.00132335
-0.00080315
-0.00001469
0.00038210
-0.00034617
-0.00215768
-0.00326643
-0.00385906
-0.00478320
-0.00430382
-0.00424466
-0.00418145
-0.00253722
-0.00056966
0.00143771
0.00321251
0.00421522
0.00518423
0.00617770
0.00707531
0.00589111
0.00373076
0.00198961
0.00204977
0.00351551
0.00509448
0.00578809
0.00464061
0.00368691
0.00279137
0.00159898
0.00160204
0.00255983
0.00121754
-0.00013295
-0.00223821
-0.00484536
-0.00591943
-0.00525237
-0.00495554
-0.00595313
-0.00617346
-0.00678546
-0.00731383
-0.00694360
-0.00628674
-0.00550645
-0.00337976
-0.00228122
-0.00172328
-0.00106128
0.00011478
-0.00088480
-0.00318082
-0.00427224
-0.00356338
-0.00135204
0.00160391
0.00369188
0.00352461
0.00368783
0.00341551
0.00263725
0.00256484
0.00084820
-0.00034216
-0.00035747
0.00042791
0.00176004
0.00157236
0.00168660
0.00222003
0.00481083
0.00766889
0.00904284
0.01011898
0.00825958
0.00507109
0.00281483
0.00143068
0.00071258
0.00065444
0.00067584
0.00077681
0.00224050
0.00328499
0.00360629
0.00184580
-0.00001265
-0.00226275
-0.00481991
-0.00584807
-0.00628261
-0.00565123
-0.00682117
-0.00898867
-0.01020151
-0.00935291
-0.00782187
-0.00549221
-0.00347261
-0.00142446
-0.00031978
0.00038604
0.00243626
0.00442016
0.00562072
0.00598690
0.00566665
0.00556160
0.00545757
0.00405304
0.00280763
0.00105731
0.00000975
-0.00034624
-0.00030953
0.00023616
0.00137039
0.00170700
0.00118679
0.00170189
0.00283204
0.00369190
0.00480167
0.00552793
0.00553100
0.00380213
0.00169277
-0.00038393
-0.00312470
-0.00301354
-0.00236790
-0.00162126
-0.00125508
-0.00116022
-0.00026670
-0.00045742
-0.00143458
-0.00236072
-0.00396213
-0.00597255
-0.00797075
-0.00913155
-0.00682132
-0.00429580
-0.00326455
-0.00320845
-0.00376435
-0.00260463
-0.00100423
0.00009736
0.00160698
0.00257395
0.00233732
0.00116332
-0.00055334
-0.00182121
-0.00242507
-0.00207931
-0.00067784
0.00154575
0.00314716
0.00393052
0.00430591
0.00372656
0.00282897
0.00102051
0.00000662
-0.00039731
-0.00018925
0.00134380
0.00292685
0.00293299
0.00205376
0.00078897
-0.00037282
-0.00030041
-0.00035346
0.00010044
-0.00021678
-0.00084205
-0.00034022
-0.00041877
0.00042680
0.00182623
0.00272078
0.00361431
0.00344502
0.00202723
0.00099193
-0.00001889
-0.00040243
-0.00031165
-0.00036776
-0.00031778
-0.00078800
-0.00045958
0.00034213
0.00248208
0.00355515
0.00372856
0.00453435
0.00497910
0.00464149
0.00400912
0.00221801
-0.00039623
-0.00251584
-0.00324822
-0.00336347
-0.00310339
-0.00237613
-0.00215173
-0.00135511
-0.00132349
-0.00190489
-0.00250772
-0.00160196
-0.00192835
-0.00240368
-0.00282187
-0.00406628
-0.00417340
-0.00315546
-0.00234865
-0.00223542
-0.00117158
-0.00032192
0.00125500
0.00158244
0.00164262
0.00091231
0.00070830
0.00147127
0.00040844
-0.00039431
-0.00033311
-0.00101753
-0.00143370
-0.00137557
-0.00125114
-0.00025460
0.00069093
0.00264117
0.00450880
0.00538704
0.00561554
0.00465881
0.00288098
-0.00004132
-0.00313293
-0.00517909
-0.00617667
-0.00529848
-0.00491496
-0.00510472
-0.00380015
-0.00271078
-0.00175504
-0.00129908
-0.00201715
-0.00260263
-0.00344514
-0.00505165
-0.00713655
-0.00835342
-0.00799953
-0.00558318
-0.00374311
-0.00270983
-0.00239977
-0.00172352
0.00033991
0.00281445
0.00536852
0.00694956
0.00766254
0.00831639
0.00787984
0.00653042
0.00524011
0.00446388
0.00439246
0.00513298
0.00720255
0.00901817
0.00883460
0.00808086
0.00690584
0.00563795
0.00542987
0.00526464
0.00426608
0.00346332
0.00292887
0.00160694
0.00045740
0.00043495
-0.00112767
-0.00200795
-0.00330742
-0.00444475
-0.00396433
-0.00432035
-0.00445906
-0.00438562
-0.00369507
-0.00576873
-0.00712330
-0.00790463
-0.00901950
-0.00993754
-0.01038535
-0.01029457
-0.00973870
-0.00924504
-0.00883605
-0.00758350
-0.00460922
-0.00265386
-0.00181237
-0.00023135
0.00099365
0.00389863
0.00606003
0.00580099
0.00524306
0.00489119
0.00402011
0.00362944
0.00486159
0.00565109
0.00623761
0.00590307
0.00427620
0.00239737
0.00201485
0.00171699
0.00134775
0.00148850
0.00081428
0.00021350
-0.00054334
-0.00009761
-0.00049337
-0.00051887
-0.00125428
-0.00279959
-0.00339834
-0.00358704
-0.00327901
-0.00306890
-0.00433166
-0.00554852
-0.00484677
-0.00437349
-0.00469683
-0.00543327
-0.00540677
-0.00371869
-0.00233251
-0.00153690
-0.00172663
-0.00242737
-0.00085558
0.00130887
0.00425562
0.00704844
0.00889874
0.00918025
0.00749829
0.00550317
0.00368043
0.00273998
0.00169550
0.00119366
0.00074995
0.00134255
0.00410776
0.00592236
0.00635995
0.00609782
0.00507581
0.00255132
0.00119369
0.00024406
-0.00060560
-0.00055767
-0.00115743
-0.00185716
-0.00236615
-0.00147469
-0.00042205
0.00035520
0.00041029
-0.00017723
-0.00127576
-0.00215603
-0.00326477
-0.00355551
-0.00358101
-0.00336680
-0.00259976
-0.00241106
-0.00198675
-0.00215198
-0.00158793
-0.00163893
-0.00148491
-0.00236414
-0.00373196
-0.00509775
-0.00552312
-0.00374935
-0.00183789
0.00008585
0.00037349
0.00040206
0.00027863
0.00113951
0.00200447
0.00211565
0.00302651
0.00333763
0.00278072
0.00159751
0.00135066
0.00131394
0.00139146
0.00167094
0.00222887
0.00331519
0.00343046
0.00432498
0.00423116
0.00435050
0.00412102
0.00268181
0.00042456
-0.00093002
-0.00203671
-0.00426541
-0.00466730
-0.00610143
-0.00660533
-0.00629629
-0.00541604
-0.00444909
-0.00515799
-0.00610352
-0.00717249
-0.00753053
-0.00683288
-0.00446240
-0.00299871
-0.00256623
-0.00135347
-0.00017842
0.00161779
0.00130773
0.00213900
0.00346502
0.00448705
0.00517867
0.00592224
0.00676678
0.00827127
0.01017665
0.01020419
0.01001754
0.00908629
0.00846921
0.00686884
0.00530108
0.00436472
0.00420355
0.00453811
0.00519906
0.00546120
0.00679539
0.00742679
0.00655874
0.00574480
0.00441165
0.00331313
0.00333657
0.00332842
0.00333657
0.00332129
0.00336921
0.00277560
0.00167602
0.00132005
0.00143020
0.00121500
0.00028781
-0.00114834
-0.00221834
-0.00222242
-0.00169203
-0.00035990
-0.00013958
-0.00139314
-0.00313634
-0.00413593
-0.00512023
-0.00606577
-0.00722145
-0.00866068
-0.00879534
-0.00770701
-0.00750711
-0.00855976
-0.00993572
-0.01040088
-0.00853940
-0.00679012
-0.00437374
-0.00260201
-0.00133516
-0.00021622
-0.00006933
0.00033357
0.00105268
0.00149537
0.00135359
0.00199517
0.00257457
0.00158620
-0.00011925
-0.00134834
-0.00270801
-0.00292324
-0.00227350
-0.00328023
-0.00319661
-0.00371272
-0.00512236
-0.00616275
-0.00815891
-0.00961039
-0.01008369
-0.00943296
-0.00861191
-0.00661784
-0.00413207
-0.00097724
0.00108727
0.00222150
0.00363014
0.00488066
0.00571506
0.00559982
0.00349660
0.00065489
-0.00109238
-0.00213280
-0.00256632
-0.00172893
0.00028761
0.00181250
0.00352611
0.00500001
0.00548964
0.00523363
0.00375363
0.00161469
-0.00008566
-0.00072419
-0.00143004
-0.00095781
0.00036104
0.00216438
0.00472460
0.00563649
0.00652189
0.00686872
0.00553558
0.00378427
0.00103741
-0.00071598
-0.00191143
-0.00328641
-0.00445026
-0.00409740
-0.00173101
0.00084752
0.00397486
0.00605566
0.00707570
0.00740211
0.00796319
0.00847525
0.00833239
0.00786728
0.00710024
0.00600885
0.00449719
0.00353943
0.00330074
0.00242662
0.00090476
-0.00002343
-0.00116891
-0.00125664
-0.00045289
-0.00039168
-0.00048656
-0.00032743
-0.00058550
0.00043551
0.00160239
0.00335577
0.00443188
0.00475931
0.00422587
0.00337215
0.00346190
0.00182177
-0.00036818
-0.00310074
-0.00513771
-0.00636479
-0.00610474
-0.00521838
-0.00320795
-0.00101597
0.00023864
0.00082412
0.00098835
0.00029884
-0.00027134
-0.00105878
-0.00139131
-0.00142293
-0.00115569
-0.00057428
-0.00143618
-0.00310998
-0.00490419
-0.00596807
-0.00628325
-0.00628938
-0.00620269
-0.00638019
-0.00586000
-0.00482880
-0.00367826
-0.00149854
0.00031197
0.00283545
0.00424818
0.00459807
0.00385961
0.00116989
-0.00110575
-0.00136180
-0.00086098
0.00053232
0.00154519
0.00229691
0.00432977
0.00638812
0.00928904
0.01046818
0.01026215
0.00882705
0.00592414
0.00263263
-0.00073237
-0.00263877
-0.00322225
-0.00281121
-0.00200032
-0.00095994
0.00032015
0.00251415
0.00494278
0.00733264
0.00908402
0.01006426
0.01054775
0.01031726
0.01008167
0.00775918
0.00487461
0.00160045
-0.00179517
-0.00428193
-0.00640355
-0.00721650
-0.00716146
-0.00688097
-0.00642708
-0.00631692
-0.00584061
-0.00435142
-0.00365679
-0.00308253
-0.00228897
-0.00235627
-0.00221959
-0.00251230
-0.00372306
-0.00529384
-0.00774694
-0.00889956
-0.00903831
-0.00815499
-0.00821721
-0.00812134
-0.00837228
-0.00910261
-0.00976663
-0.00971771
-0.00826219
-0.00658228
-0.00375994
-0.00218402
-0.00247063
-0.00381600
-0.00492370
-0.00574481
-0.00507162
-0.00238088
0.00045474
0.00174200
0.00087707
-0.00108029
-0.00359458
-0.00628533
-0.00841103
-0.01087841
-0.01271545
-0.01329075
-0.01404052
-0.01353261
-0.01226981
-0.00986369
-0.00704541
-0.00520230
-0.00344788
-0.00216168
-0.00060209
0.00140525
0.00341978
0.00463665
0.00442046
0.00294963
0.00013956
-0.00336211
-0.00521754
-0.00524818
-0.00511761
-0.00354890
-0.00200868
-0.00093365
0.00117572
0.00330849
0.00555048
0.00835135
0.01339730
0.01757011
0.02056083
0.02306699
0.02441753
0.02440330
0.02246340
0.01978185
0.01574566
0.01149942
0.00774478
0.00536204
0.00413187
0.00461940
0.00580054
0.00879523
0.01140540
0.01485400
0.01818436
0.01998266
0.02138827
0.02098952
0.01980543
0.01828161
0.01561419
0.01309384
0.00982370
0.00620887
0.00298358
-0.00067409
-0.00376068
-0.00586798
-0.00683804
-0.00777336
-0.00894742
-0.01087010
-0.01285199
-0.01522247
-0.01677808
-0.01737684
-0.01715345
-0.01673529
-0.01597645
-0.01435263
-0.01393647
-0.01273190
-0.01060421
-0.00930170
-0.00745854
-0.00528395
-0.00197200
0.00121955
0.00513639
0.00888693
0.01188891
0.01369947
0.01419519
0.01277135
0.00996944
0.00582831
0.00111182
-0.00281514
-0.00673198
-0.01066508
-0.01447787
-0.01677491
-0.01925969
-0.02180970
-0.02337953
-0.02413233
-0.02462513
-0.02317781
-0.02145600
-0.01934466
-0.01651825
-0.01368780
-0.01059514
-0.00845622
-0.00758818
-0.00634382
-0.00454553
-0.00219140
-0.00078070
0.00021990
0.00075340
0.00120626
0.00187848
0.00330544
0.00485993
0.00615123
0.00848196
0.00952642
0.01141445
0.01363397
0.01445920
0.01613098
0.01838109
0.01970608
0.02181141
0.02250301
0.02219804
0.01984496
0.01572525
0.01009695
0.00277024
-0.00436971
-0.01143940
-0.01712998
-0.02138649
-0.02298182
-0.02192725
-0.01848787
-0.01366020
-0.00835829
-0.00312771
0.00144697
0.00424998
0.00529242
0.00567294
0.00558420
0.00562703
0.00611153
0.00747426
0.00857995
0.00855854
0.00846777
0.00687558
0.00484069
0.00291389
0.00153586
0.00254463
0.00380024
0.00527109
0.00567196
0.00568219
0.00492538
0.00292515
0.00079336
-0.00142821
-0.00269710
-0.00336726
-0.00287359
-0.00234627
-0.00147417
-0.00175873
-0.00280730
-0.00384975
-0.00404358
-0.00302665
-0.00150381
0.00061780
0.00191422
0.00325451
0.00401951
0.00404503
0.00354218
0.00218354
0.00109928
0.00067904
0.00140221
0.00235182
0.00355645
0.00480494
0.00410525
0.00301997
0.00040880
-0.00201168
-0.00382116
-0.00580202
-0.00602541
-0.00614681
-0.00530432
-0.00334083
-0.00141814
-0.00119373
-0.00048484
-0.00066740
-0.00141100
-0.00165274
-0.00190574
-0.00014013
0.00265973
0.00619102
0.00949583
0.01245587
0.01362482
0.01356875
0.01299045
0.01018546
0.00740395
0.00496105
0.00129926
-0.00107840
-0.00198316
-0.00225656
-0.00059912
0.00337989
0.00731096
0.01109011
0.01349939
0.01476418
0.01561286
0.01542930
0.01408499
0.01282631
0.01135858
0.00907483
0.00638921
0.00388100
0.00048446
-0.00364761
-0.00685142
-0.00971362
-0.01087950
-0.01073683
-0.00903652
-0.00593873
-0.00328165
-0.00064901
0.00181735
0.00345039
0.00457751
0.00530888
0.00491622
0.00251922
-0.00034285
-0.00416072
-0.00781435
-0.00935153
-0.01053267
-0.01079182
-0.01130384
-0.01261656
-0.01424752
-0.01608968
-0.01795425
-0.01851629
-0.01826334
-0.01831746
-0.01766875
-0.01812874
-0.01889987
-0.01956085
-0.02137035
-0.02305643
-0.02431209
-0.02554133
-0.02431437
-0.02194583
-0.01779453
-0.01141032
-0.00562392
-0.00088085
0.00255244
0.00460272
0.00562780
0.00598484
0.00596238
0.00588388
0.00668759
0.00866438
0.01078900
0.01369710
0.01661736
0.01781790
0.01938667
0.01964886
0.02035879
0.02066789
0.02081378
0.01975002
0.01707766
0.01427162
0.01052724
0.00735809
0.00429706
0.00403590
0.00413788
0.00566994
0.00604430
0.00605446
0.00541800
0.00486311
0.00347389
0.00262013
0.00283638
0.00222030
0.00136046
-0.00096005
-0.00332746
-0.00530221
-0.00658232
-0.00765336
-0.00778192
-0.00635908
-0.00333991
-0.00024522
0.00351958
0.00648679
0.00886749
0.01019454
0.01042408
0.00917668
0.00733051
0.00514465
0.00228051
-0.00075298
-0.00343967
-0.00553989
-0.00668335
-0.00615711
-0.00418142
0.00029638
0.00593694
0.01084319
0.01490383
0.01747021
0.01804352
0.01645447
0.01172380
0.00570171
0.00017744
-0.00605786
-0.01192899
-0.01532262
-0.01645385
-0.01631016
-0.01472513
-0.01270041
-0.01076858
-0.00867760
-0.00568396
-0.00233632
0.00260553
0.00769539
0.01104714
0.01358188
0.01420922
0.01492838
0.01455000
0.01484175
0.01505295
0.01437478
0.01314778
0.00944508
0.00393715
-0.00216964
-0.00891996
-0.01404247
-0.01778586
-0.02005956
-0.02023503
-0.01850819
-0.01490762
-0.01089905
-0.00727191
-0.00597342
-0.00733609
-0.01107851
-0.01436903
-0.01730049
-0.01953941
-0.02036361
-0.02147544
-0.02273921
-0.02400509
-0.02408372
-0.02253444
-0.01806580
-0.01122069
-0.00427038
0.00245238
0.00860816
0.01347148
0.01755982
0.01929179
0.02166021
0.02263534
0.02169802
0.02132266
0.02073004
0.02098912
0.02269462
0.02504166
0.02578013
0.02740298
0.02773556
0.02774990
0.02704714
0.02481036
0.02154441
0.01830801
0.01444621
0.01061720
0.00806920
0.00364247
-0.00006325
-0.00381170
-0.00812129
-0.00996645
-0.01282861
-0.01438309
-0.01436686
-0.01321733
-0.01268491
-0.01345397
-0.01268907
-0.01548076
-0.01911396
-0.02253298
-0.02590108
-0.02896925
-0.03061352
-0.03074923
-0.03066775
-0.02763844
-0.02241192
-0.01673365
-0.01114096
-0.00766481
-0.00480570
-0.00379690
-0.00481586
-0.00581548
-0.00661309
-0.00668759
-0.00605416
-0.00504338
-0.00403560
-0.00315028
-0.00189464
-0.00063906
0.00089606
0.00294827
0.00486284
0.00715579
0.00771887
0.00876945
0.01074220
0.01323406
0.01632260
0.01916230
0.02168686
0.02260391
0.02094951
0.01715723
0.01179411
0.00679613
0.00255797
0.00053020
-0.00055614
-0.00070609
0.00013029
0.00069639
0.00127066
0.00045978
-0.00004106
-0.00099984
-0.00186279
-0.00169857
-0.00072347
0.00013641
0.00004869
0.00029452
0.00105952
0.00099939
-0.00064077
-0.00272458
-0.00580807
-0.00839987
-0.01116420
-0.01341434
-0.01548692
-0.01704652
-0.01960877
-0.02226898
-0.02266169
-0.02285251
-0.02002108
-0.01544545
-0.00881950
-0.00198455
0.00442315
0.00934566
0.01337779
0.01646330
0.01845550
0.01956225
0.01788027
0.01576993
0.01277830
0.01001107
0.00806183
0.00603205
0.00468564
0.00377990
0.00272928
0.00193573
0.00140022
-0.00033681
-0.00174546
-0.00216569
-0.00358250
-0.00460862
-0.00533383
-0.00705458
-0.00799812
-0.00688533
-0.00629679
-0.00470257
-0.00159465
0.00121545
0.00386747
0.00631753
0.00739572
0.00780172
0.00699086
0.00492337
0.00308331
0.00043543
-0.00209010
-0.00538874
-0.00802037
-0.01122008
-0.01449124
-0.01844270
-0.02339899
-0.02639172
-0.02891420
-0.02974661
-0.02935708
-0.02627067
-0.02214988
-0.01835046
-0.01446431
-0.01208469
-0.00911332
-0.00626656
-0.00320957
-0.00055558
0.00166297
0.00397119
0.00624380
0.00892535
0.01147743
0.01416000
0.01614092
0.01811461
0.01951104
0.02023730
0.01975088
0.01852280
0.01843503
0.01936934
0.02083207
0.02182964
0.02235804
0.02134929
0.02012027
0.01794363
0.01540073
0.01362595
0.01207044
0.01146660
0.01138090
0.01275586
0.01378001
0.01426352
0.01423592
0.01449299
0.01464906
0.01418399
0.01381168
0.01240722
0.01058451
0.00663516
0.00206655
-0.00276820
-0.00794578
-0.01163104
-0.01418620
-0.01694022
-0.01861113
-0.01821237
-0.01715668
-0.01545435
-0.01331747
-0.01130811
-0.01026159
-0.00856742
-0.00673043
-0.00346138
-0.00049416
0.00322675
0.00696104
0.00893068
0.01102992
0.01056280
0.00968676
0.00833323
0.00730803
0.00665931
0.00609422
0.00522416
0.00564642
0.00727739
0.00951630
0.01254264
0.01563016
0.01888193
0.02009678
0.02099646
0.02033549
0.01924925
0.01658403
0.01427276
0.01164415
0.00759177
0.00362291
-0.00137604
-0.00659951
-0.01174332
-0.01578262
-0.01863554
-0.01942403
-0.01912311
-0.01808482
-0.01614170
-0.01558684
-0.01644768
-0.01817669
-0.02169464
-0.02413545
-0.02767890
-0.03108167
-0.03393767
-0.03626327
-0.03689673
-0.03696823
-0.03520267
-0.03342167
-0.03011695
-0.02666119
-0.02199885
-0.01718542
-0.01313302
-0.00889695
-0.00575029
-0.00288299
-0.00116433
-0.00010755
0.00079714
0.00195386
0.00401419
0.00753121
0.01159587
0.01483237
0.01768734
0.01882063
0.01886655
0.01807610
0.01659710
0.01591075
0.01585260
0.01584743
0.01590149
0.01567812
0.01480603
0.01313730
0.01121766
0.00908588
0.00804751
0.00786082
0.00896851
0.01105034
0.01317498
0.01626966
0.01922767
0.02096992
0.02223984
0.02281711
0.02258252
0.02329653
0.02388307
0.02470312
0.02635351
0.02835175
0.02971048
0.02861292
0.02527662
0.01968907
0.01177195
0.00396888
-0.00390544
-0.01110781
-0.01607622
-0.01993593
-0.02222888
-0.02305109
-0.02109985
-0.01904661
-0.01772062
-0.01467699
-0.01356414
-0.01372630
-0.01522465
-0.01791238
-0.02084692
-0.02341631
-0.02608262
-0.02749444
-0.02650816
-0.02457928
-0.02083697
-0.01712111
-0.01231086
-0.00840421
-0.00479652
-0.00090925
0.00119600
0.00385111
0.00574012
0.00777916
0.00966309
0.01172047
0.01303423
0.01398501
0.01481938
0.01534462
0.01652069
0.01730814
0.01855155
0.01803951
0.01603322
0.01393306
0.01102306
0.00741222
0.00177476
-0.00409641
-0.00948706
-0.01402510
-0.01807550
-0.01987389
-0.02021866
-0.01963723
-0.01744730
-0.01620700
-0.01491670
-0.01500134
-0.01641811
-0.01799100
-0.01988412
-0.02169155
-0.02285131
-0.02360106
-0.02301154
-0.02262497
-0.02135615
-0.01926523
-0.01638583
-0.01290139
-0.00997510
-0.00503826
-0.00009234
0.00454973
0.00920089
0.01296172
0.01601865
0.01762315
0.01730390
0.01591779
0.01300264
0.01017317
0.00839937
0.00749160
0.00810458
0.00980387
0.01298521
0.01549037
0.01846467
0.02152571
0.02410733
0.02640448
0.02724907
0.02769583
0.02583030
0.02410961
0.02115472
0.01809676
0.01553149
0.01311108
0.01123431
0.00943289
0.00774788
0.00517744
0.00367297
0.00230715
0.00109643
-0.00034385
-0.00085589
0.00000292
0.00161146
0.00336074
0.00607905
0.00871473
0.00972254
0.01007246
0.00778364
0.00462466
0.00068344
-0.00263976
-0.00547021
-0.00851291
-0.01119649
-0.01379145
-0.01638529
-0.01907506
-0.02050511
-0.02165982
-0.02126919
-0.01992181
-0.01770537
-0.01544717
-0.01441390
-0.01433631
-0.01455153
-0.01587244
-0.01707096
-0.01729535
-0.01730458
-0.01494843
-0.01262796
-0.01004630
-0.00820827
-0.00701587
-0.00581126
-0.00545525
-0.00617129
-0.00642733
-0.00549100
-0.00504114
-0.00367947
-0.00241771
-0.00148239
-0.00004213
0.00102172
0.00144914
0.00124410
0.00163274
0.00166230
0.00186734
0.00303317
0.00390122
0.00507725
0.00714181
0.01058431
0.01298944
0.01487134
0.01621674
0.01595666
0.01626164
0.01526207
0.01359950
0.01221335
0.00946136
0.00753665
0.00499379
0.00192361
-0.00037550
-0.00224616
-0.00421583
-0.00428520
-0.00357426
-0.00188821
-0.00055507
0.00112486
0.00313019
0.00341479
0.00330159
0.00171348
-0.00032857
-0.00221759
-0.00426373
-0.00600590
-0.00662608
-0.00733091
-0.00686992
-0.00552659
-0.00375075
-0.00155470
-0.00054591
0.00014260
0.00042923
-0.00065196
-0.00209628
-0.00430050
-0.00549186
-0.00654860
-0.00729016
-0.00729019
-0.00585099
-0.00291036
-0.00111413
0.00209883
0.00538325
0.00864621
0.01222747
0.01413896
0.01595051
0.01779676
0.01649328
0.01439621
0.01026725
0.00518462
0.00091182
-0.00265717
-0.00422087
-0.00532863
-0.00390782
-0.00297249
-0.00169136
0.00029251
0.00294350
0.00511711
0.00667262
0.00769160
0.00894419
0.00945420
0.01003048
0.01206436
0.01298442
0.01517131
0.01639124
0.01726745
0.01760107
0.01744097
0.01643010
0.01469411
0.01356803
0.01100585
0.00853027
0.00678101
0.00464614
0.00246338
0.00003982
-0.00206950
-0.00428906
-0.00696959
-0.00864245
-0.01007860
-0.01078861
-0.01165866
-0.01163009
-0.01126085
-0.01055606
-0.00953809
-0.00855584
-0.00810497
-0.00879247
-0.01005317
-0.01298873
-0.01467376
-0.01708815
-0.01749006
-0.01740440
-0.01684753
-0.01399466
-0.01087450
-0.00774815
-0.00481261
-0.00264100
-0.00113547
0.00039354
0.00077605
0.00163594
0.00149216
-0.00007455
-0.00208800
-0.00458292
-0.00767146
-0.01008787
-0.01290920
-0.01463111
-0.01577049
-0.01537363
-0.01324596
-0.01079387
-0.00578879
-0.00077748
0.00307402
0.00531298
0.00728160
0.00678081
0.00484386
0.00208070
-0.00171164
-0.00470944
-0.00689634
-0.00729622
-0.00644558
-0.00449838
-0.00234213
0.00041495
0.00240088
0.00433380
0.00584954
0.00586284
0.00502749
0.00317314
0.00082002
-0.00148315
-0.00358945
-0.00495015
-0.00526840
-0.00510320
-0.00405465
-0.00332022
-0.00309277
-0.00227064
-0.00283367
-0.00345689
-0.00289691
-0.00368128
-0.00552341
-0.00651076
-0.00742775
-0.00907099
-0.00970035
-0.01001452
-0.01019919
-0.00944647
-0.00669764
-0.00223102
0.00071165
0.00384308
0.00709075
0.00910530
0.01014572
0.01093731
0.01045590
0.00869947
0.00683596
0.00417276
0.00179003
0.00044157
-0.00024593
-0.00042648
0.00046395
0.00182259
0.00316183
0.00435626
0.00599131
0.00738873
0.00822105
0.00793346
0.00746324
0.00699608
0.00588225
0.00492141
0.00454503
0.00404217
0.00345871
0.00371679
0.00349646
0.00371676
0.00395032
0.00579857
0.00634631
0.00718066
0.00871780
0.01017235
0.01157692
0.01135251
0.01151063
0.01139132
0.01149742
0.01089563
0.00964617
0.00832632
0.00699320
0.00587013
0.00498684
0.00389338
0.00359147
0.00307126
0.00232974
0.00176771
0.00099763
0.00053148
-0.00103826
-0.00299463
-0.00560682
-0.00798652
-0.00993063
-0.01112820
-0.01163412
-0.01222980
-0.01144341
-0.01047647
-0.00941264
-0.00683714
-0.00615883
-0.00557948
-0.00571717
-0.00632713
-0.00614150
-0.00568864
-0.00451463
-0.00405767
-0.00327432
-0.00270722
-0.00170150
-0.00230224
-0.00209417
-0.00090483
-0.00103744
-0.00037545
-0.00014799
0.00066802
0.00105562
0.00092711
0.00160235
0.00126576
0.00096996
0.00048547
-0.00043151
-0.00144437
-0.00238277
-0.00383320
-0.00485627
-0.00587015
-0.00624961
-0.00617209
-0.00609764
-0.00501850
-0.00418619
-0.00248278
-0.00068555
-0.00006231
0.00058640
0.00077920
-0.00002661
0.00055786
-0.00020000
-0.00015002
0.00007335
0.00012333
0.00141770
0.00216944
0.00337202
0.00358114
0.00379125
0.00415947
0.00446547
0.00479290
0.00556810
0.00542633
0.00498671
0.00474601
0.00446142
0.00483676
0.00558237
0.00736330
0.00906159
0.01072318
0.01228991
0.01364452
0.01421983
0.01330999
0.01175249
0.00965232
0.00783675
0.00566821
0.00496035
0.00291730
0.00148522
-0.00002746
-0.00190324
-0.00305076
-0.00430026
-0.00417074
-0.00424213
-0.00423195
-0.00406774
-0.00323134
-0.00324765
-0.00323440
-0.00362913
-0.00391270
-0.00478785
-0.00591192
-0.00574057
-0.00613734
-0.00561919
-0.00495212
-0.00423302
-0.00424730
-0.00403311
-0.00326506
-0.00309167
-0.00210124
-0.00167183
-0.00134849
0.00021107
0.00101281
0.00247956
0.00359344
0.00429317
0.00447575
0.00370056
0.00288967
0.00146372
0.00057937
-0.00032436
0.00028457
0.00095369
0.00171154
0.00291719
0.00350269
0.00393212
0.00384850
0.00192278
-0.00010091
-0.00195322
-0.00407891
-0.00528455
-0.00639026
-0.00690538
-0.00625770
-0.00499802
-0.00330688
-0.00207268
-0.00074158
0.00046713
0.00065686
0.00134230
0.00172992
0.00170953
0.00153309
0.00021220
-0.00114032
-0.00231943
-0.00398612
-0.00521217
-0.00558856
-0.00513977
-0.00398311
-0.00312326
-0.00202981
-0.00127399
-0.00122298
-0.00126684
-0.00119441
-0.00182171
-0.00244494
-0.00369240
-0.00491945
-0.00472567
-0.00508675
-0.00509596
-0.00341398
-0.00202272
-0.00061308
0.00161459
0.00278659
0.00388206
0.00455427
0.00488577
0.00500819
0.00456245
0.00469712
0.00469915
0.00600780
0.00672181
0.00683810
0.00656271
0.00677690
0.00760005
0.00757253
0.00761538
0.00757151
0.00761844
0.00757154
0.00754199
0.00582839
0.00450650
0.00299180
0.00093142
-0.00100967
-0.00280792
-0.00395341
-0.00527942
-0.00487553
-0.00428904
-0.00337310
-0.00211442
-0.00186962
-0.00145856
-0.00121273
-0.00120049
-0.00124027
-0.00118825
-0.00124742
-0.00118214
-0.00085370
-0.00050282
-0.00018865
-0.00078330
-0.00150240
-0.00208993
-0.00270602
-0.00220317
-0.00224294
-0.00202468
-0.00069052
0.00006733
0.00062630
0.00097514
0.00167181
0.00177280
0.00168201
0.00178095
0.00165958
0.00192477
0.00266631
0.00294986
0.00454618
0.00425346
0.00419734
0.00479100
0.00461046
0.00508987
0.00495524
0.00499912
0.00504198
0.00477579
0.00464928
0.00413523
0.00342326
0.00266747
0.00109054
0.00019603
-0.00146964
-0.00300065
-0.00491519
-0.00683278
-0.00892280
-0.01002542
-0.01058746
-0.01166255
-0.01221443
-0.01291315
-0.01345884
-0.01290094
-0.01134139
-0.00860579
-0.00643010
-0.00539789
-0.00332830
-0.00202986
-0.00067018
0.00041305
0.00147897
0.00299264
0.00355878
0.00392087
0.00458189
0.00485525
0.00562226
0.00563859
0.00574875
0.00681771
0.00753681
0.00819166
0.00870475
0.00836308
0.00755115
0.00585492
0.00404136
0.00304483
0.00208806
0.00145771
0.00084468
-0.00001822
-0.00145235
-0.00267736
-0.00405131
-0.00529367
-0.00668190
-0.00778147
-0.00816197
-0.00794269
-0.00646370
-0.00418913
-0.00138515
0.00171972
0.00421160
0.00545499
0.00680246
0.00757360
0.00755523
0.00763787
0.00698508
0.00598958
0.00485228
0.00290818
0.00089775
-0.00044150
-0.00179812
-0.00235811
-0.00212046
-0.00235405
-0.00156662
-0.00071697
0.00059679
0.00179734
0.00289997
0.00301730
0.00208911
0.00087024
-0.00095556
-0.00323115
-0.00574753
-0.00682670
-0.00771513
-0.00833020
-0.00764378
-0.00687776
-0.00701649
-0.00618927
-0.00559872
-0.00505200
-0.00541304
-0.00613418
-0.00617192
-0.00670436
-0.00736634
-0.00677984
-0.00749895
-0.00808955
-0.00712360
-0.00706752
-0.00600979
-0.00508976
-0.00408403
-0.00269481
-0.00159625
-0.00120661
-0.00146771
-0.00237755
-0.00332309
-0.00312727
-0.00347101
-0.00217869
-0.00136268
-0.00092512
0.00043251
0.00120668
0.00230830
0.00323650
0.00368634
0.00353947
0.00364558
0.00345179
0.00244097
0.00167801
0.00103949
0.00054070
0.00072022
0.00057742
0.00071409
0.00055090
0.00086607
0.00155458
0.00169229
0.00150462
0.00190038
0.00190856
0.00164236
0.00089268
-0.00068933
-0.00297921
-0.00506207
-0.00657268
-0.00871062
-0.00988160
-0.01016828
-0.01018565
-0.01001022
-0.00865365
-0.00739703
-0.00552026
-0.00346189
-0.00216446
-0.00079662
0.00028867
0.00081297
0.00156879
0.00161268
0.00102823
0.00035198
-0.00043546
-0.00115557
-0.00214702
-0.00301605
-0.00337410
-0.00276415
-0.00208485
-0.00091898
0.00049880
0.00210940
0.00326710
0.00354047
0.00354047
0.00351295
0.00354661
0.00341810
0.00191462
0.00154334
0.00098744
0.00047947
0.00061307
0.00109043
0.00226138
0.00268367
0.00365572
0.00464108
0.00505929
0.00533570
0.00558255
0.00522761
0.00458196
0.00386898
0.00291630
0.00181980
0.00155255
0.00146073
0.00220328
0.00250521
0.00314066
0.00351705
0.00408314
0.00453706
0.00500422
0.00560704
0.00532654
0.00599466
0.00542347
0.00557138
0.00423520
0.00279089
0.00190349
0.00091000
0.00026739
0.00021638
0.00057031
0.00110172
0.00163212
0.00195751
0.00332840
0.00282554
0.00250220
0.00191876
0.00130064
0.00051318
0.00072941
0.00103744
0.00156783
0.00307538
0.00413108
0.00500931
0.00587937
0.00675149
0.00631595
0.00649448
0.00578662
0.00534391
0.00548059
0.00537962
0.00546428
0.00538880
0.00545306
0.00540309
0.00503182
0.00476967
0.00379762
0.00339267
0.00350079
0.00341816
0.00400466
0.00515932
0.00538577
0.00603549
0.00644963
0.00642618
0.00569589
0.00374971
0.00289803
0.00176683
0.00148225
0.00145877
0.00207995
0.00257975
0.00248592
0.00377826
0.00358246
0.00246659
0.00192499
0.00083358
-0.00011807
-0.00055363
-0.00041490
-0.00051080
-0.00043837
-0.00047917
-0.00098915
-0.00176335
-0.00229374
-0.00309344
-0.00345555
-0.00338418
-0.00346273
-0.00280386
-0.00237443
-0.00150639
-0.00103106
-0.00066590
-0.00017017
0.00025721
-0.00040578
-0.00053125
-0.00039252
-0.00107694
-0.00208775
-0.00253758
-0.00232133
-0.00267936
-0.00290375
-0.00339439
-0.00335154
-0.00402779
-0.00456328
-0.00554657
-0.00628505
-0.00696641
-0.00739788
-0.00731834
-0.00720309
-0.00630956
-0.00640545
-0.00627795
-0.00645850
-0.00566698
-0.00580673
-0.00528248
-0.00439406
-0.00383100
-0.00278042
-0.00164413
-0.00027326
0.00065393
0.00146075
0.00208194
0.00257053
0.00242569
0.00250219
0.00246752
0.00246956
0.00250526
0.00241346
0.00310095
0.00352528
0.00343347
0.00346510
0.00347531
0.00341412
0.00326621
0.00319789
0.00215036
0.00162813
0.00088760
-0.00010281
-0.00066178
-0.00153387
-0.00258244
-0.00339844
-0.00333829
-0.00400231
-0.00444702
-0.00434298
-0.00395538
-0.00426852
-0.00441438
-0.00434502
-0.00436135
-0.00450415
-0.00537522
-0.00529260
-0.00551191
-0.00633913
-0.00626264
-0.00692768
-0.00741221
-0.00669007
-0.00610865
-0.00484999
-0.00350767
-0.00223982
-0.00127284
-0.00042318
-0.00046499
-0.00038339
-0.00061492
-0.00139624
-0.00142379
-0.00139013
-0.00144419
-0.00135749
-0.00149724
-0.00076081
-0.00038441
-0.00042828
-0.00044459
-0.00038851
-0.00048642
-0.00022430
0.00050909
0.00071614
0.00156071
0.00148013
0.00214212
0.00272861
0.00352729
0.00339265
0.00393735
0.00426989
0.00320093
0.00203405
0.00140573
0.00112217
0.00016337
0.00034186
0.00051933
0.00118640
0.00173312
0.00269396
0.00347733
0.00408934
0.00464423
0.00384049
0.00346107
0.00357532
0.00294187
0.00229112
0.00162608
0.00140781
0.00046226
-0.00095961
-0.00161855
-0.00231011
-0.00237030
-0.00234071
-0.00235500
-0.00235908
-0.00230604
-0.00294761
-0.00340051
-0.00341683
-0.00395436
-0.00409920
-0.00458677
-0.00517735
-0.00537421
-0.00518654
-0.00537628
-0.00558335
-0.00555376
-0.00475308
-0.00406356
-0.00374126
-0.00266821
-0.00213171
-0.00084446
-0.00006518
0.00048359
0.00083854
0.00153624
0.00163212
0.00155460
0.00163008
0.00156175
0.00162498
0.00156991
0.00161886
0.00157807
0.00161886
0.00156583
0.00175554
0.00258991
0.00305707
0.00407094
0.00483086
0.00451161
0.00453610
0.00458710
0.00436577
0.00360283
0.00301838
0.00190963
0.00104365
-0.00007938
-0.00034765
-0.00040376
-0.00013959
0.00054891
0.00127515
0.00162807
0.00219825
0.00267357
0.00268276
0.00365992
0.00336515
0.00264912
0.00204223
0.00133434
0.00075601
-0.00001104
-0.00038334
-0.00033132
-0.00032826
-0.00035785
-0.00030684
-0.00037926
-0.00027828
-0.00042720
-0.00008754
0.00001548
-0.00041700
-0.00026706
-0.00091475
-0.00156756
-0.00221729
-0.00287214
-0.00393906
-0.00431852
-0.00419816
-0.00432671
-0.00363414
-0.00318022
-0.00335771
-0.00264372
-0.00221737
-0.00233160
-0.00226838
-0.00220616
-0.00109132
-0.00041607
0.00028160
0.00084261
0.00176468
0.00262966
0.00256438
0.00318558
0.00384143
0.00451974
0.00460033
0.00454526
0.00459627
0.00454629
0.00419848
0.00387006
0.00354673
0.00363342
0.00343249
0.00259303
0.00265831
0.00244208
0.00161996
0.00167810
0.00144759
0.00068767
0.00048878
-0.00031193
-0.00087089
-0.00158592
-0.00222239
-0.00233155
-0.00225505
-0.00241110
-0.00388704
-0.00428485
-0.00440419
-0.00437972
-0.00503558
-0.00492443
-0.00451949
-0.00406967
-0.00330773
-0.00269369
-0.00218675
-0.00235810
-0.00225203
-0.00232139
-0.00228162
-0.00229487
-0.00231528
-0.00184812
-0.00222042
-0.00234283
-0.00174104
-0.00103520
-0.00044667
-0.00011822
0.00098133
0.00137404
0.00160353
0.00218901
0.00324980
0.00378430
0.00454726
0.00453196
0.00471046
0.00555401
0.00550404
0.00597936
0.00604771
0.00559078
0.00551836
0.00514299
0.00485637
0.00448101
0.00461260
0.00448510
0.00464422
0.00431988
0.00365893
0.00335700
0.00265830
0.00240024
0.00163422
0.00158831
0.00163422
0.00157302
0.00164952
0.00154139
0.00179741
0.00256139
0.00259200
0.00298571
0.00273991
0.00191167
0.00158528
0.00106099
0.00033782
-0.00026298
-0.00056081
-0.00171036
-0.00203676
-0.00237848
-0.00219286
-0.00075976
-0.00016408
0.00114458
0.00187593
0.00206769
0.00254608
0.00242777
0.00198816
0.00175151
0.00133944
0.00069887
0.00040104
-0.00031501
-0.00054552
-0.00134521
-0.00135950
-0.00133399
-0.00181237
-0.00140233
-0.00188988
-0.00261511
-0.00324853
-0.00336177
-0.00328119
-0.00337096
-0.00275285
-0.00206741
-0.00148091
-0.00069346
-0.00080260
-0.00041601
-0.00099026
-0.00098108
-0.00182154
-0.00292519
-0.00288133
-0.00405739
-0.00432260
-0.00430630
-0.00432671
-0.00428081
-0.00438078
-0.00369841
-0.00315782
-0.00258560
-0.00210314
-0.00184611
-0.00108621
-0.00089953
-0.00045481
-0.00037830
-0.00042114
-0.00035891
-0.00098009
-0.00151968
-0.00123612
-0.00209087
-0.00232752
-0.00250603
-0.00149625
-0.00099337
-0.00134834
-0.00022533
0.00069267
0.00166780
0.00272350
0.00343139
0.00413622
0.00454627
0.00446570
0.00450448
0.00396696
0.00308058
0.00110690
-0.00034559
-0.00136355
-0.00196536
-0.00304146
-0.00343725
-0.00326690
-0.00399619
-0.00439808
-0.00431444
-0.00435218
-0.00433791
-0.00433383
-0.00436444
-0.00428590
-0.00495400
-0.00540382
-0.00528042
-0.00536407
-0.00518354
-0.00428697
-0.00447263
-0.00361890
-0.00398505
-0.00423804
-0.00380657
-0.00331495
-0.00233370
-0.00244795
-0.00182677
-0.00112094
-0.00056400
-0.00014275
-0.00015294
0.00011633
0.00066408
0.00045395
0.00116490
0.00162084
0.00184932
0.00188399
0.00180648
0.00152087
0.00146783
0.00214918
0.00256434
0.00249294
0.00247458
0.00268367
0.00303762
0.00340991
0.00347825
0.00404843
0.00468289
0.00557233
0.00640057
0.00700136
0.00710134
0.00709728
0.00648528
0.00641798
0.00588352
0.00476664
0.00387106
0.00283374
0.00189228
0.00088452
0.00033371
-0.00052410
-0.00122282
-0.00206331
-0.00209392
-0.00201437
-0.00229182
-0.00244686
-0.00237445
-0.00239791
-0.00292933
-0.00368209
-0.00422269
-0.00504176
-0.00523048
-0.00472253
-0.00509075
-0.00483170
-0.00366076
-0.00272339
-0.00090573
-0.00008259
0.00076198
0.00136174
0.00198395
0.00275813
0.00307843
0.00353336
0.00362006
0.00406173
0.00380777
0.00334673
0.00378329
0.00325802
0.00175455
0.00191468
0.00168517
0.00084571
0.00053664
0.00039282
-0.00044358
-0.00042013
-0.00045175
-0.00041300
-0.00047522
-0.00026613
0.00054273
0.00053967
0.00054681
0.00055292
0.00052844
0.00058862
0.00037340
-0.00042118
-0.00043954
-0.00041098
-0.00047116
-0.00034874
-0.00108110
-0.00141770
-0.00199706
-0.00246933
-0.00238876
-0.00181247
-0.00132695
-0.00091693
0.00028055
0.00112409
0.00177077
0.00301313
0.00378630
0.00439729
0.00451255
0.00446360
0.00436264
0.00334061
0.00199319
0.00073656
-0.00067105
-0.00128306
-0.00209193
-0.00182674
-0.00131675
-0.00091489
0.00032442
0.00053556
0.00113430
0.00169633
0.00126079
0.00082118
0.00092012
0.00047132
0.00064574
-0.00004888
-0.00051503
-0.00031205
-0.00105971
-0.00104340
-0.00071599
-0.00020702
0.00053146
0.00111183
0.00224302
0.00267142
0.00368734
0.00446560
0.00450337
0.00489097
0.00464923
0.00423615
0.00364251
0.00272146
0.00149745
0.00107415
0.00021123
-0.00008050
-0.00013354
0.00015205
0.00066307
0.00107923
0.00175039
0.00138932
0.00174938
0.00130160
0.00215737
0.00209822
0.00188912
0.00235833
0.00134547
0.00170248
0.00136487
0.00045095
0.00002560
-0.00029162
-0.00043443
-0.00037833
-0.00038242
-0.00043036
-0.00029776
-0.00107908
-0.00079859
-0.00043341
-0.00144117
-0.00131672
-0.00138200
-0.00189913
-0.00262539
-0.00326697
-0.00332715
-0.00388305
-0.00443795
-0.00420642
-0.00440226
-0.00409730
-0.00333945
-0.00335679
-0.00272949
-0.00225111
-0.00238371
-0.00234088
-0.00147693
-0.00217256
-0.00238168
-0.00287943
-0.00344552
-0.00335270
-0.00442880
-0.00413505
-0.00461036
-0.00458794
-0.00427175
-0.00430644
-0.00377604
-0.00299269
-0.00249697
-0.00163304
-0.00138415
-0.00115670
-0.00043759
-0.00018158
0.00055997
0.00077008
0.00159018
0.00157182
0.00160243
0.00156877
0.00161468
0.00154532
0.00167180
0.00092823
0.00072320
0.00107409
0.00039068
0.00135254
0.00152085
0.00224608
0.00257758
0.00305291
0.00245929
0.00161575
0.00141583
0.00066512
-0.00000299
-0.00041609
-0.00049565
-0.00136470
-0.00134329
-0.00132697
-0.00141368
-0.00071702
-0.00032024
-0.00035695
-0.00083329
-0.00078637
-0.00121783
-0.00233983
-0.00288860
-0.00342615
-0.00323237
-0.00336396
-0.00325788
-0.00336396
-0.00313652
-0.00231440
-0.00238478
-0.00173200
-0.00113428
-0.00036418
-0.00043251
0.00026005
0.00065175
0.00113317
0.00260607
0.00164829
0.00174112
0.00215421
0.00244899
0.00264892
0.00249899
0.00264791
0.00246737
0.00282335
0.00292334
0.00247454
0.00266425
0.00193088
0.00153409
0.00159733
0.00162589
0.00097513
0.00065177
0.00168299
0.00147491
0.00181864
0.00250919
0.00261018
0.00291924
0.00289376
0.00289174
0.00239807
0.00141785
0.00064775
0.00003574
-0.00062522
-0.00131170
-0.00137801
-0.00133723
-0.00139538
-0.00079155
-0.00012958
0.00066602
0.00168399
0.00142799
0.00190127
0.00183806
0.00163305
0.00093130
0.00017446
-0.00008971
-0.00092610
-0.00171661
-0.00200528
-0.00209812
-0.00217463
-0.00142902
-0.00115975
-0.00045086
-0.00019995
0.00057934
0.00057220
0.00115768
0.00170951
0.00145858
0.00169522
0.00131986
0.00068747
0.00037535
-0.00032538
-0.00098124
-0.00149838
-0.00123318
-0.00208385
-0.00218382
-0.00195635
-0.00247147
-0.00186355
-0.00227665
-0.00294271
-0.00346291
-0.00320484
-0.00402901
-0.00419222
-0.00374342
-0.00346904
-0.00324362
-0.00345681
-0.00266324
-0.00238274
-0.00163815
-0.00104552
-0.00192986
-0.00166163
-0.00026218
-0.00054574
0.00027944
0.00057625
0.00072517
0.00157279
0.00110462
0.00147079
0.00119745
0.00083942
0.00053954
0.00058340
0.00055994
0.00058747
0.00013051
0.00047729
0.00062418
0.00010296
0.00009072
0.00004379
0.00054053
0.00012539
0.00049565
0.00057215
0.00060072
-0.00003270
-0.00050802
-0.00036318
-0.00045397
-0.00038869
-0.00045193
0.00012333
0.00128104
0.00151973
0.00171964
0.00248669
0.00257034
0.00232963
0.00156769
0.00150853
0.00157790
0.00148100
0.00161156
0.00142081
0.00221437
0.00250508
0.00269377
0.00345061
0.00365972
0.00447267
0.00446349
0.00448186
0.00406163
0.00382296
0.00328032
0.00243170
0.00131888
0.00062936
0.00033967
-0.00035597
-0.00104958
-0.00148309
-0.00137906
-0.00142904
-0.00140661
-0.00140763
-0.00144538
-0.00083951
-0.00029890
-0.00056105
-0.00027647
-0.00068142
0.00059052
-0.00031215
-0.00159940
-0.00191866
-0.00250925
-0.00290092
-0.00353639
-0.00327426
-0.00345584
-0.00331203
-0.00345177
-0.00278981
-0.00175655
-0.00081612
0.00020898
0.00113310
0.00178490
0.00239588
0.00273759
0.00286306
0.00239795
0.00258461
0.00229494
0.00154830
0.00149527
0.00154423
0.00147691
0.00118316
0.00064052
-0.00047230
-0.00043457
-0.00043660
-0.00047128
-0.00039172
-0.00055085
0.00065275
0.00062011
0.00108319
0.00162991
0.00144734
0.00155546
0.00148917
0.00112502
0.00085065
0.00032433
-0.00043353
-0.00041926
-0.00102411
-0.00154025
-0.00145661
-0.00217673
-0.00179832
-0.00136073
-0.00237359
-0.00259289
-0.00335279
-0.00343953
-0.00320595
-0.00242564
-0.00240421
-0.00241339
-0.00240931
-0.00239197
-0.00255108
-0.00342013
-0.00333855
-0.00346094
-0.00318352
-0.00286835
-0.00249299
-0.00236957
-0.00244302
-0.00237672
-0.00244915
-0.00235939
-0.00248894
-0.00218907
-0.00151894
-0.00079066
-0.00042244
0.00009369
0.00078728
0.00146764
0.00151355
0.00152989
0.00145135
0.00173083
0.00188079
0.00141772
0.00156255
0.00147381
0.00153602
0.00188588
0.00220922
0.00252644
0.00289569
0.00261010
0.00240814
0.00258868
0.00185123
0.00144526
0.00155440
0.00145749
0.00199503
0.00153808
0.00156153
0.00130144
0.00062110
-0.00012555
-0.00003784
-0.00040913
0.00013859
0.00059046
0.00066286
0.00140543
0.00085667
0.00170939
0.00161148
0.00147378
0.00153600
0.00149725
0.00151663
0.00154009
0.00093625
0.00041400
0.00062003
0.00045580
0.00061186
0.00043845
0.00075770
0.00144416
0.00169712
0.00248457
0.00249274
0.00249989
0.00248970
0.00250807
0.00247443
0.00254583
0.00190223
0.00139731
0.00244690
0.00165845
0.00145036
0.00158297
0.00102707
0.00148912
0.00149117
0.00157277
0.00143507
0.00165334
0.00120251
0.00089038
0.00022229
-0.00049581
-0.00102518
-0.00146175
-0.00159027
-0.00181467
-0.00132099
-0.00145564
-0.00143626
-0.00083242
-0.00033976
-0.00049072
-0.00040402
-0.00045502
-0.00042748
-0.00043666
-0.00044177
-0.00042238
-0.00045706
-0.00039893
-0.00049685
-0.00023063
0.00008251
0.00047623
0.00056395
0.00054763
0.00052826
0.00059149
0.00036914
-0.00041524
-0.00044278
-0.00041219
-0.00045911
-0.00039383
-0.00047848
-0.00036833
-0.00051622
-0.00028774
-0.00125877
-0.00240220
-0.00252562
-0.00338548
-0.00334570
-0.00338549
-0.00334877
-0.00339263
-0.00331511
-0.00396588
-0.00444528
-0.00427799
-0.00440549
-0.00428616
-0.00440754
-0.00427494
-0.00442794
-0.00423619
-0.00451466
-0.00385981
-0.00363133
-0.00451058
-0.00423825
-0.00444225
-0.00372724
-0.00274193
-0.00215238
-0.00143631
-0.00139654
-0.00129147
-0.00032656
-0.00068559
-0.00074884
-0.00036939
-0.00042753
-0.00043467
-0.00037959
-0.00049689
-0.00017560
-0.00007053
-0.00048057
-0.00041325
-0.00026842
0.00046191
-0.00052443
-0.00014296
0.00030380
0.00021201
0.00063938
0.00052413
0.00058736
0.00054962
0.00057206
0.00056084
0.00096067
0.00124730
0.00160532
0.00150435
0.00158900
0.00148292
0.00174097
0.00249170
0.00256820
0.00244478
0.00318121
0.00350762
0.00372284
0.00374121
0.00282525
0.00274671
0.00224794
0.00163696
0.00148497
0.00160228
0.00150742
0.00116775
0.00139623
0.00168082
0.00128404
0.00078627
0.00151353
0.00157779
0.00150231
0.00172262
0.00252842
0.00251823
0.00254679
0.00250090
0.00227853
0.00288647
0.00184710
0.00152680
0.00151966
0.00214083
0.00263145
0.00246825
0.00257637
0.00249682
0.00255291
0.00252741
0.00249987
0.00312003
0.00361269
0.00345153
0.00355149
0.00348929
0.00351173
0.00395134
0.00356578
0.00405436
0.00423899
0.00369941
0.00356886
0.00291504
0.00189199
0.00144827
0.00166554
0.00088524
0.00055170
0.00052517
0.00118205
0.00162473
0.00151969
0.00155537
0.00158191
0.00096684
0.00045277
0.00068124
-0.00008068
-0.00044382
-0.00092729
-0.00169638
-0.00225023
-0.00289896
-0.00275514
-0.00312439
-0.00289183
-0.00292346
-0.00302648
-0.00307135
-0.00322742
-0.00236348
-0.00237572
-0.00236042
-0.00290305
-0.00356403
-0.00258994
-0.00248895
-0.00192082
-0.00121599
-0.00244917
-0.00232372
-0.00240531
-0.00234617
-0.00241145
-0.00221560
-0.00137309
-0.00144448
-0.00121805
-0.00041938
-0.00042244
-0.00040510
-0.00042550
-0.00040102
-0.00044283
-0.00027454
0.00062205
-0.00005829
-0.00049076
-0.00036633
-0.00055808
-0.00156380
-0.00235838
-0.00239817
-0.00234206
-0.00243897
-0.00227475
-0.00265725
-0.00266236
-0.00292755
-0.00346714
-0.00330292
-0.00339676
-0.00333455
-0.00338453
-0.00333456
-0.00340393
-0.00288473
-0.00334272
-0.00319176
-0.00283477
-0.00244513
-0.00241657
-0.00176786
-0.00137618
-0.00083354
-0.00033475
-0.00045205
-0.00046021
-0.00021438
-0.00006342
-0.00049283
-0.00043878
-0.00023987
-0.00003383
-0.00054586
-0.00033983
-0.00062542
-0.00139960
-0.00139961
-0.00143327
-0.00138023
-0.00146694
-0.00123132
-0.00044797
-0.00043164
-0.00043674
-0.00043369
-0.00043267
-0.00044694
-0.00041125
-0.00049693
0.00017932
0.00060875
0.00052205
0.00051083
0.00113201
0.00161243
0.00147269
0.00154002
0.00152267
0.00146963
0.00213365
0.00214591
0.00235908
0.00257634
0.00242640
0.00258043
0.00186643
0.00183582
0.00223770
0.00251923
0.00248353
0.00249781
0.00248353
0.00250394
0.00247028
0.00252128
0.00244274
0.00256209
0.00236524
0.00280688
0.00220509
0.00137991
0.00155025
0.00150638
0.00146456
0.00160737
0.00080158
0.00071895
0.00075874
-0.00056625
-0.00038265
-0.00050608
-0.00042754
-0.00047140
-0.00047038
-0.00031433
0.00053941
0.00089335
0.00080359
0.00140743
0.00170834
0.00192356
0.00078526
0.00051801
0.00036808
-0.00047853
-0.00043773
-0.00048873
-0.00043977
-0.00048976
-0.00043977
-0.00049179
-0.00043875
-0.00049281
-0.00044384
-0.00047240
-0.00098545
-0.00176576
-0.00227881
-0.00311318
-0.00340592
-0.00356810
-0.00439226
-0.00437595
-0.00440961
-0.00435965
-0.00445044
-0.00347021
-0.00428825
-0.00426378
-0.00342229
-0.00326520
-0.00243697
-0.00240637
-0.00253286
-0.00161689
-0.00098858
-0.00120787
-0.00068054
-0.00047857
-0.00046939
-0.00047041
-0.00049489
-0.00043777
-0.00054589
-0.00026335
0.00043942
0.00058427
0.00036394
0.00124523
0.00084233
0.00065057
0.00088108
0.00054347
0.00156448
0.00139517
0.00167362
0.00245904
0.00242130
0.00264366
0.00300168
0.00334338
0.00349639
0.00338929
0.00351680
0.00281709
0.00238971
0.00249273
0.00246213
0.00191541
0.00130137
0.00177974
0.00178995
0.00143704
0.00149110
0.00148089
0.00147171
0.00149313
0.00146049
0.00150843
0.00143091
0.00165633
0.00245091
0.00245805
0.00245907
0.00246315
0.00245499
0.00246825
0.00244888
0.00247745
0.00243155
0.00251926
0.00185015
0.00139523
0.00153089
0.00144316
0.00150539
0.00148091
0.00094236
0.00031301
0.00041705
0.00011717
-0.00056623
-0.00044587
-0.00049075
-0.00047444
-0.00047443
-0.00048463
-0.00046627
-0.00049177
-0.00045913
-0.00049993
-0.00044587
-0.00052033
-0.00040099
-0.00070903
-0.00083960
-0.00038672
-0.00052849
-0.00043772
-0.00050300
-0.00045404
-0.00048668
-0.00047036
-0.00046526
-0.00050810
0.00041296
-0.00031123
-0.00054074
-0.00042956
-0.00050300
-0.00044690
-0.00049177
-0.00045199
-0.00049177
-0.00043975
-0.00092527
-0.00053972
-0.00044894
-0.00047240
-0.00047954
-0.00043670
-0.00054074
0.00017223
0.00052923
0.00108514
0.00159412
0.00144214
0.00151355
0.00151559
0.00091278
0.00040685
0.00058433
0.00045989
0.00056496
0.00046907
0.00056496
0.00046296
0.00058026
0.00043440
0.00064554
-0.00019391
-0.00028164
-0.00008172
-0.00053664
-0.00054072
-0.00153624
-0.00118741
-0.00108234
-0.00113335
-0.00069373
-0.00044995
-0.00044383
-0.00047341
-0.00043465
-0.00047851
-0.00042955
-0.00048055
-0.00042649
-0.00048157
-0.00081918
-0.00116190
-0.00146382
-0.00141996
-0.00144240
-0.00140568
-0.00157907
-0.00243484
-0.00236855
-0.00245933
-0.00233591
-0.00262354
-0.00321923
-0.00238692
-0.00245323
-0.00193303
-0.00196261
-0.00171883
-0.00140468
-0.00128840
-0.00042344
-0.00046628
-0.00042650
-0.00045097
-0.00043873
-0.00043975
-0.00044995
-0.00042240
-0.00087630
-0.00095077
-0.00050401
-0.00039996
-0.00049075
-0.00026125
0.00053537
0.00053435
0.00055169
0.00053129
0.00055985
0.00051906
0.00059148
0.00037015
-0.00042443
-0.00043259
-0.00042953
-0.00043565
-0.00083651
-0.00098645
-0.00043361
-0.00048869
-0.00022451
0.00008353
0.00008761
-0.00011129
-0.00049175
-0.00039383
-0.00044993
-0.00041117
-0.00043871
-0.00041729
-0.00043055
-0.00042443
-0.00041730
-0.00045095
-0.00027042
0.00057312
0.00051396
0.00071286
0.00156762
0.00145543
0.00218677
0.00213373
0.00242035
0.00254582
0.00254378
0.00193179
0.00144218
0.00159825
0.00150033
0.00157275
0.00151052
0.00198789
0.00163396
0.00148197
0.00161866
0.00133817
0.00060581
0.00052012
0.00064048
-0.00006434
-0.00047948
-0.00038258
-0.00043358
-0.00039788
-0.00042848
-0.00039686
-0.00043052
-0.00039074
-0.00043766
-0.00037952
-0.00045296
-0.00035607
-0.00049784
-0.00016838
-0.00004904
-0.00051824
-0.00020409
0.00012843
0.00044769
0.00077409
0.00152889
0.00155134
0.00155950
0.00152992
0.00159418
0.00146566
0.00181246
0.00184920
0.00209094
0.00263765
0.00249894
0.00210216
0.00248772
0.00196140
0.00146976
0.00146263
0.00051607
0.00062622
0.00053034
0.00060684
0.00054565
0.00059562
0.00055585
0.00058747
0.00056401
0.00057931
0.00057319
0.00056095
0.00101180
0.00066092
0.00053240
0.00060176
0.00055076
0.00059156
0.00055994
0.00058442
0.00056709
0.00057626
0.00057729
0.00055791
0.00101589
0.00065787
0.00053242
0.00060891
0.00053038
0.00064666
-0.00005713
-0.00005204
-0.00024991
-0.00062833
-0.00135457
-0.00139232
-0.00139537
-0.00135152
-0.00155551
-0.00235928
-0.00237356
-0.00234295
-0.00282337
-0.00282745
-0.00303451
-0.00340579
-0.00331807
-0.00336704
-0.00333236
-0.00336398
-0.00332522
-0.00338847
-0.00287031
-0.00333440
-0.00276423
-0.00227668
-0.00241845
-0.00234296
-0.00238172
-0.00237253
-0.00235418
-0.00240415
-0.00231440
-0.00247046
-0.00210123
-0.00207266
-0.00226035
-0.00139437
-0.00125871
-0.00038763
-0.00044372
-0.00038660
-0.00044168
-0.00037130
-0.00057835
-0.00140965
-0.00094760
-0.00130459
-0.00186662
-0.00146168
-0.00137090
-0.00141476
-0.00137906
-0.00141884
-0.00136478
-0.00146066
-0.00078339
-0.00033968
-0.00045902
-0.00039680
-0.00042332
-0.00045086
0.00016623
0.00066298
0.00049162
0.00060995
0.00051406
0.00059771
0.00050794
0.00072214
0.00155344
0.00148919
0.00161159
0.00140046
0.00268362
0.00242455
0.00169626
0.00195127
0.00140761
0.00161263
0.00147697
0.00157285
0.00150145
0.00155449
0.00151267
0.00154634
0.00151166
0.00156572
0.00136888
0.00054166
0.00056511
0.00053859
0.00014487
0.00030909
-0.00043245
-0.00027743
0.00054469
0.00055388
0.00049573
0.00116281
0.00156672
0.00207367
0.00263162
0.00242355
0.00255616
0.00247866
0.00208188
0.00243174
0.00197174
0.00136484
0.00165758
0.00086097
0.00047439
0.00062025
-0.00011211
0.00036524
-0.00023349
-0.00054358
-0.00037426
-0.00049157
-0.00040895
-0.00045486
-0.00055379
-0.00151259
-0.00115967
-0.00160541
-0.00281309
-0.00265704
-0.00241428
-0.00236329
-0.00248569
-0.00218886
-0.00150649
-0.00122190
-0.00051709
-0.00024678
0.00004901
0.00060186
0.00116082
0.00078343
0.00050293
0.00053864
0.00051416
0.00055089
0.00007557
0.00045399
0.00054783
0.00052540
0.00009700
0.00042748
0.00058049
0.00047134
0.00058865
0.00002357
0.00052745
-0.00008047
-0.00053233
-0.00042728
-0.00046196
-0.00048134
-0.00038546
-0.00111884
-0.00091587
-0.00032630
-0.00054152
-0.00040076
-0.00050480
-0.00042626
-0.00048644
-0.00044055
-0.00047522
-0.00045074
-0.00046706
-0.00045890
-0.00046094
-0.00046604
-0.00045482
-0.00047624
-0.00044054
-0.00050684
-0.00029061
0.00050806
0.00051826
0.00050399
0.00054377
0.00005622
0.00045605
0.00051726
0.00053970
0.00044790
0.00114252
0.00155155
0.00109153
0.00078044
0.00063457
0.00108847
0.00137510
0.00155972
0.00144548
0.00153320
0.00146079
0.00152403
0.00146692
0.00151791
0.00147099
0.00151690
0.00146794
0.00153322
0.00133637
0.00048773
0.00058463
-0.00011203
-0.00052819
-0.00044558
-0.00045680
-0.00051699
0.00015315
0.00056116
0.00064276
0.00109360
0.00136696
0.00156994
0.00143633
0.00154547
0.00144449
0.00156486
0.00088759
0.00040920
0.00062545
-0.00014159
-0.00049859
-0.00047003
-0.00043331
-0.00051797
-0.00036701
-0.00072707
-0.00078215
-0.00043739
-0.00041188
-0.00108915
-0.00148492
-0.00147166
-0.00123808
-0.00105142
-0.00156448
-0.00091066
-0.00196227
-0.00259265
-0.00172974
-0.00142986
-0.00140946
-0.00150839
-0.00081582
-0.00038537
-0.00049960
-0.00042208
-0.00049450
-0.00040881
-0.00052101
-0.00035781
-0.00062607
0.00004815
0.00019809
0.00000837
0.00025623
0.00033681
0.00063568
0.00045310
0.00057039
0.00092230
0.00064792
0.00046228
0.00057346
0.00050308
0.00012874
0.00040311
0.00062344
0.00041740
0.00120076
0.00111509
0.00141599
0.00155370
0.00149149
0.00152718
0.00150883
0.00151597
0.00152006
0.00150986
0.00113145
0.00082239
0.00049394
0.00055820
0.00052862
0.00054392
0.00054087
0.00053270
0.00056841
0.00038889
-0.00005991
0.00027873
0.00015735
-0.00000075
0.00051639
0.00053781
0.00056842
0.00050722
0.00062555
-0.00009457
-0.00005275
-0.00032100
-0.00047502
-0.00040566
-0.00083201
-0.00110946
-0.00145932
-0.00136854
-0.00154601
-0.00244260
-0.00218455
-0.00102583
-0.00124309
-0.00156133
-0.00068210
-0.00047707
-0.00017108
0.00031343
0.00019817
0.00106925
0.00062250
0.00053070
0.00059598
0.00052968
0.00060312
0.00052561
0.00061129
0.00052255
0.00022267
-0.00016085
-0.00041585
-0.00042707
-0.00037913
-0.00044135
-0.00036383
-0.00045563
-0.00033833
-0.00050051
-0.00014760
-0.00005885
-0.00046991
-0.00036587
-0.00042198
-0.00037811
-0.00042504
0.00005334
-0.00031997
-0.00042401
-0.00037709
-0.00040259
0.00000643
0.00029000
0.00064190
0.00056541
0.00059908
0.00059705
0.00056645
0.00066234
-0.00005166
-0.00029341
0.00021557
0.00044915
0.00069702
0.00049608
0.00081839
0.00153546
0.00161094
0.00155484
0.00160891
0.00156302
0.00159566
0.00199753
0.00170174
0.00151508
0.00165278
0.00152018
0.00168338
0.00095409
0.00054507
0.00065828
0.00055833
0.00070419
-0.00004652
0.00004221
-0.00031274
-0.00019341
0.00004324
-0.00047288
-0.00030152
0.00002998
-0.00023623
-0.00042187
-0.00031783
-0.00035863
-0.00090126
-0.00149286
-0.00117767
-0.00202937
-0.00230987
-0.00235068
-0.00224459
-0.00280969
-0.00272401
-0.00261894
-0.00304020
-0.00238128
-0.00221808
-0.00244860
-0.00186619
-0.00140922
-0.00192432
-0.00132456
-0.00134190
-0.00129192
-0.00135924
-0.00125622
-0.00143064
-0.00061056
-0.00052284
-0.00067379
-0.00044837
-0.00076559
-0.00021173
0.00002186
-0.00018826
-0.00041164
-0.00027700
-0.00036574
-0.00030862
-0.00033310
-0.00034534
-0.00027393
-0.00054627
-0.00069315
-0.00065847
-0.00048609
-0.00021579
-0.00043508
-0.00009441
0.00059818
0.00070426
0.00060328
0.00072364
0.00056045
0.00091235
0.00100313
0.00058902
0.00069714
0.00063594
0.00068185
0.00064207
0.00068389
0.00063085
0.00072266
0.00005559
-0.00040546
-0.00025246
-0.00037690
-0.00022695
-0.00094809
-0.00135609
-0.00126430
-0.00131020
-0.00128266
-0.00129795
-0.00129184
-0.00128572
-0.00130815
-0.00124899
-0.00147033
-0.00183447
-0.00216903
-0.00232611
-0.00222615
-0.00230980
-0.00223023
-0.00231081
-0.00222105
-0.00233529
-0.00207417
-0.00131428
-0.00127143
-0.00130611
-0.00126530
-0.00131223
-0.00126020
-0.00131732
-0.00125102
-0.00133874
-0.00111231
-0.00030039
-0.00035342
0.00028917
0.00077878
0.00058294
0.00087568
0.00163150
0.00164886
0.00176718
0.00242405
0.00249342
0.00204972
0.00223026
0.00233328
0.00228432
0.00275149
0.00199568
0.00158767
0.00168865
0.00163256
0.00166214
0.00166418
0.00120926
0.00158667
0.00164277
0.00183248
0.00206709
0.00151425
0.00175701
0.00195591
0.00202630
0.00192328
0.00164482
0.00162442
0.00169684
0.00159077
0.00173255
0.00153059
0.00233231
0.00263119
0.00268015
0.00254551
0.00276787
0.00229970
0.00212120
0.00239660
0.00101553
0.00171320
0.00101350
0.00060753
0.00068505
0.00068913
0.00008836
-0.00042471
-0.00024008
-0.00037167
-0.00026660
-0.00035534
-0.00028190
-0.00034310
-0.00029414
-0.00033392
-0.00030434
-0.00032576
-0.00031352
-0.00032066
-0.00031964
-0.00031760
-0.00032371
-0.00031555
-0.00032575
-0.00031657
-0.00032575
-0.00031861
-0.00032779
-0.00031861
-0.00033390
-0.00030024
-0.00047262
-0.00133452
-0.00125599
-0.00138043
-0.00110503
-0.00036757
-0.00029106
-0.00039102
-0.00013705
0.00061878
0.00067183
0.00061267
0.00070345
0.00046070
-0.00031552
-0.00034204
-0.00032572
-0.00034511
-0.00032879
-0.00033899
-0.00035633
-0.00018905
0.00024547
0.00047497
0.00089011
0.00154088
0.00169287
0.00151130
0.00227630
0.00262617
0.00260577
0.00255988
0.00266291
0.00197340
0.00152970
0.00168780
0.00099625
0.00054643
0.00027715
0.00033835
-0.00028282
-0.00039095
-0.00033281
0.00005581
-0.00024202
-0.00041644
-0.00031138
-0.00038992
-0.00033280
-0.00037360
-0.00035320
-0.00035727
-0.00037257
-0.00033688
-0.00039808
-0.00030730
-0.00045520
-0.00011044
0.00036998
0.00025064
0.00069944
0.00056072
0.00065151
0.00057297
0.00065355
0.00054951
0.00071068
-0.00007676
-0.00022364
0.00003850
-0.00049597
-0.00029809
-0.00043069
-0.00033277
-0.00041232
-0.00033684
-0.00052960
-0.00139865
-0.00127012
-0.00201370
-0.00237274
-0.00236459
-0.00232085
-0.00263153
-0.00314261
-0.00300554
-0.00346954
-0.00332317
-0.00341686
-0.00334284
-0.00340685
-0.00333276
-0.00343637
-0.00275164
-0.00230742
-0.00243087
-0.00234434
-0.00240693
-0.00234512
-0.00239466
-0.00233620
-0.00238696
-0.00231764
-0.00239088
-0.00226316
-0.00295556
-0.00335761
-0.00325809
-0.00328143
-0.00328194
-0.00310761
-0.00224976
-0.00231463
-0.00208244
-0.00127743
-0.00128651
-0.00124322
-0.00088655
-0.00055311
-0.00024587
-0.00027612
-0.00027326
-0.00023750
-0.00029927
-0.00006372
0.00028090
0.00062680
0.00076411
0.00068716
0.00075758
0.00067969
0.00089345
0.00167887
0.00165492
0.00169649
0.00162601
0.00182825
0.00260254
0.00257498
0.00261133
0.00252275
0.00276478
0.00293411
0.00241320
0.00275440
0.00341611
0.00305333
0.00331009
0.00347155
0.00332933
0.00342400
0.00329276
0.00340597
0.00312341
0.00241783
0.00234417
0.00240349
0.00179548
0.00131320
0.00153850
0.00076153
0.00064893
0.00087091
0.00073644
0.00118965
0.00133937
0.00142111
0.00113616
0.00100398
0.00105111
0.00065713
0.00040331
0.00081876
0.00049595
0.00037668
0.00043317
0.00038394
0.00040942
0.00038632
0.00037404
0.00077824
0.00032423
-0.00054155
-0.00041323
-0.00054260
-0.00040433
-0.00055817
-0.00035165
-0.00108518
-0.00080313
-0.00039155
-0.00082372
-0.00066868
-0.00112347
-0.00043247
-0.00046713
-0.00040230
-0.00049502
-0.00024364
-0.00013033
-0.00050336
-0.00038560
-0.00045002
-0.00040527
-0.00042360
-0.00041780
-0.00039810
-0.00043395
-0.00036210
-0.00047551
-0.00019334
-0.00013910
-0.00042537
-0.00040308
-0.00033502
-0.00056740
-0.00095513
-0.00084187
-0.00117767
-0.00107537
-0.00077758
-0.00099593
-0.00110906
-0.00101721
-0.00106986
-0.00099077
-0.00105933
-0.00085694
-0.00028289
-0.00024830
-0.00027440
-0.00022300
-0.00029985
0.00020928
0.00049993
0.00073372
0.00083292
0.00046332
0.00042864
0.00043158
0.00041871
0.00042363
0.00040582
0.00041623
0.00039356
0.00040727
0.00038676
0.00011299
0.00029912
0.00044822
0.00028828
0.00082717
0.00098653
0.00113303
0.00121052
0.00090125
0.00096888
0.00090806
0.00092092
0.00088856
0.00088224
0.00086355
0.00084745
0.00083577
0.00081393
0.00080660
0.00078290
0.00077483
0.00075429
0.00074120
0.00049260
0.00029829
0.00034878
0.00018681
0.00006586
0.00014855
-0.00001288
-0.00045688
-0.00046069
-0.00068766
-0.00059176
-0.00073518
-0.00092707
-0.00099907
-0.00092115
-0.00075073
-0.00073958
-0.00053170
-0.00078633
-0.00038596
-0.00034480
-0.00038009
-0.00032016
-0.00039805
-0.00020906
-0.00016890
-0.00036249
-0.00033102
-0.00010485
-0.00028955
-0.00032593
-0.00032363
-0.00028193
-0.00060706
-0.00079938
-0.00074816
-0.00072217
-0.00100709
-0.00120626
-0.00093386
-0.00081964
-0.00061011
-0.00067052
-0.00053732
-0.00017364
-0.00016874
-0.00015442
-0.00016276
-0.00031581
-0.00044742
-0.00057091
-0.00053903
-0.00051679
-0.00058839
-0.00067863
-0.00041041
-0.00054389
-0.00032234
-0.00017801
-0.00015859
-0.00003738
-0.00001610
-0.00006779
0.00007000
0.00041658
0.00013535
0.00039837
0.00019553
-0.00007795
0.00000248
-0.00004507
-0.00000794
0.00027637
0.00006545
-0.00007005
0.00003903
-0.00007322
0.00015332
0.00029494
0.00025432
0.00054918
0.00063702
0.00066710
0.00092867
0.00089381
0.00088399
0.00085126
0.00083795
0.00080609
0.00079988
0.00071954
0.00044680
0.00044569
0.00041642
0.00042082
0.00038850
0.00040345
0.00031798
0.00012687
0.00036932
0.00031967
0.00036695
0.00012414
0.00009701
0.00014133
0.00001696
0.00003912
0.00003583
-0.00001612
-0.00022089
-0.00022239
-0.00020904
-0.00022082
-0.00019045
-0.00025044
-0.00042212
-0.00042429
-0.00040186
-0.00030861
-0.00032488
-0.00016954
-0.00014575
-0.00015468
-0.00014161
-0.00014432
-0.00013770
-0.00013402
-0.00013400
-0.00012359
-0.00013051
-0.00011327
-0.00012722
-0.00010326
-0.00012392
-0.00009376
0.00002956
0.00001720
0.00001234
-0.00012601
-0.00008504
-0.00020778
-0.00027998
-0.00024499
-0.00025334
-0.00029878
-0.00034179
-0.00039134
-0.00025752
-0.00018706
-0.00009405
-0.00000792
-0.00001229
0.00014417
0.00010638
0.00016165
0.00016804
0.00009922
0.00012007
0.00008915
0.00019849
0.00015513
0.00007625
0.00009619
0.00007971
0.00008495
0.00007671
0.00007614
0.00007295
0.00006794
0.00006915
0.00005982
0.00006628
0.00005038
0.00006745
0.00002233
-0.00002853
-0.00002025
-0.00001626
0.00000354
-0.00004914
-0.00005436
-0.00004687
-0.00005125
-0.00004114
-0.00005031
-0.00002298
0.00004904
0.00005059
0.00004555
0.00004555
0.00004169
0.00003992
0.00003904
0.00003265
0.00007284
0.00003264
0.00003316
0.00000667
0.00000153
-0.00001637
-0.00005794
-0.00004354
-0.00004624
-0.00004636
-0.00002701
-0.00001490
-0.00004536
-0.00003497
-0.00003652
-0.00003599
-0.00002209
0.00002795
0.00002807
0.00002316
0.00002765
0.00001534
0.00006075
0.00003950
0.00001285
0.00001213
0.00004674
0.00003403
0.00000191
0.00001131
0.00000376
0.00000705
0.00000289
0.00000422
0.00000134
0.00000219
-0.00000070
0.00000127
-0.00002069
-0.00000204
-0.00002460
-0.00004324
-0.00003507
-0.00003769
-0.00003297
-0.00003392
-0.00003038
-0.00003068
-0.00002762
-0.00002781
-0.00002475
-0.00002539
-0.00002166
-0.00002359
-0.00001758
-0.00003792
-0.00004473
-0.00004208
-0.00003605
-0.00004168
-0.00004384
-0.00005385
-0.00004307
-0.00002821
-0.00002747
-0.00001594
-0.00001542
-0.00000481
-0.00000592
0.00000798
0.00001163
0.00000589
-0.00000409
0.00001233
0.00000848
0.00000548
0.00001504
0.00001127
0.00001451
0.00001186
0.00001459
0.00001203
0.00001512
0.00000995
0.00000362
0.00001391
0.00001457
0.00001406
0.00001448
0.00001404
0.00001426
0.00001413
0.00001363
0.00001985
0.00002395
0.00002141
0.00001752
0.00001902
0.00002040
0.00001667
0.00001029
0.00000966
0.00000998
0.00000959
0.00000977
0.00000947
0.00000955
0.00000928
0.00000932
0.00000905
0.00000913
0.00000644
0.00000846
0.00000898
0.00000843
0.00000861
0.00000809
0.00000833
0.00000758
0.00001029
0.00001134
0.00001042
0.00000982
0.00000980
0.00001193
0.00001086
0.00000892
0.00000854
0.00000606
0.00000538
0.00000520
0.00000457
0.00000459
0.00000253
0.00000210
0.00000256
0.00000141
0.00000101
0.00000207
0.00000196
0.00000111
0.00000225
0.00000226
0.00000102
0.00000126
0.00000105
0.00000112
0.00000096
0.00000102
0.00000081
0.00000107
0.00000106
0.00000061
0.00000066
0.00000053
0.00000080
0.00000046
0.00000034
0.00000031
0.00000024
0.00000019
0.00000013
0.00000008
0.00000003
-0.00000004
0.00000011
0.00000016
-0.00000000
-0.00000007
-0.00000019
-0.00000026
-0.00000036
-0.00000040
-0.00000052
-0.00000059
-0.00000053
-0.00000059
-0.00000069
-0.00000069
-0.00000066
-0.00000074
-0.00000078
-0.00000077
-0.00000080
-0.00000082
-0.00000084
-0.00000085
-0.00000086
-0.00000086
-0.00000086
-0.00000085
-0.00000085
-0.00000084
-0.00000082
-0.00000081
-0.00000078
-0.00000077
-0.00000075
-0.00000073
-0.00000071
-0.00000070
-0.00000068
-0.00000066
-0.00000065
-0.00000063
-0.00000062
-0.00000061
-0.00000060
-0.00000059
-0.00000058
-0.00000057
-0.00000056
-0.00000056
-0.00000055
-0.00000055
-0.00000054
-0.00000054
-0.00000053
