0.00000338
0.00000338
0.00000338
0.00000340
0.00000341
0.00000343
0.00000345
0.00000345
0.00000339
0.00000336
0.00000334
0.00000342
0.00000343
0.00000323
0.00000321
0.00000336
0.00000361
0.00000358
0.00000323
0.00000332
0.00000359
0.00000309
0.00000283
0.00000344
0.00000323
0.00000309
0.00000372
0.00000403
0.00000361
0.00000329
0.00000368
0.00000284
0.00000170
0.00000261
0.00000419
0.00000403
0.00000244
0.00000304
0.00000548
0.00000425
0.00000078
0.00000035
0.00000186
0.00000297
0.00000368
0.00000264
0.00000187
0.00000191
0.00000204
0.00000216
0.00000079
0.00000018
0.00000380
0.00000455
0.00000291
0.00000318
0.00000245
0.00000506
0.00000787
0.00000626
0.00000410
0.00000201
-0.00000031
-0.00000223
-0.00000056
0.00000203
0.00000351
0.00000336
0.00000224
-0.00000264
0.00000006
0.00000440
0.00000087
0.00000085
0.00000406
0.00000089
-0.00000006
0.00000495
0.00000738
0.00000500
-0.00000036
0.00000044
0.00000361
0.00000231
0.00000306
0.00000301
0.00000044
-0.00000151
0.00000684
0.00000508
0.00000181
0.00000125
0.00000686
0.00000402
-0.00000780
-0.00000284
0.00000415
0.00000157
0.00000578
0.00000561
0.00000010
0.00000609
0.00000801
-0.00000499
-0.00001023
0.00000464
0.00000783
-0.00000165
-0.00000368
-0.00000749
-0.00001048
0.00000477
0.00000881
-0.00000392
-0.00000476
0.00001206
0.00001253
-0.00000588
-0.00000065
-0.00000079
-0.00000688
-0.00000073
0.00000124
-0.00001286
-0.00000661
0.00000421
0.00000064
0.00000790
0.00000330
-0.00001025
-0.00000167
0.00000106
0.00000647
0.00001202
0.00000580
-0.00000116
0.00000713
0.00000607
0.00000409
0.00001474
-0.00000016
-0.00000397
-0.00000144
-0.00001270
0.00000376
0.00001051
-0.00000615
-0.00000547
0.00000359
-0.00000027
0.00000660
0.00001212
0.00000996
0.00001717
0.00002021
0.00000428
0.00000206
-0.00000628
-0.00000708
0.00001031
0.00000895
-0.00000341
0.00000618
0.00001632
0.00000928
-0.00000901
-0.00000850
0.00001103
0.00001133
-0.00000687
-0.00001415
-0.00000653
0.00000910
0.00001523
0.00001418
0.00000490
0.00000421
0.00002016
0.00000038
-0.00001281
-0.00001670
-0.00002743
-0.00001932
-0.00000351
0.00000621
-0.00000609
-0.00001376
-0.00001151
-0.00001130
-0.00001194
-0.00001165
-0.00001146
-0.00001391
-0.00000827
0.00000983
0.00001862
0.00001072
-0.00000875
-0.00001696
-0.00000503
0.00000683
-0.00000900
-0.00000998
0.00001262
0.00000849
0.00000428
0.00002297
0.00000077
-0.00001681
-0.00001367
-0.00001379
-0.00000603
0.00000370
-0.00000141
0.00001072
0.00001077
-0.00000104
0.00000398
-0.00000856
-0.00000821
0.00000619
-0.00000587
-0.00001318
-0.00001967
-0.00003327
-0.00002277
-0.00000324
0.00000702
-0.00000900
-0.00000811
0.00000436
-0.00000321
0.00001838
0.00003050
0.00001206
0.00001981
0.00001062
-0.00000078
-0.00003436
-0.00004315
-0.00002004
-0.00000286
0.00000525
-0.00000047
0.00000365
0.00000368
-0.00000436
-0.00001989
-0.00000047
-0.00000484
-0.00001726
-0.00000062
-0.00000742
-0.00004427
-0.00000494
0.00003094
0.00000958
-0.00003803
-0.00004381
-0.00001615
-0.00000682
-0.00001976
-0.00003420
-0.00002200
-0.00000306
0.00000952
-0.00000339
-0.00002398
-0.00002628
-0.00000111
0.00000483
0.00000975
-0.00001281
-0.00003820
-0.00001205
0.00001291
-0.00000493
-0.00001765
-0.00000437
0.00000767
-0.00000004
0.00001153
0.00002080
0.00001880
0.00002124
0.00001492
-0.00000916
-0.00001003
0.00001543
0.00002492
0.00000897
0.00000393
0.00003392
0.00003240
0.00000881
-0.00000291
0.00001659
0.00001730
-0.00001124
0.00000008
0.00002904
0.00001158
0.00000479
-0.00000637
-0.00000718
0.00001410
0.00002223
0.00002336
0.00001417
-0.00001052
0.00000166
0.00002925
0.00000932
0.00001199
0.00001489
0.00000317
0.00000728
-0.00000527
-0.00000389
0.00000755
-0.00000111
0.00002330
0.00003971
-0.00000104
-0.00001090
0.00001949
0.00001703
-0.00000378
0.00002025
0.00004471
0.00002792
0.00001977
0.00001649
-0.00000410
-0.00001307
-0.00000861
-0.00000566
-0.00001996
-0.00002606
0.00001302
0.00001930
-0.00000348
0.00002034
0.00004843
0.00002198
-0.00000392
0.00001417
0.00002770
0.00001615
-0.00000533
-0.00000762
-0.00001520
-0.00003334
-0.00001100
0.00002493
0.00000979
-0.00001905
0.00000299
0.00000165
-0.00001282
-0.00000280
0.00001043
0.00000657
0.00000963
-0.00000425
-0.00000364
0.00001323
-0.00000053
-0.00001403
-0.00000354
0.00002055
0.00001711
0.00000361
0.00001049
-0.00000303
-0.00000551
0.00001742
0.00002497
0.00002262
0.00002430
0.00001536
0.00000390
0.00001117
-0.00000051
-0.00001190
-0.00000289
0.00001531
0.00002945
0.00005318
0.00004565
0.00000230
-0.00001194
-0.00001066
-0.00000421
0.00003012
0.00003201
-0.00000980
0.00000071
0.00000282
-0.00000817
-0.00000920
-0.00000944
0.00000267
0.00000645
-0.00002059
-0.00001745
-0.00000739
0.00000124
0.00001314
-0.00000271
-0.00000230
0.00001306
0.00000083
-0.00000669
-0.00001470
-0.00002980
-0.00000701
0.00001421
0.00000677
0.00001098
0.00000352
-0.00001616
-0.00003115
-0.00000644
0.00001724
0.00000025
-0.00001026
-0.00000653
-0.00000559
-0.00000905
-0.00000293
0.00001862
0.00002994
0.00001916
-0.00000810
0.00000263
0.00004320
0.00002904
-0.00000470
-0.00000955
-0.00000779
-0.00000125
0.00001836
0.00002603
0.00002671
0.00001901
-0.00000385
-0.00000404
0.00001838
0.00002733
0.00002887
0.00000942
-0.00001745
0.00000899
0.00002727
0.00003445
0.00003558
0.00001087
0.00002024
0.00001103
-0.00001711
0.00001474
0.00001488
-0.00001740
0.00001049
0.00002301
0.00000681
0.00000786
0.00000385
0.00002676
0.00003787
0.00001974
0.00002745
0.00001533
0.00001125
-0.00000166
-0.00000625
0.00002286
0.00005551
0.00005575
0.00001992
-0.00000220
0.00002770
0.00004093
0.00000939
0.00001668
0.00002259
-0.00000383
-0.00000483
0.00002221
0.00002019
0.00000309
0.00001563
0.00002463
0.00003383
0.00003770
0.00001077
0.00001322
0.00002391
0.00003701
0.00003097
-0.00000957
-0.00000180
0.00001803
0.00002850
0.00001799
0.00003845
0.00002890
-0.00000670
-0.00000444
0.00002002
0.00002359
0.00002994
0.00004761
0.00002604
-0.00000694
-0.00000188
0.00001235
0.00000475
0.00001912
0.00002153
-0.00000497
-0.00000469
0.00002209
0.00001710
0.00000768
0.00003702
0.00003935
0.00000858
-0.00002649
-0.00000789
0.00001219
0.00000816
0.00004325
0.00005962
0.00001673
-0.00002987
-0.00001178
0.00002216
0.00002597
0.00002208
0.00002241
0.00002301
0.00002533
0.00001881
-0.00000295
-0.00001293
-0.00000054
0.00001448
-0.00000027
-0.00001371
-0.00000350
0.00002159
0.00001990
-0.00000586
-0.00000326
0.00001036
0.00000445
0.00001805
0.00001674
-0.00000048
0.00002361
0.00003797
0.00001284
0.00000895
-0.00001609
-0.00000932
0.00004489
0.00001966
0.00001105
0.00002167
-0.00000639
-0.00004234
-0.00003331
0.00001308
0.00002974
0.00001568
-0.00000774
-0.00000363
0.00001015
0.00000245
0.00001318
0.00002590
0.00001740
-0.00000569
-0.00001444
-0.00000163
0.00000974
0.00000124
0.00001278
0.00002634
0.00001628
-0.00000939
-0.00000525
0.00001476
-0.00000998
-0.00003661
-0.00001089
0.00001193
0.00000421
0.00000476
0.00000084
0.00001322
0.00002383
0.00001483
-0.00000382
-0.00001798
-0.00003851
-0.00003876
-0.00001822
-0.00000397
0.00001442
0.00002138
0.00001775
0.00001837
0.00002476
0.00000696
-0.00003120
-0.00001440
0.00001218
-0.00000407
-0.00001584
-0.00001311
-0.00001059
-0.00001001
-0.00002304
-0.00002602
0.00000244
-0.00000630
-0.00001340
0.00002250
0.00003426
0.00000185
0.00001014
0.00001861
-0.00001882
-0.00003291
0.00001108
0.00000789
-0.00002648
0.00000439
0.00001745
-0.00001187
-0.00001037
0.00000775
-0.00000963
-0.00001270
0.00001386
0.00001149
-0.00000606
0.00001010
0.00001367
-0.00000933
-0.00001858
-0.00001860
-0.00000706
0.00000861
-0.00001853
-0.00003550
0.00000478
0.00001683
-0.00001141
-0.00002548
-0.00000440
0.00003380
0.00001886
-0.00001515
-0.00002199
-0.00000951
0.00000241
-0.00000072
-0.00000826
-0.00002469
-0.00000776
-0.00000098
-0.00000153
-0.00000469
0.00000149
-0.00001052
-0.00002353
-0.00001445
0.00001042
0.00001035
-0.00001559
-0.00002394
-0.00000828
-0.00000691
-0.00002972
-0.00000317
0.00001883
0.00000378
-0.00001146
0.00000561
0.00000654
-0.00000786
-0.00000511
-0.00000903
0.00000545
0.00000950
-0.00002202
-0.00004478
-0.00003389
-0.00000663
0.00002859
0.00001307
-0.00002294
-0.00001789
0.00000090
-0.00001465
-0.00002906
-0.00001549
0.00000264
-0.00002308
-0.00004981
-0.00002333
0.00000139
-0.00001592
-0.00002736
-0.00002549
-0.00001626
-0.00000758
-0.00000384
0.00001222
0.00000017
-0.00001307
-0.00004861
-0.00004777
-0.00001115
-0.00000966
-0.00000260
0.00000326
0.00001220
0.00002796
0.00000720
-0.00002596
-0.00002510
-0.00000273
0.00001659
0.00001778
-0.00001187
-0.00000905
0.00001583
0.00001779
-0.00001265
-0.00000727
0.00000823
-0.00000413
-0.00002062
-0.00000482
0.00000761
-0.00000658
-0.00002005
-0.00000095
-0.00001012
-0.00003875
-0.00002128
-0.00001523
-0.00000631
0.00000200
-0.00000014
-0.00000164
0.00000267
-0.00000189
-0.00003670
-0.00005077
-0.00001025
-0.00000020
-0.00002746
-0.00003632
-0.00003212
-0.00002915
-0.00003771
-0.00006058
-0.00006136
-0.00004122
-0.00002351
-0.00000954
-0.00003452
-0.00006066
-0.00003463
-0.00000926
-0.00002739
-0.00004146
-0.00002946
-0.00000634
-0.00001301
-0.00001719
0.00000431
-0.00002165
-0.00004364
-0.00002941
-0.00001675
-0.00002564
-0.00001391
-0.00000201
-0.00001404
-0.00002603
-0.00001922
-0.00003225
-0.00003530
-0.00001642
-0.00000117
0.00002290
0.00001424
-0.00003278
-0.00003740
-0.00001769
-0.00003359
-0.00003849
-0.00001817
0.00000014
0.00001361
-0.00000893
-0.00004128
-0.00003635
-0.00002222
-0.00002979
-0.00001843
-0.00000951
-0.00001469
-0.00000526
0.00001101
-0.00001219
-0.00003408
-0.00002726
-0.00003103
-0.00002078
-0.00001137
-0.00001240
-0.00001721
-0.00001282
0.00001922
0.00004126
0.00001461
-0.00000381
-0.00000098
-0.00003518
-0.00004712
-0.00002330
-0.00000479
0.00000187
-0.00000833
0.00001297
0.00003725
0.00002350
0.00000193
-0.00000882
0.00000894
0.00000983
-0.00001547
-0.00001472
-0.00000257
0.00000128
0.00002388
0.00001688
0.00001886
0.00002683
-0.00001290
-0.00001614
0.00003084
0.00004531
0.00004050
0.00003714
0.00001176
-0.00002946
-0.00003798
-0.00000776
-0.00001518
-0.00001828
-0.00000283
-0.00001619
-0.00002420
-0.00002580
-0.00005369
-0.00008576
-0.00008252
-0.00005896
-0.00005593
-0.00004950
-0.00003242
-0.00005308
-0.00008683
-0.00008570
-0.00006283
-0.00004630
-0.00003986
-0.00004752
-0.00002955
-0.00003100
-0.00008594
-0.00011962
-0.00008688
-0.00003762
-0.00001525
-0.00000643
-0.00003618
-0.00003856
0.00001016
-0.00002416
-0.00007970
-0.00007821
-0.00007930
-0.00006525
-0.00003325
0.00000328
0.00002852
-0.00000586
-0.00008464
-0.00013109
-0.00012308
-0.00005468
0.00001295
0.00001032
-0.00000637
-0.00003878
-0.00008878
-0.00009539
-0.00007239
-0.00005138
-0.00002138
0.00000873
0.00005732
0.00003698
-0.00003978
-0.00002577
0.00000576
-0.00001459
-0.00006087
-0.00006472
-0.00005350
-0.00004407
0.00000386
0.00000007
-0.00003569
-0.00004429
-0.00003332
-0.00001285
-0.00000418
-0.00001306
-0.00003640
-0.00004141
-0.00000951
0.00005256
0.00010921
0.00011784
0.00006997
0.00000351
-0.00002158
-0.00004097
-0.00003150
0.00003061
0.00010094
0.00015605
0.00011138
0.00002608
-0.00001892
-0.00007735
-0.00012675
-0.00008179
0.00002211
0.00010115
0.00011721
0.00009783
0.00005347
0.00001520
-0.00002602
-0.00005284
-0.00004698
-0.00004747
0.00002501
0.00011541
0.00016414
0.00013307
0.00002117
-0.00011958
-0.00022287
-0.00020115
-0.00011507
-0.00007425
-0.00008077
-0.00010898
-0.00014631
-0.00016218
-0.00014958
-0.00016872
-0.00020440
-0.00019735
-0.00015298
-0.00010110
-0.00002741
0.00001392
-0.00002585
-0.00010851
-0.00014449
-0.00011430
-0.00005560
0.00002130
0.00007645
0.00006655
0.00004459
-0.00000968
-0.00002647
0.00000831
0.00003183
0.00004253
0.00007325
0.00004644
-0.00005856
-0.00010679
-0.00010611
-0.00005936
0.00000841
0.00003001
-0.00001993
-0.00009175
-0.00014302
-0.00015735
-0.00013619
-0.00009938
-0.00011372
-0.00014616
-0.00015832
-0.00016897
-0.00019009
-0.00023756
-0.00024228
-0.00017742
-0.00012958
-0.00014157
-0.00012419
-0.00006357
-0.00001585
-0.00002507
-0.00005998
-0.00001743
-0.00000787
-0.00000160
0.00009065
0.00014079
0.00014795
0.00011755
0.00006283
0.00006304
0.00011337
0.00012994
0.00008095
0.00000267
0.00000115
0.00008137
0.00015766
0.00020630
0.00021394
0.00017893
0.00011831
0.00008753
0.00012519
0.00017054
0.00014923
0.00013186
0.00012737
0.00004452
-0.00004806
-0.00008660
-0.00006987
-0.00007054
-0.00008803
-0.00006967
-0.00007296
-0.00011641
-0.00013535
-0.00013029
-0.00008610
-0.00002167
-0.00002428
-0.00007404
-0.00012940
-0.00012436
-0.00004179
0.00002542
0.00002212
-0.00001026
0.00000223
0.00004009
0.00002868
0.00002706
0.00004346
-0.00000126
-0.00007490
-0.00009576
-0.00003956
0.00001474
0.00003045
0.00004665
0.00002257
-0.00007412
-0.00018429
-0.00023398
-0.00021732
-0.00012967
-0.00005116
-0.00005813
-0.00011423
-0.00018234
-0.00020770
-0.00017614
-0.00011987
-0.00012352
-0.00013391
-0.00010587
-0.00007100
-0.00004271
-0.00003961
-0.00010709
-0.00025531
-0.00037391
-0.00035682
-0.00021440
-0.00005132
-0.00001219
-0.00006901
-0.00010431
-0.00011473
-0.00011555
-0.00009545
-0.00009038
-0.00004522
0.00000962
0.00002384
0.00004922
0.00006850
0.00002901
-0.00005350
-0.00016330
-0.00022480
-0.00020387
-0.00015425
-0.00012605
-0.00011338
-0.00005846
-0.00007688
-0.00018611
-0.00027182
-0.00027819
-0.00017740
-0.00003304
0.00006313
0.00005490
0.00001710
-0.00002422
-0.00006593
-0.00002328
0.00011393
0.00025412
0.00026219
0.00013546
0.00001670
0.00004371
0.00020356
0.00034011
0.00033259
0.00021754
0.00005469
-0.00008436
-0.00016504
-0.00016393
-0.00011794
-0.00006855
0.00001654
0.00006431
-0.00000248
-0.00011723
-0.00022625
-0.00028584
-0.00030232
-0.00027999
-0.00017026
-0.00005296
-0.00001210
-0.00001019
-0.00005887
-0.00019005
-0.00029309
-0.00029189
-0.00019795
-0.00005122
0.00008793
0.00011827
-0.00000037
-0.00008793
-0.00003874
0.00007359
0.00009645
0.00006069
0.00012579
0.00026006
0.00038313
0.00044098
0.00038099
0.00022116
0.00009385
0.00007860
0.00010598
0.00014357
0.00011284
0.00008600
0.00006442
-0.00008008
-0.00024699
-0.00029355
-0.00033378
-0.00039676
-0.00029736
-0.00007299
0.00003958
-0.00007194
-0.00025862
-0.00035418
-0.00031790
-0.00017243
0.00002616
0.00018412
0.00023887
0.00029031
0.00037421
0.00042318
0.00040336
0.00032294
0.00029889
0.00036599
0.00043446
0.00044785
0.00037949
0.00029786
0.00018686
0.00009327
0.00006111
0.00009812
0.00014223
0.00019948
0.00029709
0.00037267
0.00039121
0.00044440
0.00053417
0.00056516
0.00053880
0.00054138
0.00058403
0.00064419
0.00074139
0.00078026
0.00069737
0.00049917
0.00020477
-0.00007138
-0.00022885
-0.00028176
-0.00031927
-0.00040880
-0.00046719
-0.00034468
-0.00004779
0.00024308
0.00031527
0.00005775
-0.00037934
-0.00071222
-0.00071290
-0.00036507
0.00008940
0.00041306
0.00058438
0.00054632
0.00035529
0.00017631
0.00011419
0.00013800
0.00018617
0.00025299
0.00034026
0.00047088
0.00055148
0.00047146
0.00023956
0.00006445
0.00009596
0.00031598
0.00065859
0.00087629
0.00079085
0.00051505
0.00028936
0.00028748
0.00046593
0.00058127
0.00057966
0.00053880
0.00051463
0.00057966
0.00069923
0.00069080
0.00048921
0.00027740
0.00016890
0.00009849
0.00002299
-0.00006121
-0.00009561
-0.00002810
0.00008699
0.00012020
0.00003034
-0.00011611
-0.00025970
-0.00032182
-0.00021789
-0.00012190
-0.00024849
-0.00051039
-0.00064126
-0.00058443
-0.00047605
-0.00043923
-0.00050135
-0.00055947
-0.00053819
-0.00037173
-0.00010436
0.00007788
0.00001475
-0.00014990
-0.00021226
-0.00011491
0.00006741
0.00018413
0.00015965
0.00007479
0.00001996
0.00005475
0.00020920
0.00028988
0.00011726
-0.00021944
-0.00043711
-0.00040230
-0.00018467
-0.00002129
-0.00001586
-0.00011303
-0.00027378
-0.00040119
-0.00037028
-0.00019450
0.00007139
0.00028525
0.00028396
0.00005168
-0.00030536
-0.00064588
-0.00081726
-0.00081135
-0.00068176
-0.00050979
-0.00040971
-0.00038475
-0.00034380
-0.00023722
-0.00013046
-0.00010342
-0.00023527
-0.00046525
-0.00056134
-0.00044063
-0.00026038
-0.00018920
-0.00028652
-0.00056317
-0.00089562
-0.00101546
-0.00079786
-0.00044760
-0.00021956
-0.00008871
0.00000551
0.00003409
0.00010987
0.00032997
0.00063709
0.00084182
0.00082477
0.00069119
0.00061108
0.00066115
0.00076285
0.00078782
0.00064030
0.00035633
0.00012926
0.00014405
0.00033418
0.00049403
0.00044536
0.00019427
-0.00000806
0.00003602
0.00030363
0.00052263
0.00039732
-0.00009450
-0.00062724
-0.00085800
-0.00079352
-0.00062494
-0.00055753
-0.00071895
-0.00097659
-0.00111796
-0.00106502
-0.00090712
-0.00070010
-0.00037895
0.00006338
0.00043044
0.00057324
0.00048191
0.00020408
-0.00005518
-0.00014205
-0.00007427
-0.00002555
-0.00013698
-0.00029474
-0.00031299
-0.00021366
-0.00015735
-0.00014423
-0.00010377
-0.00001338
0.00004359
-0.00001339
-0.00013127
-0.00022897
-0.00028955
-0.00028136
-0.00019497
-0.00013503
-0.00016568
-0.00017990
-0.00008933
0.00004216
0.00015906
0.00018024
0.00012565
-0.00002602
-0.00029406
-0.00050769
-0.00059464
-0.00064236
-0.00068782
-0.00052056
-0.00019567
-0.00002945
-0.00009089
-0.00021838
-0.00029977
-0.00037605
-0.00050959
-0.00064682
-0.00075174
-0.00083665
-0.00086984
-0.00073367
-0.00048701
-0.00029581
-0.00021722
-0.00016879
-0.00002840
0.00018614
0.00043647
0.00071576
0.00091142
0.00089976
0.00074750
0.00051558
0.00023536
0.00006371
0.00010793
0.00031752
0.00049665
0.00053015
0.00051387
0.00048703
0.00033233
0.00006636
-0.00015928
-0.00020252
-0.00012834
-0.00011714
-0.00021254
-0.00026474
-0.00021846
-0.00014132
-0.00012045
-0.00017199
-0.00025124
-0.00018268
0.00012768
0.00056575
0.00094357
0.00108662
0.00107310
0.00101712
0.00099665
0.00094029
0.00079406
0.00061012
0.00041975
0.00027351
0.00028246
0.00038831
0.00033963
0.00005695
-0.00028925
-0.00053578
-0.00065074
-0.00055996
-0.00025869
0.00017970
0.00058899
0.00085853
0.00095504
0.00086073
0.00058557
0.00025549
0.00006742
0.00010751
0.00030382
0.00053946
0.00074484
0.00076590
0.00053505
0.00023873
0.00002276
-0.00009160
-0.00004447
0.00003125
-0.00003160
-0.00019512
-0.00045477
-0.00075862
-0.00090621
-0.00083546
-0.00061070
-0.00035872
-0.00015939
0.00009893
0.00039543
0.00055748
0.00062946
0.00063967
0.00046832
0.00005066
-0.00048938
-0.00093511
-0.00097239
-0.00066148
-0.00035557
-0.00018800
-0.00017982
-0.00034145
-0.00057847
-0.00066385
-0.00051881
-0.00031094
-0.00010930
0.00018624
0.00048741
0.00056011
0.00033652
-0.00002178
-0.00026459
-0.00030292
-0.00020279
0.00000772
0.00031971
0.00067364
0.00101938
0.00139611
0.00173141
0.00186373
0.00179659
0.00155494
0.00119893
0.00079220
0.00050881
0.00035488
-0.00001124
-0.00049088
-0.00065772
-0.00046718
-0.00023215
-0.00015675
-0.00015817
-0.00020586
-0.00038568
-0.00070272
-0.00105369
-0.00120837
-0.00110474
-0.00076546
-0.00027472
0.00013758
0.00033826
0.00048695
0.00073117
0.00099171
0.00115319
0.00116662
0.00101466
0.00095363
0.00115485
0.00143505
0.00159283
0.00158835
0.00141358
0.00102937
0.00050772
0.00008666
-0.00010792
-0.00009008
0.00003745
0.00020145
0.00032860
0.00038986
0.00051710
0.00075831
0.00099859
0.00109675
0.00110257
0.00108742
0.00112538
0.00129918
0.00150381
0.00144436
0.00119131
0.00094777
0.00076309
0.00051689
0.00014016
-0.00044209
-0.00123164
-0.00199350
-0.00244285
-0.00252742
-0.00237714
-0.00208201
-0.00181485
-0.00165541
-0.00136941
-0.00074722
0.00005916
0.00076028
0.00114950
0.00119880
0.00102117
0.00077149
0.00062982
0.00056598
0.00034314
-0.00014109
-0.00054132
-0.00058931
-0.00039855
-0.00015796
-0.00011619
-0.00050016
-0.00112238
-0.00171204
-0.00213196
-0.00227111
-0.00216831
-0.00198489
-0.00162121
-0.00089448
-0.00000598
0.00066209
0.00088290
0.00079187
0.00062278
0.00059996
0.00076115
0.00094305
0.00103531
0.00100422
0.00092505
0.00082528
0.00074665
0.00062966
0.00023704
-0.00030721
-0.00073115
-0.00097811
-0.00108400
-0.00117257
-0.00131962
-0.00147858
-0.00153303
-0.00135906
-0.00093828
-0.00042882
-0.00001846
0.00034813
0.00070002
0.00099822
0.00121388
0.00137095
0.00145952
0.00136735
0.00106312
0.00073241
0.00060723
0.00072685
0.00097601
0.00122466
0.00132967
0.00120392
0.00090861
0.00054244
0.00029135
0.00024180
0.00019594
0.00012400
0.00019871
0.00030779
0.00034776
0.00036625
0.00036893
0.00037832
0.00048290
0.00078030
0.00128442
0.00177047
0.00200424
0.00191673
0.00154410
0.00107426
0.00067522
0.00044709
0.00036902
0.00025287
-0.00000932
-0.00036279
-0.00063817
-0.00054033
-0.00007544
0.00026861
0.00022942
-0.00008373
-0.00038104
-0.00037673
-0.00008222
0.00023153
0.00040943
0.00054136
0.00074335
0.00093523
0.00093344
0.00062880
0.00013187
-0.00024132
-0.00029458
-0.00019817
-0.00012559
-0.00007043
-0.00005139
-0.00008806
-0.00017076
-0.00039817
-0.00081562
-0.00127057
-0.00151916
-0.00149893
-0.00122126
-0.00083700
-0.00058843
-0.00049060
-0.00039753
-0.00032448
-0.00038781
-0.00056339
-0.00076065
-0.00080794
-0.00054056
0.00002132
0.00056921
0.00086658
0.00093162
0.00084904
0.00075165
0.00058167
0.00013518
-0.00045681
-0.00098718
-0.00139940
-0.00170039
-0.00197488
-0.00217687
-0.00205030
-0.00162466
-0.00117278
-0.00093351
-0.00099115
-0.00116326
-0.00130947
-0.00137236
-0.00128011
-0.00099722
-0.00064563
-0.00039368
-0.00017442
0.00015650
0.00051227
0.00069282
0.00059803
0.00029002
0.00011879
0.00038001
0.00097797
0.00146525
0.00157168
0.00145578
0.00140326
0.00150681
0.00160560
0.00168873
0.00170408
0.00148756
0.00102353
0.00051789
0.00029793
0.00041071
0.00070248
0.00090841
0.00069318
-0.00010851
-0.00114517
-0.00191955
-0.00225173
-0.00221060
-0.00198398
-0.00178853
-0.00172320
-0.00183044
-0.00203860
-0.00205302
-0.00176228
-0.00150172
-0.00146683
-0.00140244
-0.00111544
-0.00063766
-0.00010468
0.00031907
0.00042030
0.00018266
-0.00015101
-0.00047734
-0.00072145
-0.00069362
-0.00028359
0.00030340
0.00071731
0.00092741
0.00108061
0.00114014
0.00092042
0.00041339
-0.00013380
-0.00049602
-0.00049513
-0.00001240
0.00057726
0.00068596
0.00026123
-0.00029522
-0.00063867
-0.00064247
-0.00040265
-0.00019591
-0.00016306
-0.00037076
-0.00076882
-0.00103820
-0.00094921
-0.00061173
-0.00035854
-0.00024658
-0.00015589
-0.00010572
-0.00005575
0.00005721
0.00011615
-0.00004636
-0.00022754
-0.00013994
0.00014722
0.00039695
0.00045899
0.00018687
-0.00030981
-0.00070357
-0.00081297
-0.00062157
-0.00036400
-0.00042119
-0.00089217
-0.00158852
-0.00227972
-0.00266259
-0.00257452
-0.00213934
-0.00155194
-0.00104421
-0.00060584
-0.00010082
0.00031622
0.00053110
0.00058827
0.00052145
0.00038087
0.00027551
0.00025979
0.00030854
0.00036541
0.00048096
0.00064115
0.00060693
0.00038548
0.00031187
0.00047965
0.00066967
0.00062621
0.00022476
-0.00025883
-0.00052490
-0.00054925
-0.00037170
-0.00016201
-0.00019287
-0.00029501
-0.00012110
0.00025798
0.00071651
0.00102297
0.00089913
0.00045821
0.00008668
0.00013553
0.00057756
0.00094147
0.00092294
0.00072857
0.00068218
0.00081247
0.00091792
0.00095313
0.00093998
0.00078704
0.00047357
0.00006981
-0.00035727
-0.00066607
-0.00090647
-0.00120962
-0.00146416
-0.00154731
-0.00133097
-0.00067458
0.00019641
0.00092086
0.00142775
0.00179237
0.00210274
0.00243140
0.00274490
0.00286178
0.00254932
0.00182886
0.00100072
0.00026698
-0.00035778
-0.00078164
-0.00087921
-0.00079679
-0.00071993
-0.00075972
-0.00102736
-0.00157654
-0.00206534
-0.00204811
-0.00155286
-0.00090879
-0.00046963
-0.00028292
-0.00017324
0.00001481
0.00035765
0.00071212
0.00077637
0.00050073
0.00020327
0.00018968
0.00040831
0.00057150
0.00039470
-0.00010487
-0.00044718
-0.00023055
0.00040074
0.00095194
0.00109130
0.00075391
0.00004650
-0.00069160
-0.00118784
-0.00134329
-0.00107854
-0.00049046
-0.00000230
0.00010904
-0.00003747
-0.00017745
-0.00005305
0.00035807
0.00083583
0.00118444
0.00134011
0.00144841
0.00162798
0.00178209
0.00176830
0.00139243
0.00067192
-0.00002655
-0.00047356
-0.00081401
-0.00124882
-0.00174788
-0.00207341
-0.00216078
-0.00200316
-0.00166603
-0.00131666
-0.00105855
-0.00068888
-0.00013119
0.00039063
0.00061654
0.00060729
0.00072174
0.00101715
0.00118114
0.00101523
0.00066611
0.00043669
0.00046879
0.00080993
0.00144881
0.00217593
0.00269334
0.00288661
0.00281414
0.00254181
0.00223280
0.00215509
0.00240680
0.00275942
0.00293577
0.00274494
0.00215645
0.00129775
0.00041099
-0.00015409
-0.00038198
-0.00063027
-0.00102856
-0.00111779
-0.00065570
-0.00008378
0.00010894
-0.00011656
-0.00045304
-0.00075930
-0.00102465
-0.00113517
-0.00123793
-0.00157997
-0.00207120
-0.00233622
-0.00206920
-0.00143840
-0.00077993
-0.00033190
-0.00021278
-0.00034142
-0.00031703
0.00008174
0.00055049
0.00066928
0.00037277
-0.00019547
-0.00081364
-0.00124671
-0.00131511
-0.00113220
-0.00111637
-0.00139609
-0.00166593
-0.00161593
-0.00126479
-0.00087246
-0.00066219
-0.00072672
-0.00114621
-0.00161287
-0.00176734
-0.00168231
-0.00167384
-0.00186794
-0.00209685
-0.00214984
-0.00200575
-0.00175586
-0.00151306
-0.00131019
-0.00110833
-0.00079277
-0.00039376
0.00002738
0.00025140
0.00003265
-0.00056380
-0.00129935
-0.00189314
-0.00221740
-0.00239423
-0.00245846
-0.00226636
-0.00178789
-0.00125260
-0.00081763
-0.00049796
-0.00039955
-0.00046973
-0.00048309
-0.00024862
0.00014724
0.00072790
0.00150647
0.00195817
0.00164873
0.00085030
-0.00008912
-0.00097972
-0.00158115
-0.00167442
-0.00138371
-0.00109430
-0.00103728
-0.00120466
-0.00139667
-0.00140875
-0.00133097
-0.00130388
-0.00123229
-0.00096882
-0.00038338
0.00038034
0.00073321
0.00043995
-0.00005372
-0.00032222
-0.00019169
0.00026192
0.00073888
0.00105004
0.00130908
0.00155646
0.00159228
0.00143030
0.00125012
0.00101475
0.00065468
0.00018104
-0.00040781
-0.00110760
-0.00179174
-0.00206900
-0.00170387
-0.00095726
-0.00029268
0.00000161
-0.00019936
-0.00068817
-0.00095583
-0.00076603
-0.00027535
0.00019681
0.00047145
0.00061167
0.00076660
0.00112500
0.00153756
0.00163394
0.00134788
0.00085819
0.00032099
-0.00002913
-0.00012053
-0.00019644
-0.00037882
-0.00056645
-0.00060759
-0.00034322
0.00024869
0.00083534
0.00101015
0.00065639
-0.00002381
-0.00070539
-0.00096571
-0.00050635
0.00035880
0.00094835
0.00104657
0.00100055
0.00116594
0.00155515
0.00188001
0.00196338
0.00188659
0.00172365
0.00159420
0.00160917
0.00154595
0.00108988
0.00026925
-0.00061861
-0.00135606
-0.00187694
-0.00210401
-0.00201748
-0.00172801
-0.00132329
-0.00087947
-0.00036277
0.00010889
0.00037486
0.00044316
0.00046104
0.00051226
0.00051340
0.00037523
0.00029302
0.00039651
0.00046007
0.00034119
0.00022752
0.00029196
0.00047698
0.00068697
0.00083465
0.00091922
0.00089800
0.00083592
0.00097052
0.00124896
0.00136064
0.00116130
0.00079239
0.00034355
-0.00014112
-0.00048995
-0.00059042
-0.00049383
-0.00042875
-0.00037557
-0.00025550
-0.00017937
-0.00017930
-0.00009126
0.00014404
0.00040979
0.00041302
-0.00003497
-0.00066872
-0.00100791
-0.00096739
-0.00069392
-0.00028918
0.00012242
0.00039857
0.00059957
0.00084487
0.00105113
0.00113020
0.00109172
0.00108799
0.00120740
0.00128229
0.00126061
0.00123712
0.00125981
0.00132989
0.00131910
0.00105460
0.00045466
-0.00027611
-0.00080721
-0.00095055
-0.00073673
-0.00044332
-0.00034393
-0.00040407
-0.00044099
-0.00040980
-0.00040780
-0.00056403
-0.00092812
-0.00136344
-0.00156518
-0.00130363
-0.00071436
-0.00017495
0.00003945
-0.00000987
-0.00011798
-0.00017762
-0.00004544
0.00037423
0.00089005
0.00121972
0.00133782
0.00135627
0.00127233
0.00112426
0.00088793
0.00050081
-0.00010259
-0.00085087
-0.00136304
-0.00138656
-0.00108760
-0.00071512
-0.00033493
0.00019275
0.00083033
0.00135259
0.00172792
0.00195502
0.00196685
0.00176825
0.00155318
0.00141569
0.00122504
0.00082910
0.00018794
-0.00053886
-0.00120050
-0.00165486
-0.00182061
-0.00171762
-0.00138811
-0.00096174
-0.00062451
-0.00050556
-0.00062552
-0.00090057
-0.00118298
-0.00126352
-0.00096631
-0.00035995
0.00029453
0.00073401
0.00082948
0.00073244
0.00061727
0.00055164
0.00069799
0.00098693
0.00121800
0.00133333
0.00139031
0.00139330
0.00133484
0.00110961
0.00064017
-0.00003169
-0.00069331
-0.00113483
-0.00139692
-0.00165444
-0.00198094
-0.00220012
-0.00210235
-0.00168785
-0.00112857
-0.00054904
-0.00004185
0.00030769
0.00044949
0.00030617
-0.00011253
-0.00056593
-0.00072015
-0.00053003
-0.00008305
0.00046281
0.00085653
0.00102645
0.00099463
0.00082029
0.00059226
0.00039430
0.00031625
0.00036190
0.00047608
0.00058481
0.00074078
0.00101043
0.00120465
0.00122050
0.00109810
0.00085594
0.00057849
0.00036578
0.00030655
0.00030352
0.00017858
-0.00012340
-0.00039054
-0.00041794
-0.00010234
0.00049758
0.00110261
0.00149020
0.00161498
0.00151315
0.00134855
0.00123988
0.00115251
0.00103190
0.00095021
0.00091686
0.00096350
0.00113313
0.00123125
0.00097495
0.00032553
-0.00046381
-0.00114522
-0.00157920
-0.00180679
-0.00187239
-0.00174006
-0.00152567
-0.00135775
-0.00125855
-0.00120604
-0.00110328
-0.00090654
-0.00063351
-0.00038126
-0.00018156
0.00000645
0.00010922
0.00020906
0.00034442
0.00036617
0.00011098
-0.00027802
-0.00051233
-0.00056127
-0.00043542
-0.00018181
0.00016189
0.00050647
0.00074118
0.00091402
0.00106749
0.00118966
0.00131123
0.00149576
0.00171370
0.00181877
0.00177513
0.00177769
0.00187112
0.00188440
0.00171481
0.00132511
0.00082565
0.00025889
-0.00024085
-0.00029459
0.00016416
0.00070673
0.00095010
0.00077959
0.00040098
0.00024154
0.00042962
0.00062692
0.00049501
0.00014904
-0.00007073
0.00007365
0.00052885
0.00098470
0.00121984
0.00108691
0.00061436
0.00008704
-0.00027342
-0.00050181
-0.00074932
-0.00108528
-0.00146077
-0.00162236
-0.00142998
-0.00111275
-0.00102983
-0.00122773
-0.00144221
-0.00133132
-0.00086558
-0.00040189
-0.00008878
0.00030291
0.00091157
0.00153099
0.00184189
0.00178776
0.00158168
0.00126419
0.00087442
0.00056602
0.00027587
-0.00008982
-0.00046489
-0.00066651
-0.00058029
-0.00037168
-0.00026981
-0.00028541
-0.00028333
-0.00024105
-0.00028499
-0.00037735
-0.00053450
-0.00084451
-0.00123558
-0.00140056
-0.00129046
-0.00109371
-0.00082144
-0.00042081
-0.00003996
0.00010777
0.00004858
-0.00001778
0.00009819
0.00029445
0.00040667
0.00049999
0.00054268
0.00037201
0.00009545
-0.00001683
0.00002312
-0.00008080
-0.00045207
-0.00097221
-0.00142471
-0.00159206
-0.00135158
-0.00082072
-0.00040503
-0.00024511
-0.00006803
0.00025580
0.00062565
0.00078750
0.00057246
0.00009387
-0.00047683
-0.00093883
-0.00111491
-0.00102515
-0.00094507
-0.00110446
-0.00143317
-0.00169141
-0.00157622
-0.00099439
-0.00019564
0.00036831
0.00039541
-0.00003007
-0.00058455
-0.00085019
-0.00067469
-0.00035527
-0.00047656
-0.00125548
-0.00225407
-0.00280289
-0.00256113
-0.00180324
-0.00099163
-0.00044051
-0.00015352
0.00006524
0.00036996
0.00072378
0.00074479
0.00020589
-0.00051578
-0.00089990
-0.00083602
-0.00047979
-0.00008470
0.00007297
-0.00005054
-0.00030113
-0.00039907
-0.00025479
0.00000388
0.00026873
0.00048643
0.00067414
0.00084694
0.00098388
0.00106154
0.00101496
0.00078677
0.00034576
-0.00027549
-0.00100800
-0.00166770
-0.00204268
-0.00210541
-0.00191036
-0.00149380
-0.00093911
-0.00035742
0.00009972
0.00024731
0.00001896
-0.00046217
-0.00095005
-0.00116608
-0.00104180
-0.00072830
-0.00056674
-0.00071716
-0.00096379
-0.00093427
-0.00043530
0.00031738
0.00086224
0.00100970
0.00092007
0.00075780
0.00068901
0.00083780
0.00125502
0.00183557
0.00232043
0.00258955
0.00263063
0.00257643
0.00264016
0.00276759
0.00283951
0.00280513
0.00252391
0.00189206
0.00106660
0.00033780
-0.00009931
-0.00017827
0.00006406
0.00036620
0.00039473
0.00009840
-0.00029337
-0.00062313
-0.00083412
-0.00082346
-0.00066225
-0.00051919
-0.00043441
-0.00034166
-0.00022583
-0.00005149
0.00013400
0.00025241
0.00038084
0.00069186
0.00116376
0.00157716
0.00181868
0.00187168
0.00176667
0.00156219
0.00125541
0.00080111
0.00014785
-0.00053015
-0.00097630
-0.00114974
-0.00121560
-0.00129159
-0.00144349
-0.00161078
-0.00166377
-0.00154652
-0.00123422
-0.00078068
-0.00025908
0.00026067
0.00077938
0.00123802
0.00152244
0.00149673
0.00129018
0.00126427
0.00157878
0.00209361
0.00257702
0.00273987
0.00255121
0.00240398
0.00252255
0.00277440
0.00303598
0.00311413
0.00284042
0.00223331
0.00138955
0.00057641
0.00001266
-0.00037552
-0.00074273
-0.00113417
-0.00150911
-0.00180058
-0.00193666
-0.00191953
-0.00184075
-0.00186196
-0.00202240
-0.00218879
-0.00223631
-0.00219693
-0.00209870
-0.00195748
-0.00185534
-0.00182424
-0.00180667
-0.00162722
-0.00113619
-0.00046668
0.00014341
0.00057443
0.00092076
0.00122657
0.00154713
0.00198561
0.00247251
0.00274218
0.00252949
0.00194149
0.00122742
0.00058294
0.00012694
-0.00017956
-0.00038682
-0.00054900
-0.00064843
-0.00065786
-0.00050406
-0.00014681
0.00025391
0.00057669
0.00071982
0.00068724
0.00056858
0.00034361
0.00008759
0.00000831
0.00022049
0.00052106
0.00063744
0.00063762
0.00072749
0.00082993
0.00084829
0.00075884
0.00048019
0.00000982
-0.00059798
-0.00117511
-0.00150591
-0.00157165
-0.00157471
-0.00165181
-0.00178424
-0.00199347
-0.00229629
-0.00257423
-0.00259752
-0.00223645
-0.00167701
-0.00129570
-0.00128044
-0.00139836
-0.00132707
-0.00090476
-0.00009498
0.00088877
0.00170771
0.00211271
0.00202517
0.00148466
0.00075508
0.00027438
0.00016790
0.00024247
0.00032644
0.00043497
0.00053203
0.00049705
0.00027063
-0.00012176
-0.00058233
-0.00090504
-0.00104174
-0.00114979
-0.00137990
-0.00164993
-0.00182435
-0.00185015
-0.00170139
-0.00146048
-0.00116397
-0.00086669
-0.00060162
-0.00034280
-0.00012462
0.00009620
0.00042625
0.00082906
0.00112892
0.00119391
0.00108070
0.00091322
0.00076939
0.00075730
0.00089809
0.00115652
0.00163633
0.00217719
0.00249553
0.00251334
0.00213564
0.00151441
0.00083005
0.00017310
-0.00033507
-0.00073313
-0.00112377
-0.00136100
-0.00131116
-0.00102133
-0.00062063
-0.00008356
0.00059513
0.00119294
0.00157091
0.00179372
0.00186816
0.00159497
0.00104228
0.00045777
-0.00003073
-0.00035689
-0.00045951
-0.00038209
-0.00030389
-0.00042393
-0.00068360
-0.00088099
-0.00099675
-0.00108738
-0.00111293
-0.00097204
-0.00061754
-0.00014053
0.00019401
0.00026681
0.00025812
0.00038849
0.00071604
0.00115771
0.00162187
0.00203229
0.00222231
0.00187650
0.00095865
-0.00030767
-0.00149252
-0.00221394
-0.00233669
-0.00193631
-0.00130658
-0.00067125
-0.00009647
0.00046832
0.00103773
0.00142970
0.00148393
0.00121836
0.00079212
0.00063073
0.00107417
0.00186045
0.00245841
0.00260920
0.00231617
0.00179634
0.00138042
0.00114191
0.00092974
0.00057424
-0.00000040
-0.00061207
-0.00083780
-0.00056244
-0.00010406
0.00020275
0.00029915
0.00029774
0.00028817
0.00039971
0.00078397
0.00136490
0.00192141
0.00228326
0.00234589
0.00207745
0.00151610
0.00080052
0.00014727
-0.00036183
-0.00079355
-0.00122020
-0.00155240
-0.00161240
-0.00139653
-0.00110527
-0.00086632
-0.00060418
-0.00028415
0.00015394
0.00075697
0.00129178
0.00160258
0.00174644
0.00178318
0.00172417
0.00155789
0.00131299
0.00097960
0.00041064
-0.00031325
-0.00087070
-0.00105467
-0.00086155
-0.00044215
-0.00004313
0.00017498
0.00020408
0.00010881
-0.00000654
-0.00006332
-0.00014160
-0.00036348
-0.00067603
-0.00096306
-0.00103132
-0.00067764
-0.00003831
0.00051871
0.00073032
0.00054818
0.00011358
-0.00032045
-0.00059867
-0.00077626
-0.00089870
-0.00101854
-0.00114510
-0.00123745
-0.00111945
-0.00075320
-0.00023435
0.00030860
0.00057247
0.00049578
0.00017564
-0.00015955
-0.00018070
0.00018128
0.00079199
0.00136984
0.00153062
0.00127911
0.00091142
0.00053879
0.00013047
-0.00041224
-0.00111666
-0.00185065
-0.00236214
-0.00248845
-0.00233516
-0.00209515
-0.00177399
-0.00124566
-0.00049395
0.00037993
0.00114685
0.00157624
0.00154627
0.00107948
0.00039792
-0.00017168
-0.00044048
-0.00035851
-0.00012267
-0.00008611
-0.00031636
-0.00071462
-0.00112743
-0.00139146
-0.00143472
-0.00128434
-0.00117409
-0.00131619
-0.00158509
-0.00175476
-0.00179393
-0.00178300
-0.00177568
-0.00166847
-0.00145025
-0.00131374
-0.00127852
-0.00122620
-0.00116250
-0.00115890
-0.00122621
-0.00130503
-0.00132179
-0.00121891
-0.00090943
-0.00046374
-0.00012241
0.00003795
0.00014348
0.00032060
0.00056355
0.00072522
0.00074071
0.00066491
0.00069097
0.00083317
0.00100862
0.00115583
0.00127448
0.00131956
0.00118509
0.00094046
0.00058900
0.00014798
-0.00019784
-0.00024262
-0.00006216
0.00010313
0.00004079
-0.00043761
-0.00126077
-0.00201362
-0.00240799
-0.00242761
-0.00223081
-0.00203054
-0.00191802
-0.00188905
-0.00182197
-0.00157320
-0.00119527
-0.00084291
-0.00053173
-0.00031502
-0.00028839
-0.00035359
-0.00043208
-0.00050407
-0.00044469
-0.00022163
0.00008881
0.00041707
0.00063245
0.00069658
0.00060499
0.00035330
-0.00006448
-0.00051896
-0.00088419
-0.00094960
-0.00056216
0.00011583
0.00082446
0.00128849
0.00144884
0.00146723
0.00150391
0.00163215
0.00173518
0.00161182
0.00123814
0.00078877
0.00055381
0.00054116
0.00058451
0.00050341
0.00007394
-0.00055964
-0.00108280
-0.00131367
-0.00119816
-0.00096216
-0.00084917
-0.00097277
-0.00126725
-0.00156148
-0.00172045
-0.00168138
-0.00151335
-0.00122328
-0.00071562
0.00002859
0.00077197
0.00125301
0.00141403
0.00140503
0.00144004
0.00171610
0.00228639
0.00297605
0.00344272
0.00339432
0.00296169
0.00254408
0.00234709
0.00225718
0.00218096
0.00212890
0.00205124
0.00192525
0.00173736
0.00147468
0.00114808
0.00080845
0.00057267
0.00048681
0.00061665
0.00101092
0.00159561
0.00237689
0.00337058
0.00418051
0.00439813
0.00395981
0.00308648
0.00212621
0.00134624
0.00088396
0.00071194
0.00078596
0.00101219
0.00106819
0.00082824
0.00037810
-0.00014764
-0.00053150
-0.00064196
-0.00047109
-0.00012229
0.00026604
0.00055904
0.00074903
0.00082160
0.00058319
0.00005051
-0.00059532
-0.00116440
-0.00156712
-0.00194289
-0.00246690
-0.00314434
-0.00378284
-0.00398725
-0.00361064
-0.00291291
-0.00234537
-0.00215918
-0.00232927
-0.00271163
-0.00296429
-0.00286510
-0.00251105
-0.00225316
-0.00224394
-0.00231006
-0.00214218
-0.00181579
-0.00160995
-0.00171972
-0.00217693
-0.00274891
-0.00302962
-0.00290251
-0.00255169
-0.00217340
-0.00173274
-0.00134968
-0.00123881
-0.00133819
-0.00146519
-0.00149114
-0.00136835
-0.00116329
-0.00100152
-0.00094566
-0.00101374
-0.00118215
-0.00146769
-0.00199185
-0.00268655
-0.00319736
-0.00331291
-0.00314252
-0.00281117
-0.00241552
-0.00202769
-0.00155983
-0.00085352
-0.00005262
0.00045255
0.00049129
0.00012086
-0.00039067
-0.00053861
-0.00010074
0.00069136
0.00141193
0.00188486
0.00230428
0.00278799
0.00316311
0.00314910
0.00261240
0.00169124
0.00061498
-0.00037777
-0.00106500
-0.00135791
-0.00125252
-0.00080312
-0.00012381
0.00057906
0.00122055
0.00174386
0.00203719
0.00223067
0.00237371
0.00241811
0.00244298
0.00250194
0.00253003
0.00247406
0.00237366
0.00226328
0.00209292
0.00176997
0.00134256
0.00092462
0.00065644
0.00067228
0.00095309
0.00150782
0.00225361
0.00300816
0.00355512
0.00378325
0.00372446
0.00353963
0.00354706
0.00392787
0.00464469
0.00551399
0.00632406
0.00685116
0.00696529
0.00669636
0.00620034
0.00563024
0.00506438
0.00455986
0.00424558
0.00415394
0.00412802
0.00390434
0.00329836
0.00235588
0.00118743
-0.00018549
-0.00170620
-0.00323856
-0.00467448
-0.00595223
-0.00705014
-0.00798591
-0.00868523
-0.00902079
-0.00910501
-0.00906054
-0.00887895
-0.00850858
-0.00792130
-0.00734559
-0.00698971
-0.00682623
-0.00676549
-0.00665670
-0.00643794
-0.00629815
-0.00643179
-0.00691743
-0.00770447
-0.00870180
-0.00977860
-0.01070536
-0.01135408
-0.01164843
-0.01150009
-0.01104579
-0.01065136
-0.01058772
-0.01082904
-0.01117810
-0.01137982
-0.01114608
-0.01033921
-0.00905763
-0.00749098
-0.00575753
-0.00407028
-0.00255121
-0.00129217
-0.00043758
0.00002947
0.00008153
-0.00018356
-0.00064155
-0.00119724
-0.00154127
-0.00139303
-0.00072278
0.00029289
0.00131623
0.00193202
0.00190943
0.00127220
0.00026673
-0.00073175
-0.00155870
-0.00212560
-0.00231883
-0.00222130
-0.00206137
-0.00189791
-0.00157888
-0.00106152
-0.00030753
0.00060189
0.00142908
0.00195127
0.00203451
0.00172447
0.00134683
0.00122973
0.00133796
0.00144604
0.00136865
0.00107546
0.00066140
0.00031686
0.00014001
0.00009703
0.00019329
0.00060575
0.00144953
0.00268142
0.00427731
0.00597788
0.00743051
0.00845648
0.00896974
0.00903906
0.00888384
0.00863628
0.00832299
0.00809619
0.00816723
0.00846003
0.00864813
0.00845807
0.00792814
0.00721761
0.00655751
0.00624581
0.00637206
0.00674990
0.00717336
0.00754767
0.00764610
0.00721679
0.00617799
0.00465865
0.00292387
0.00131455
0.00008792
-0.00087444
-0.00172826
-0.00246968
-0.00306870
-0.00357480
-0.00411335
-0.00474892
-0.00556838
-0.00657630
-0.00745656
-0.00780785
-0.00739107
-0.00634559
-0.00507470
-0.00385415
-0.00252839
-0.00081265
0.00122670
0.00320718
0.00473910
0.00573979
0.00628971
0.00653398
0.00652896
0.00629580
0.00583861
0.00527781
0.00475631
0.00425968
0.00374575
0.00300741
0.00182682
0.00031488
-0.00135570
-0.00293575
-0.00408233
-0.00474921
-0.00492019
-0.00439386
-0.00330954
-0.00205972
-0.00092842
-0.00017589
0.00002546
-0.00029086
-0.00071941
-0.00080797
-0.00061785
-0.00043573
-0.00034369
-0.00027774
-0.00029774
-0.00055517
-0.00104017
-0.00168546
-0.00230711
-0.00253996
-0.00226072
-0.00157374
-0.00070669
0.00033603
0.00174443
0.00332569
0.00466193
0.00545781
0.00553587
0.00489051
0.00360240
0.00189027
0.00019999
-0.00110815
-0.00204007
-0.00268789
-0.00307574
-0.00324900
-0.00328565
-0.00315426
-0.00272651
-0.00172742
0.00000571
0.00229074
0.00487227
0.00740904
0.00947377
0.01074230
0.01114634
0.01082342
0.01003879
0.00891073
0.00749609
0.00615749
0.00522215
0.00462320
0.00413618
0.00356931
0.00283542
0.00191266
0.00075907
-0.00047102
-0.00150330
-0.00213011
-0.00251328
-0.00282222
-0.00289672
-0.00268697
-0.00240856
-0.00222907
-0.00207393
-0.00177187
-0.00134431
-0.00104249
-0.00113540
-0.00170442
-0.00267316
-0.00384231
-0.00486858
-0.00554518
-0.00598856
-0.00644479
-0.00690843
-0.00719834
-0.00693940
-0.00608504
-0.00500250
-0.00390906
-0.00272466
-0.00153020
-0.00047045
0.00060724
0.00170528
0.00247998
0.00280317
0.00283523
0.00275061
0.00283340
0.00325009
0.00384286
0.00443666
0.00493784
0.00533947
0.00542300
0.00499368
0.00411150
0.00289877
0.00162169
0.00057920
-0.00012770
-0.00052155
-0.00057603
-0.00028722
0.00030756
0.00126327
0.00261086
0.00412022
0.00534480
0.00618125
0.00677179
0.00712768
0.00703452
0.00634640
0.00513248
0.00357395
0.00198416
0.00078666
0.00054085
0.00152488
0.00353816
0.00608257
0.00845702
0.01018889
0.01122850
0.01167618
0.01166929
0.01125866
0.01055288
0.00978798
0.00908743
0.00848049
0.00796200
0.00765809
0.00749921
0.00697919
0.00588769
0.00447283
0.00290432
0.00134406
0.00000373
-0.00101367
-0.00176013
-0.00233543
-0.00276454
-0.00294033
-0.00287495
-0.00273831
-0.00288261
-0.00373298
-0.00539639
-0.00778486
-0.01089309
-0.01442321
-0.01761576
-0.01995440
-0.02129015
-0.02157203
-0.02090561
-0.01945502
-0.01749734
-0.01533526
-0.01313140
-0.01088488
-0.00852038
-0.00597451
-0.00324495
-0.00029317
0.00291116
0.00630067
0.00963557
0.01252950
0.01477813
0.01647881
0.01758491
0.01808042
0.01814211
0.01788089
0.01728954
0.01636375
0.01498789
0.01298467
0.01030836
0.00715947
0.00397027
0.00108821
-0.00124966
-0.00301220
-0.00447327
-0.00569983
-0.00656803
-0.00695268
-0.00676992
-0.00617092
-0.00549070
-0.00497036
-0.00471275
-0.00471480
-0.00489875
-0.00522140
-0.00550701
-0.00562147
-0.00552513
-0.00502777
-0.00403778
-0.00239493
-0.00005802
0.00262467
0.00525178
0.00736434
0.00857316
0.00893713
0.00877187
0.00830183
0.00755381
0.00645748
0.00520899
0.00423853
0.00373450
0.00346670
0.00310894
0.00239261
0.00114206
-0.00054924
-0.00243356
-0.00432455
-0.00597284
-0.00724147
-0.00827373
-0.00910511
-0.00973950
-0.01018182
-0.01039191
-0.01040081
-0.01006566
-0.00921621
-0.00762659
-0.00527956
-0.00273805
-0.00062562
0.00077625
0.00137502
0.00114775
0.00015598
-0.00151490
-0.00368072
-0.00604008
-0.00820077
-0.00977675
-0.01065997
-0.01094199
-0.01054332
-0.00941455
-0.00772272
-0.00577083
-0.00403964
-0.00273902
-0.00182537
-0.00138769
-0.00133556
-0.00149791
-0.00173764
-0.00184918
-0.00174924
-0.00159985
-0.00157382
-0.00162702
-0.00141533
-0.00063302
0.00087976
0.00306524
0.00562283
0.00814428
0.01026758
0.01159759
0.01205683
0.01184514
0.01106321
0.00974563
0.00808182
0.00631082
0.00470442
0.00347048
0.00253848
0.00160134
0.00028438
-0.00171928
-0.00469723
-0.00862184
-0.01290397
-0.01666019
-0.01940292
-0.02107348
-0.02162072
-0.02103684
-0.01934115
-0.01679939
-0.01407428
-0.01178778
-0.01022033
-0.00939085
-0.00911925
-0.00902153
-0.00880863
-0.00836006
-0.00751257
-0.00584676
-0.00329497
-0.00037450
0.00253476
0.00521039
0.00724024
0.00832854
0.00857690
0.00806480
0.00676315
0.00494307
0.00292122
0.00052601
-0.00262116
-0.00648639
-0.01047905
-0.01353101
-0.01462243
-0.01353533
-0.01102904
-0.00819203
-0.00573851
-0.00378354
-0.00192174
0.00047693
0.00360999
0.00719406
0.01085430
0.01420483
0.01692330
0.01890856
0.02023017
0.02096242
0.02127553
0.02149482
0.02165533
0.02152836
0.02092214
0.01977409
0.01799606
0.01554662
0.01257497
0.00914399
0.00547676
0.00210285
-0.00036951
-0.00146345
-0.00099556
0.00059598
0.00260628
0.00471262
0.00701617
0.00943912
0.01141706
0.01252154
0.01287006
0.01299952
0.01373782
0.01547004
0.01755092
0.01851791
0.01715447
0.01333243
0.00800271
0.00237002
-0.00282436
-0.00755464
-0.01219269
-0.01701106
-0.02196048
-0.02668907
-0.03061633
-0.03311635
-0.03368348
-0.03214120
-0.02893121
-0.02471743
-0.02000154
-0.01497034
-0.00986304
-0.00522599
-0.00153542
0.00116735
0.00284618
0.00356589
0.00409281
0.00514647
0.00685636
0.00920255
0.01189358
0.01418977
0.01548225
0.01594346
0.01603463
0.01591923
0.01575604
0.01549099
0.01492636
0.01437779
0.01402610
0.01332305
0.01191010
0.00973875
0.00713571
0.00475212
0.00313142
0.00268889
0.00356803
0.00501517
0.00598954
0.00623634
0.00587100
0.00490011
0.00324730
0.00093245
-0.00178578
-0.00440769
-0.00621925
-0.00644603
-0.00471244
-0.00155591
0.00186603
0.00451716
0.00586779
0.00609355
0.00555560
0.00452983
0.00363602
0.00323629
0.00307063
0.00256656
0.00122187
-0.00164187
-0.00635398
-0.01218165
-0.01794616
-0.02242634
-0.02465497
-0.02420886
-0.02143292
-0.01732146
-0.01314456
-0.00970415
-0.00749639
-0.00696289
-0.00822798
-0.01050902
-0.01261445
-0.01359025
-0.01233231
-0.00807995
-0.00133151
0.00619675
0.01264317
0.01704715
0.01914795
0.01951817
0.01897603
0.01787627
0.01647180
0.01489180
0.01300044
0.01085389
0.00908687
0.00811831
0.00762064
0.00702189
0.00546363
0.00253539
-0.00129480
-0.00585481
-0.01111044
-0.01627454
-0.02021203
-0.02245382
-0.02354820
-0.02431687
-0.02510825
-0.02607049
-0.02674463
-0.02633564
-0.02467253
-0.02188322
-0.01846088
-0.01494456
-0.01136181
-0.00749511
-0.00320219
0.00119404
0.00463957
0.00613944
0.00580540
0.00453538
0.00330601
0.00262463
0.00214727
0.00164909
0.00125102
0.00088478
0.00067309
0.00090982
0.00167044
0.00271626
0.00357204
0.00361404
0.00242925
0.00009425
-0.00293346
-0.00592036
-0.00815650
-0.00899449
-0.00819156
-0.00599296
-0.00299443
0.00033895
0.00369855
0.00652063
0.00818573
0.00862440
0.00832123
0.00768068
0.00658900
0.00494669
0.00307753
0.00144408
0.00058373
0.00106178
0.00281326
0.00569810
0.00941115
0.01296790
0.01505376
0.01467080
0.01184046
0.00732649
0.00221057
-0.00251009
-0.00625951
-0.00899106
-0.01107661
-0.01286724
-0.01457837
-0.01614316
-0.01723049
-0.01722996
-0.01584611
-0.01329732
-0.01034742
-0.00785572
-0.00623800
-0.00551490
-0.00531812
-0.00517575
-0.00514723
-0.00546072
-0.00647519
-0.00865506
-0.01178541
-0.01486787
-0.01675718
-0.01682404
-0.01540577
-0.01320974
-0.01070597
-0.00840008
-0.00642844
-0.00479404
-0.00344292
-0.00201286
-0.00033472
0.00177588
0.00470153
0.00912018
0.01491528
0.02067173
0.02487351
0.02673086
0.02575511
0.02208858
0.01676152
0.01102961
0.00567393
0.00166718
0.00002080
0.00111437
0.00432843
0.00797972
0.01115134
0.01364521
0.01497314
0.01523717
0.01510084
0.01443182
0.01291209
0.01112569
0.00949372
0.00727127
0.00345480
-0.00177112
-0.00696550
-0.01133079
-0.01437070
-0.01573584
-0.01607822
-0.01589756
-0.01515419
-0.01420845
-0.01277599
-0.01041021
-0.00761450
-0.00423225
-0.00037512
0.00328051
0.00658000
0.00883827
0.00976693
0.00958190
0.00853356
0.00706554
0.00558792
0.00432748
0.00288190
0.00091352
-0.00139713
-0.00334263
-0.00411022
-0.00275615
0.00073741
0.00516172
0.00890183
0.01069993
0.01065129
0.00955376
0.00812087
0.00654326
0.00486515
0.00383055
0.00369994
0.00399075
0.00476230
0.00625646
0.00794318
0.00912278
0.00983093
0.01023882
0.01040040
0.01027573
0.00990969
0.00950230
0.00864961
0.00740862
0.00687676
0.00776126
0.00963275
0.01061457
0.00873119
0.00400859
-0.00183633
-0.00709031
-0.01088141
-0.01319639
-0.01457228
-0.01545716
-0.01575510
-0.01479507
-0.01205840
-0.00798494
-0.00430315
-0.00265178
-0.00316567
-0.00496359
-0.00667914
-0.00696427
-0.00535180
-0.00221719
0.00160815
0.00493176
0.00641452
0.00599478
0.00509012
0.00489958
0.00517558
0.00494513
0.00359838
0.00081823
-0.00316083
-0.00706380
-0.00950102
-0.00997510
-0.00854540
-0.00559710
-0.00191911
0.00142046
0.00392774
0.00560551
0.00591014
0.00381428
-0.00083728
-0.00720463
-0.01399503
-0.01965878
-0.02311403
-0.02415201
-0.02330369
-0.02130521
-0.01835069
-0.01438581
-0.00965152
-0.00437179
0.00124113
0.00662668
0.01121248
0.01476647
0.01749665
0.01987017
0.02200069
0.02335501
0.02333742
0.02199493
0.01940673
0.01533348
0.00993438
0.00406638
-0.00116069
-0.00504716
-0.00754722
-0.00899123
-0.00981594
-0.00999409
-0.00928147
-0.00747685
-0.00474033
-0.00181856
0.00083835
0.00306490
0.00474054
0.00622436
0.00755181
0.00866484
0.00989905
0.01114799
0.01205779
0.01262113
0.01251916
0.01160893
0.01057818
0.00966371
0.00823845
0.00583385
0.00299284
0.00063351
-0.00035227
0.00062603
0.00312207
0.00566244
0.00688792
0.00635027
0.00436911
0.00193503
-0.00014873
-0.00161495
-0.00244965
-0.00267252
-0.00218727
-0.00107567
0.00052962
0.00214873
0.00274836
0.00200090
0.00043847
-0.00150863
-0.00383297
-0.00613313
-0.00751159
-0.00776533
-0.00753823
-0.00713225
-0.00635710
-0.00492228
-0.00290308
-0.00058406
0.00165686
0.00341488
0.00469330
0.00577863
0.00706726
0.00872385
0.01061375
0.01254040
0.01412518
0.01472678
0.01363520
0.01089692
0.00755566
0.00456005
0.00215750
0.00026138
-0.00113552
-0.00198793
-0.00252199
-0.00325519
-0.00471409
-0.00715077
-0.01012200
-0.01273228
-0.01432258
-0.01463415
-0.01383019
-0.01251514
-0.01127758
-0.01040834
-0.00997795
-0.00984215
-0.00984983
-0.01001133
-0.01017579
-0.00990411
-0.00896867
-0.00757782
-0.00613009
-0.00500703
-0.00445038
-0.00455877
-0.00516267
-0.00599646
-0.00682101
-0.00723369
-0.00678085
-0.00535876
-0.00316495
-0.00047520
0.00232898
0.00483634
0.00663499
0.00743658
0.00711911
0.00591444
0.00437837
0.00311041
0.00241737
0.00233231
0.00268678
0.00321843
0.00372719
0.00399982
0.00376248
0.00291335
0.00174747
0.00039821
-0.00105713
-0.00241203
-0.00356846
-0.00443869
-0.00501493
-0.00537750
-0.00569621
-0.00623784
-0.00697434
-0.00742825
-0.00729703
-0.00642694
-0.00495766
-0.00318335
-0.00136356
0.00039806
0.00194376
0.00291035
0.00308625
0.00277702
0.00237975
0.00217928
0.00215340
0.00196456
0.00164634
0.00136128
0.00109053
0.00095854
0.00053730
-0.00062409
-0.00203527
-0.00316256
-0.00356690
-0.00292359
-0.00170971
-0.00109995
-0.00178781
-0.00352612
-0.00583777
-0.00787814
-0.00860504
-0.00757527
-0.00501408
-0.00168713
0.00110513
0.00236400
0.00213909
0.00091974
-0.00069094
-0.00214435
-0.00311839
-0.00331236
-0.00282761
-0.00211299
-0.00138119
-0.00091466
-0.00092095
-0.00142109
-0.00271729
-0.00502397
-0.00801953
-0.01076228
-0.01209073
-0.01134373
-0.00841356
-0.00399723
0.00070185
0.00448520
0.00696014
0.00851179
0.00945802
0.00979465
0.00931733
0.00786669
0.00535416
0.00196516
-0.00185367
-0.00516325
-0.00692920
-0.00679659
-0.00497871
-0.00219474
0.00060024
0.00269294
0.00380441
0.00383661
0.00298812
0.00189467
0.00101462
0.00087417
0.00171159
0.00320670
0.00482489
0.00561936
0.00514697
0.00350752
0.00139549
-0.00023892
-0.00071401
-0.00000391
0.00114187
0.00194780
0.00205510
0.00182130
0.00194278
0.00253436
0.00314614
0.00327580
0.00274202
0.00184258
0.00113958
0.00084159
0.00062740
0.00021822
-0.00032611
-0.00111516
-0.00221923
-0.00308537
-0.00281749
-0.00117680
0.00110038
0.00291046
0.00354554
0.00309945
0.00211350
0.00115592
0.00062345
0.00088847
0.00205071
0.00358940
0.00497091
0.00593573
0.00641609
0.00638311
0.00596189
0.00545751
0.00497393
0.00435777
0.00361013
0.00283816
0.00190213
0.00036445
-0.00190846
-0.00430536
-0.00573745
-0.00553313
-0.00393642
-0.00173982
0.00023482
0.00146257
0.00170994
0.00106283
0.00009476
-0.00084740
-0.00194633
-0.00343492
-0.00515345
-0.00662265
-0.00747688
-0.00767321
-0.00720981
-0.00629725
-0.00556112
-0.00549729
-0.00576925
-0.00554384
-0.00457265
-0.00301858
-0.00124528
0.00006148
0.00071069
0.00124667
0.00235922
0.00433713
0.00690178
0.00955627
0.01195804
0.01389917
0.01527365
0.01615815
0.01654159
0.01637380
0.01533517
0.01307221
0.00973992
0.00591067
0.00208057
-0.00129061
-0.00380923
-0.00551630
-0.00662553
-0.00735765
-0.00783755
-0.00811798
-0.00832201
-0.00861164
-0.00904018
-0.00949926
-0.00986945
-0.01002876
-0.01002399
-0.00992625
-0.00944561
-0.00814915
-0.00615026
-0.00387206
-0.00179388
-0.00039919
0.00014529
-0.00000659
-0.00049475
-0.00088734
-0.00091147
-0.00058731
0.00002911
0.00120123
0.00320007
0.00578402
0.00828613
0.01010194
0.01104421
0.01117393
0.01092501
0.01092042
0.01152140
0.01276317
0.01411217
0.01475693
0.01438109
0.01307838
0.01126385
0.00932880
0.00728104
0.00510126
0.00310557
0.00180055
0.00161502
0.00256734
0.00406608
0.00511628
0.00502716
0.00392711
0.00249553
0.00152092
0.00139157
0.00196388
0.00257533
0.00248820
0.00149984
0.00006389
-0.00127118
-0.00245438
-0.00355257
-0.00427052
-0.00417127
-0.00313668
-0.00144908
0.00033807
0.00179225
0.00275199
0.00323133
0.00326597
0.00296467
0.00250413
0.00199426
0.00143032
0.00081433
0.00026776
-0.00012937
-0.00044705
-0.00097809
-0.00173500
-0.00263868
-0.00333512
-0.00369972
-0.00374390
-0.00386236
-0.00455793
-0.00599648
-0.00775662
-0.00928471
-0.01001642
-0.00954612
-0.00772239
-0.00467531
-0.00107810
0.00221157
0.00473960
0.00635868
0.00712072
0.00728283
0.00726204
0.00734935
0.00768563
0.00819714
0.00842384
0.00805492
0.00711192
0.00571797
0.00382909
0.00137668
-0.00147731
-0.00418455
-0.00597679
-0.00649669
-0.00582557
-0.00441929
-0.00295216
-0.00198024
-0.00178258
-0.00227718
-0.00321077
-0.00427137
-0.00522079
-0.00594313
-0.00620905
-0.00575249
-0.00445155
-0.00244768
-0.00018026
0.00183978
0.00329506
0.00410988
0.00438321
0.00445967
0.00480729
0.00556755
0.00648786
0.00746565
0.00853963
0.00946960
0.00986875
0.00956026
0.00894238
0.00844134
0.00804097
0.00726565
0.00574943
0.00354271
0.00107533
-0.00101193
-0.00208722
-0.00190597
-0.00072690
0.00077714
0.00183503
0.00208284
0.00173565
0.00116423
0.00064198
0.00009686
-0.00082835
-0.00236556
-0.00424950
-0.00602924
-0.00744271
-0.00840035
-0.00896368
-0.00917771
-0.00906918
-0.00874209
-0.00829157
-0.00777669
-0.00722897
-0.00669875
-0.00612354
-0.00526729
-0.00411857
-0.00285040
-0.00172857
-0.00108108
-0.00105141
-0.00149082
-0.00222532
-0.00304293
-0.00370969
-0.00412805
-0.00427204
-0.00407912
-0.00370342
-0.00348773
-0.00372690
-0.00446044
-0.00534029
-0.00590224
-0.00584295
-0.00506531
-0.00388904
-0.00286033
-0.00223361
-0.00190535
-0.00171838
-0.00145068
-0.00091917
-0.00011494
0.00077681
0.00149934
0.00191869
0.00191311
0.00153078
0.00108161
0.00079614
0.00072391
0.00080639
0.00093092
0.00090890
0.00055991
-0.00026825
-0.00155157
-0.00298868
-0.00418862
-0.00480892
-0.00475482
-0.00431599
-0.00380355
-0.00333941
-0.00281932
-0.00213739
-0.00132425
-0.00048326
0.00025145
0.00082641
0.00130579
0.00166277
0.00172095
0.00151321
0.00108466
0.00038146
-0.00047584
-0.00125775
-0.00169558
-0.00160801
-0.00109418
-0.00047256
-0.00009479
-0.00025311
-0.00085703
-0.00146988
-0.00179408
-0.00192710
-0.00209916
-0.00237587
-0.00253091
-0.00223833
-0.00139386
-0.00018402
0.00111999
0.00234097
0.00324916
0.00366393
0.00356685
0.00304444
0.00230184
0.00159888
0.00111616
0.00085714
0.00070473
0.00048032
0.00001202
-0.00067915
-0.00146671
-0.00222473
-0.00281219
-0.00303434
-0.00267942
-0.00185273
-0.00098633
-0.00050645
-0.00048798
-0.00071312
-0.00098476
-0.00122780
-0.00147170
-0.00161754
-0.00150109
-0.00105672
-0.00048353
-0.00011156
-0.00017479
-0.00076090
-0.00183695
-0.00312415
-0.00425915
-0.00503234
-0.00534885
-0.00524315
-0.00479488
-0.00407058
-0.00322561
-0.00240222
-0.00162233
-0.00091067
-0.00034597
0.00004574
0.00032192
0.00056746
0.00094914
0.00151588
0.00209878
0.00254460
0.00277932
0.00276779
0.00252377
0.00216816
0.00185000
0.00162257
0.00141401
0.00114691
0.00071824
0.00003918
-0.00079592
-0.00164013
-0.00236287
-0.00285995
-0.00305798
-0.00295692
-0.00262072
-0.00214575
-0.00163485
-0.00109104
-0.00045906
0.00027994
0.00102442
0.00154591
0.00172098
0.00158948
0.00132347
0.00106850
0.00091579
0.00088760
0.00093581
0.00097858
0.00091126
0.00063015
0.00010844
-0.00046212
-0.00082292
-0.00096613
-0.00103933
-0.00116775
-0.00139342
-0.00163527
-0.00174630
-0.00162291
-0.00119914
-0.00054198
0.00012513
0.00057331
0.00077930
0.00081035
0.00068613
0.00041738
-0.00000946
-0.00055417
-0.00110697
-0.00155594
-0.00180495
-0.00187318
-0.00188161
-0.00189759
-0.00194027
-0.00196825
-0.00193179
-0.00176742
-0.00144722
-0.00102770
-0.00062362
-0.00032276
-0.00014304
-0.00006305
-0.00004238
-0.00004503
0.00005392
0.00037931
0.00091789
0.00155165
0.00209818
0.00239616
0.00237898
0.00210753
0.00172869
0.00140499
0.00122842
0.00115138
0.00105642
0.00082716
0.00045468
0.00004187
-0.00025429
-0.00036157
-0.00034212
-0.00029205
-0.00030010
-0.00043239
-0.00066540
-0.00087743
-0.00096403
-0.00090872
-0.00078132
-0.00067379
-0.00059326
-0.00046271
-0.00021596
0.00014866
0.00059614
0.00104166
0.00136745
0.00150951
0.00150653
0.00143801
0.00134357
0.00123746
0.00116936
0.00120055
0.00135120
0.00157158
0.00178362
0.00192281
0.00195459
0.00189326
0.00178606
0.00166655
0.00153398
0.00137088
0.00117754
0.00097908
0.00082086
0.00072846
0.00069011
0.00065983
0.00060447
0.00053952
0.00049225
0.00048639
0.00053738
0.00062621
0.00069499
0.00068808
0.00059372
0.00046033
0.00034908
0.00029405
0.00030365
0.00036210
0.00043073
0.00047416
0.00047649
0.00044892
0.00042738
0.00044966
0.00053636
0.00067481
0.00084186
0.00101411
0.00116535
0.00127704
0.00134147
0.00135253
0.00131251
0.00122459
0.00110425
0.00098956
0.00091510
0.00088152
0.00087647
0.00088249
0.00087817
0.00085218
0.00080215
0.00073180
0.00065792
0.00059742
0.00055407
0.00051861
0.00048159
0.00043814
0.00039183
0.00035708
0.00034860
0.00036905
0.00040874
0.00045218
0.00048293
0.00048882
0.00046785
0.00042715
0.00037784
0.00032872
0.00028601
0.00025174
0.00022389
0.00020054
0.00018063
0.00016021
0.00013521
0.00010525
0.00007260
0.00004225
0.00002009
0.00000712
0.00000158
0.00000012
-0.00000227
-0.00000975
-0.00002092
-0.00003127
-0.00003799
-0.00003852
-0.00003131
-0.00001910
-0.00000565
0.00000626
0.00001532
0.00002197
0.00002573
0.00002510
0.00002057
0.00001444
0.00000893
0.00000560
0.00000446
0.00000385
0.00000184
-0.00000315
-0.00001173
-0.00002250
-0.00003340
-0.00004337
-0.00005157
-0.00005696
-0.00005938
-0.00005952
-0.00005881
-0.00005870
-0.00005978
-0.00006212
-0.00006527
-0.00006832
-0.00007079
-0.00007263
-0.00007413
-0.00007554
-0.00007687
-0.00007807
-0.00007922
-0.00008049
-0.00008200
-0.00008375
-0.00008563
-0.00008743
-0.00008896
-0.00009019
-0.00009118
-0.00009208
-0.00009294
-0.00009375
-0.00009452
-0.00009524
-0.00009596
-0.00009674
-0.00009756
-0.00009838
-0.00009914
-0.00009978
-0.00010031
-0.00010072
-0.00010107
-0.00010138
-0.00010164
-0.00010187
-0.00010204
-0.00010218
-0.00010228
-0.00010234
-0.00010236
-0.00010236
-0.00010231
-0.00010223
-0.00010212
-0.00010197
-0.00010179
-0.00010157
-0.00010131
-0.00010102
-0.00010069
