-0.00000207
-0.00000199
-0.00000191
-0.00000183
-0.00000176
-0.00000174
-0.00000170
-0.00000156
-0.00000147
-0.00000139
-0.00000138
-0.00000136
-0.00000134
-0.00000122
-0.00000097
-0.00000093
-0.00000113
-0.00000100
-0.00000093
-0.00000115
-0.00000087
-0.00000068
-0.00000060
-0.00000087
-0.00000079
-0.00000048
-0.00000060
-0.00000011
-0.00000012
-0.00000062
-0.00000005
0.00000056
-0.00000026
-0.00000132
-0.00000050
-0.00000012
0.00000002
-0.00000060
-0.00000112
-0.00000115
-0.00000052
0.00000016
-0.00000036
0.00000054
0.00000146
0.00000077
-0.00000089
-0.00000120
-0.00000193
-0.00000321
-0.00000208
-0.00000128
-0.00000140
-0.00000132
-0.00000274
-0.00000321
-0.00000008
-0.00000066
-0.00000218
-0.00000197
-0.00000196
-0.00000215
-0.00000201
-0.00000192
-0.00000393
-0.00000392
-0.00000098
-0.00000607
-0.00000646
-0.00000005
-0.00000133
-0.00000170
-0.00000111
-0.00000372
-0.00000220
-0.00000569
-0.00000582
-0.00000160
0.00000126
-0.00000217
-0.00000514
-0.00000268
0.00000276
0.00000190
-0.00000128
0.00000049
-0.00000341
-0.00000404
0.00000306
0.00000308
-0.00000483
-0.00000383
0.00000231
-0.00000529
-0.00001446
-0.00000334
0.00000879
-0.00000138
-0.00000881
-0.00000378
0.00000134
-0.00000384
-0.00000768
-0.00000734
-0.00000380
-0.00000038
-0.00000269
0.00000288
0.00000224
-0.00000406
0.00000273
0.00000474
-0.00000969
-0.00001507
-0.00000321
-0.00000088
-0.00000062
-0.00000562
-0.00000935
-0.00001021
-0.00000688
0.00000391
0.00000389
-0.00000729
-0.00001127
-0.00000942
-0.00000827
-0.00001370
-0.00002091
-0.00001382
-0.00000911
-0.00001054
-0.00001108
-0.00001073
-0.00001121
-0.00001132
-0.00001062
-0.00001167
-0.00001499
-0.00000324
0.00001272
-0.00000541
-0.00001295
0.00000407
0.00000558
-0.00000881
-0.00002062
-0.00001969
-0.00000938
-0.00001627
-0.00000965
0.00000164
0.00001262
-0.00000516
-0.00001717
-0.00001356
-0.00001427
-0.00001619
-0.00000742
-0.00000498
-0.00002675
-0.00001604
0.00000180
-0.00001202
-0.00001363
0.00000624
-0.00000309
-0.00001571
0.00000082
-0.00001323
-0.00000962
-0.00000957
-0.00001466
-0.00002251
-0.00003489
-0.00001600
0.00000187
-0.00001288
-0.00001576
0.00000283
0.00000975
0.00000992
0.00000073
-0.00001245
0.00000832
0.00002887
0.00000498
-0.00000485
0.00001548
-0.00000530
-0.00002273
-0.00001859
-0.00001684
-0.00002032
-0.00001589
0.00000379
0.00001518
-0.00000277
-0.00003620
-0.00002101
0.00000249
-0.00001168
-0.00002257
-0.00002181
-0.00001162
-0.00000065
-0.00001496
-0.00001515
-0.00000331
-0.00000724
0.00000439
0.00000025
-0.00000428
0.00002688
0.00000672
-0.00004029
-0.00002301
0.00000380
-0.00001275
-0.00002403
-0.00001943
-0.00001744
-0.00002902
-0.00003131
-0.00001583
-0.00002463
-0.00000901
-0.00001029
-0.00002291
-0.00002560
-0.00000362
0.00001222
-0.00001976
-0.00001476
-0.00000674
0.00000707
0.00000672
-0.00001883
-0.00001587
0.00000385
-0.00001879
-0.00004532
-0.00002984
-0.00000590
-0.00000706
-0.00003893
-0.00001326
0.00001261
-0.00001143
0.00000834
-0.00000542
-0.00001411
-0.00000876
-0.00002607
-0.00001143
-0.00000229
0.00000178
-0.00002295
-0.00003297
-0.00001235
-0.00003043
-0.00002911
-0.00001674
-0.00001839
-0.00002239
-0.00001197
0.00000240
-0.00001215
-0.00002108
-0.00001834
-0.00002128
-0.00001477
0.00001079
0.00000994
-0.00001989
-0.00000922
0.00003145
0.00001455
-0.00000948
0.00000061
-0.00001232
-0.00001847
0.00001359
0.00003702
0.00002246
0.00000154
-0.00000902
0.00000930
0.00001122
-0.00001614
-0.00001629
0.00001153
0.00001127
-0.00001555
-0.00001398
0.00000222
-0.00000137
-0.00000284
-0.00000856
0.00001906
0.00002499
-0.00002665
-0.00002930
-0.00001371
-0.00001821
-0.00001356
0.00001067
0.00001264
-0.00000990
-0.00002933
-0.00003019
-0.00000266
-0.00000650
-0.00001634
-0.00002580
-0.00003248
-0.00000099
0.00002688
0.00003842
0.00001072
-0.00000345
0.00002872
0.00003065
-0.00000227
-0.00002996
0.00000144
0.00002557
0.00000073
-0.00002850
-0.00000040
0.00002039
0.00002062
0.00000215
-0.00003422
-0.00002008
0.00001266
0.00001861
0.00001636
0.00000708
-0.00000282
0.00000435
-0.00001046
-0.00001521
0.00001669
0.00003954
0.00002573
0.00000651
-0.00001441
-0.00000017
0.00001538
-0.00000679
0.00001253
0.00000576
0.00000756
0.00002008
0.00000840
-0.00000514
0.00001339
0.00000512
-0.00002344
-0.00000659
0.00000061
0.00001277
0.00001007
-0.00000571
0.00001184
0.00001760
-0.00001865
-0.00003466
0.00000515
0.00002586
0.00000846
-0.00000889
0.00001920
0.00003654
-0.00000174
-0.00002177
-0.00000982
0.00001305
0.00002277
0.00001071
-0.00001507
0.00000163
0.00002303
-0.00002339
-0.00002436
0.00002471
0.00003533
0.00000140
0.00000613
0.00002317
0.00001350
-0.00001172
-0.00001089
0.00001218
0.00002019
0.00002111
0.00000892
-0.00000948
0.00002745
0.00005826
0.00000385
-0.00001741
0.00001250
0.00002470
0.00001274
-0.00001148
-0.00001085
0.00001355
0.00002354
0.00000996
-0.00000452
0.00001209
0.00002267
0.00000724
0.00000675
0.00002845
-0.00000383
-0.00000898
0.00004416
0.00004507
-0.00000596
-0.00001165
0.00000734
0.00000257
0.00000539
-0.00000432
-0.00001446
-0.00001825
0.00000240
0.00003074
0.00000148
-0.00001991
-0.00000488
0.00000757
-0.00000109
0.00001281
0.00001752
-0.00000685
-0.00002100
0.00000039
0.00003856
0.00002006
-0.00000554
0.00001396
0.00001446
-0.00000276
0.00001350
0.00001686
-0.00000886
-0.00000865
0.00000717
0.00000577
-0.00000052
-0.00002603
-0.00002140
-0.00000914
-0.00000851
-0.00001900
-0.00003262
-0.00002097
-0.00000430
0.00001421
0.00002115
0.00001895
0.00001745
0.00001930
0.00002476
0.00000473
-0.00002396
0.00000503
0.00002715
0.00001206
-0.00000245
0.00001189
0.00001876
0.00002692
0.00004247
0.00001649
0.00000211
0.00003327
0.00003160
0.00000970
0.00000038
0.00000484
-0.00000105
0.00002168
0.00003281
0.00001248
0.00003044
0.00002879
0.00001698
0.00001913
0.00002200
0.00000976
0.00000736
0.00002657
0.00001011
0.00000282
0.00000297
0.00000537
0.00000056
0.00001499
0.00001469
-0.00000163
0.00001178
0.00002219
0.00001995
0.00001840
0.00001923
0.00002155
0.00001545
-0.00000539
-0.00001744
-0.00000842
0.00002797
0.00002821
-0.00001612
0.00000460
0.00001844
-0.00000027
0.00000797
0.00002672
0.00004868
0.00004647
0.00002361
0.00001972
0.00001509
-0.00000806
-0.00000703
0.00000821
0.00000420
0.00000446
0.00000005
0.00001535
0.00001738
-0.00000634
-0.00001581
-0.00000406
0.00000661
0.00000977
0.00002278
0.00001787
0.00002715
0.00000011
-0.00001190
0.00001705
0.00002157
-0.00001393
-0.00003833
-0.00001012
0.00001335
-0.00000461
-0.00001383
-0.00000845
-0.00001989
-0.00002509
0.00000097
0.00000341
0.00000963
0.00002828
0.00004053
0.00002667
0.00001885
0.00001190
0.00000156
0.00000798
-0.00000601
-0.00000932
0.00001386
0.00002598
0.00001448
-0.00001220
-0.00000149
0.00003614
0.00002894
0.00001804
0.00001472
-0.00000330
-0.00002294
-0.00002484
0.00000036
0.00000324
0.00001473
0.00001438
-0.00000201
0.00001082
0.00002527
0.00001735
-0.00001713
-0.00002721
0.00000283
-0.00000334
-0.00000626
0.00000606
0.00000034
0.00001503
0.00001900
-0.00001583
-0.00002806
0.00000079
0.00000325
0.00001108
0.00002360
0.00001560
-0.00000986
-0.00001047
0.00001742
0.00002069
-0.00001468
-0.00003863
-0.00001041
0.00001298
-0.00000702
-0.00000954
0.00001383
0.00001898
0.00002793
0.00003557
0.00000020
-0.00001968
-0.00000418
0.00001109
-0.00000719
-0.00001065
0.00001422
0.00002483
0.00001125
-0.00000347
0.00001203
0.00002383
0.00001196
-0.00000074
0.00000411
0.00000295
0.00000717
-0.00000539
-0.00001557
-0.00000541
0.00000408
0.00001009
0.00002733
-0.00000062
-0.00000964
0.00000900
-0.00000469
-0.00001470
-0.00000940
-0.00001855
-0.00003576
-0.00001251
0.00000971
0.00000215
0.00000282
0.00000210
0.00000691
-0.00000559
-0.00001426
-0.00001194
-0.00001433
-0.00000809
0.00001349
0.00002296
0.00001102
-0.00000111
0.00000363
0.00000205
0.00000668
-0.00000528
-0.00001704
-0.00000844
0.00001348
0.00002288
0.00001274
-0.00000808
-0.00001485
-0.00001306
-0.00001191
-0.00000976
-0.00002105
-0.00003407
-0.00001430
-0.00002178
-0.00006161
-0.00004856
-0.00001719
-0.00000501
0.00001399
0.00001362
-0.00000152
-0.00000047
0.00000987
0.00002737
-0.00000439
-0.00000650
0.00003496
0.00002420
-0.00000632
-0.00003283
-0.00004751
-0.00000853
0.00000657
0.00000539
-0.00000956
-0.00000854
0.00000576
0.00000167
0.00000235
-0.00000225
0.00001258
0.00001535
-0.00000794
-0.00001998
-0.00000879
0.00001856
0.00000793
-0.00003295
-0.00001935
0.00001586
0.00002231
0.00000827
-0.00000196
0.00000535
-0.00000726
-0.00001476
-0.00001116
-0.00002598
-0.00002310
0.00002822
0.00002234
-0.00000513
0.00000079
0.00000178
0.00000513
-0.00000837
-0.00001535
-0.00001098
-0.00002390
-0.00003037
0.00000744
0.00001417
-0.00000523
0.00001078
0.00001451
-0.00000914
-0.00001689
-0.00001403
-0.00001637
-0.00000721
0.00000641
-0.00000725
-0.00001581
-0.00001491
-0.00001949
0.00000017
0.00002815
-0.00000247
-0.00001572
0.00001104
0.00002159
0.00001055
-0.00000799
-0.00002113
-0.00004208
-0.00004261
-0.00002192
-0.00000519
0.00000606
-0.00000543
-0.00002383
-0.00003618
-0.00002418
-0.00000492
0.00000614
-0.00000821
-0.00001705
-0.00001530
-0.00001677
-0.00000716
0.00000309
-0.00000411
0.00001114
0.00001609
-0.00001980
-0.00003398
0.00000341
0.00001969
0.00001842
0.00001478
-0.00002734
-0.00005206
-0.00000841
-0.00000481
-0.00001089
0.00000442
-0.00000711
-0.00001760
-0.00001795
-0.00000983
0.00000771
0.00002352
0.00003641
0.00002665
-0.00000162
-0.00002454
-0.00000629
-0.00000088
0.00001009
0.00001176
-0.00000943
-0.00001866
-0.00002091
-0.00000083
0.00002628
-0.00000113
-0.00002075
-0.00001835
-0.00001054
0.00001011
0.00001950
0.00000776
-0.00000704
0.00000712
0.00001807
0.00001728
0.00000474
0.00000048
0.00002607
0.00003154
0.00003323
0.00002067
0.00001255
0.00001519
0.00001404
0.00001181
0.00002436
0.00002883
-0.00000054
0.00000476
0.00002035
0.00000759
-0.00001025
0.00001619
0.00003243
0.00000321
-0.00000708
0.00000270
0.00003435
0.00001213
-0.00003533
-0.00002904
-0.00000756
0.00001077
0.00001290
0.00001812
0.00004170
0.00004508
0.00001489
-0.00001521
-0.00002296
-0.00000110
0.00002124
0.00000885
0.00002458
0.00002647
0.00000812
-0.00001556
-0.00001436
0.00001288
0.00001239
-0.00001504
-0.00001487
0.00001187
0.00001181
-0.00000946
-0.00002383
-0.00004448
-0.00004454
-0.00002041
-0.00001391
-0.00002016
-0.00000963
0.00000699
-0.00001670
-0.00003760
-0.00002932
-0.00004109
-0.00004091
-0.00003157
-0.00003411
0.00001095
0.00004006
-0.00001418
-0.00007552
-0.00007736
-0.00005756
-0.00002754
0.00002435
0.00002507
0.00001378
0.00000842
-0.00001341
-0.00001435
0.00000844
0.00001744
0.00001613
0.00000477
-0.00000511
0.00000802
-0.00002047
-0.00006947
-0.00005296
-0.00001325
-0.00001980
-0.00004808
-0.00000859
0.00006670
0.00004293
-0.00003689
-0.00005738
-0.00004207
-0.00001771
0.00001240
0.00004845
0.00006970
0.00004820
0.00001178
-0.00001230
-0.00002792
-0.00002832
-0.00000510
-0.00000863
0.00002120
0.00006256
0.00001598
-0.00003403
-0.00003488
-0.00006524
-0.00008218
-0.00004555
0.00001301
0.00004486
0.00004479
0.00004330
0.00004929
0.00003547
-0.00000660
-0.00002142
-0.00001961
-0.00000433
0.00002424
0.00003994
0.00005100
-0.00000202
-0.00004822
-0.00005409
-0.00003903
0.00001137
0.00004282
0.00001787
-0.00001973
-0.00001438
0.00004732
0.00009838
0.00008420
0.00003938
-0.00001587
-0.00004327
-0.00002030
0.00001790
0.00004256
0.00004578
0.00004528
0.00004740
0.00003610
0.00002772
0.00003662
-0.00001755
-0.00010115
-0.00010991
-0.00007782
-0.00008033
-0.00009492
-0.00009586
-0.00011698
-0.00012585
-0.00012587
-0.00007814
-0.00002438
-0.00000130
0.00002975
0.00006084
0.00009214
0.00008894
0.00006408
0.00002732
0.00000307
-0.00000760
0.00001658
0.00003535
0.00002573
0.00004505
0.00003552
-0.00003119
-0.00006069
-0.00002772
0.00002415
0.00003571
0.00006292
0.00008381
0.00007364
0.00004254
0.00002877
0.00002767
-0.00000315
0.00001991
0.00005997
0.00003432
0.00000200
-0.00003452
-0.00008490
-0.00013189
-0.00010399
-0.00001933
0.00001701
-0.00000841
-0.00005753
-0.00008854
-0.00006339
-0.00002948
0.00000817
0.00001715
0.00001733
0.00005122
0.00006834
0.00002311
-0.00001276
-0.00002072
-0.00003480
-0.00002823
0.00003771
0.00014788
0.00018222
0.00016806
0.00013531
0.00007965
0.00004784
0.00005246
0.00003476
-0.00000040
0.00004470
0.00010392
0.00008007
0.00002513
-0.00002477
-0.00009799
-0.00013388
-0.00010893
-0.00006927
-0.00001957
0.00005790
0.00013327
0.00010844
0.00002162
-0.00001150
-0.00001621
-0.00007424
-0.00012760
-0.00008242
0.00002653
0.00010611
0.00007519
-0.00000246
-0.00001918
-0.00001089
-0.00000834
0.00001143
0.00006032
0.00009967
0.00005521
-0.00001547
-0.00003208
-0.00002822
-0.00005737
-0.00004738
-0.00001411
-0.00000613
-0.00001419
-0.00003965
-0.00007598
-0.00009463
-0.00008223
-0.00006140
-0.00002018
0.00002939
0.00006976
0.00006443
0.00000609
-0.00009379
-0.00013049
-0.00008015
-0.00000209
0.00008096
0.00010582
0.00005454
0.00000060
-0.00006408
-0.00014070
-0.00010437
-0.00005397
-0.00008608
-0.00007578
-0.00000950
0.00001999
-0.00000760
-0.00003623
-0.00004717
-0.00003474
0.00005512
0.00016715
0.00018121
0.00010601
0.00003259
0.00000920
-0.00002485
-0.00008275
-0.00012548
-0.00005546
0.00005267
0.00008802
0.00014696
0.00019647
0.00018708
0.00007393
-0.00009022
-0.00020467
-0.00013554
0.00002364
0.00008290
0.00002426
-0.00003260
-0.00004812
-0.00008431
-0.00014402
-0.00017903
-0.00009967
0.00002267
0.00007735
0.00013377
0.00025202
0.00027448
0.00015070
-0.00001636
-0.00008554
0.00001687
0.00015090
0.00017368
0.00008944
-0.00000409
-0.00007215
-0.00012231
-0.00012587
-0.00010420
-0.00008768
-0.00006923
-0.00010007
-0.00017958
-0.00022758
-0.00020878
-0.00013194
-0.00006790
-0.00002337
0.00001269
0.00000438
-0.00000338
-0.00000779
-0.00003477
-0.00002507
0.00004382
0.00010054
0.00011420
0.00005299
-0.00002527
-0.00003437
-0.00004211
-0.00008322
-0.00007153
-0.00002482
-0.00004348
-0.00014671
-0.00018697
-0.00009661
0.00003386
0.00008496
0.00002943
0.00000013
0.00009220
0.00020647
0.00021401
0.00015771
0.00011029
0.00007020
0.00005382
0.00006205
0.00012122
0.00021631
0.00023892
0.00012219
-0.00002586
-0.00009694
-0.00014936
-0.00027501
-0.00045961
-0.00054944
-0.00041810
-0.00019398
-0.00011639
-0.00015110
-0.00012281
0.00000704
0.00014089
0.00025649
0.00045852
0.00067010
0.00072603
0.00066218
0.00056640
0.00036549
0.00014225
0.00004416
0.00004036
0.00013240
0.00025926
0.00032633
0.00035714
0.00031257
0.00018644
0.00003227
-0.00005822
0.00000460
0.00019061
0.00032832
0.00032179
0.00026700
0.00023126
0.00020016
0.00014492
0.00014017
0.00020182
0.00030053
0.00034192
0.00031640
0.00026786
0.00020199
0.00011614
-0.00005019
-0.00023681
-0.00031238
-0.00018259
0.00006840
0.00017782
0.00012447
-0.00003170
-0.00019747
-0.00024246
-0.00017980
-0.00007349
0.00002177
0.00007908
0.00016084
0.00021123
0.00016565
0.00013560
0.00017659
0.00023356
0.00028091
0.00024370
0.00013779
0.00010316
0.00011827
0.00008158
0.00003140
0.00001432
0.00003386
0.00004516
0.00000459
-0.00010961
-0.00023696
-0.00026362
-0.00011465
0.00013689
0.00028002
0.00016127
-0.00007452
-0.00015261
-0.00000546
0.00017926
0.00017132
0.00006546
0.00008460
0.00021038
0.00020218
0.00000898
-0.00023113
-0.00038544
-0.00041801
-0.00035139
-0.00023113
-0.00014497
-0.00010756
-0.00001614
0.00016549
0.00033912
0.00045696
0.00054257
0.00055138
0.00048526
0.00035611
0.00026155
0.00018869
0.00001827
-0.00023361
-0.00046365
-0.00061735
-0.00066397
-0.00054888
-0.00041339
-0.00034263
-0.00029703
-0.00026322
-0.00018460
-0.00006351
-0.00000142
0.00000543
-0.00003303
-0.00012423
-0.00024143
-0.00029919
-0.00037745
-0.00056381
-0.00078017
-0.00083276
-0.00062702
-0.00031934
-0.00010531
-0.00001325
0.00004965
0.00013684
0.00022943
0.00033010
0.00043332
0.00048726
0.00046954
0.00035031
0.00021109
0.00016251
0.00017333
0.00020424
0.00022811
0.00020474
0.00011026
-0.00007119
-0.00029547
-0.00041909
-0.00036803
-0.00027201
-0.00019625
-0.00020050
-0.00030467
-0.00044781
-0.00058431
-0.00062221
-0.00052939
-0.00037306
-0.00026119
-0.00024284
-0.00026409
-0.00024899
-0.00010048
0.00011548
0.00016659
-0.00003547
-0.00027875
-0.00035100
-0.00022261
0.00005929
0.00032487
0.00032102
0.00006244
-0.00013841
-0.00008902
0.00010573
0.00020396
0.00018869
0.00016253
0.00012015
0.00008640
0.00005135
-0.00006834
-0.00027520
-0.00044816
-0.00041331
-0.00011484
0.00021426
0.00039302
0.00038314
0.00024781
0.00010848
-0.00000209
-0.00009495
-0.00022403
-0.00039770
-0.00049737
-0.00042486
-0.00022861
-0.00005804
0.00002529
0.00001855
0.00000759
0.00010581
0.00028093
0.00044522
0.00052123
0.00053869
0.00055678
0.00056073
0.00047029
0.00029092
0.00005935
-0.00008742
-0.00007674
-0.00001537
-0.00002507
-0.00013771
-0.00022106
-0.00031017
-0.00049054
-0.00064027
-0.00058380
-0.00036668
-0.00021431
-0.00025772
-0.00034667
-0.00029455
-0.00020748
-0.00018406
-0.00021756
-0.00024492
-0.00017874
-0.00001184
0.00019241
0.00036404
0.00035835
0.00015936
-0.00003334
-0.00008908
-0.00004014
0.00004434
0.00011150
0.00006497
-0.00003123
0.00000020
0.00021779
0.00045197
0.00049402
0.00036132
0.00022288
0.00017575
0.00016062
0.00014141
0.00014425
0.00013267
-0.00001785
-0.00018420
-0.00018156
-0.00002765
0.00009323
0.00005641
-0.00001682
0.00005361
0.00021911
0.00034009
0.00033189
0.00022032
0.00009875
-0.00003943
-0.00017282
-0.00011950
0.00015499
0.00042648
0.00049877
0.00041895
0.00037998
0.00045864
0.00039982
-0.00000560
-0.00050231
-0.00067014
-0.00052119
-0.00033276
-0.00019466
-0.00008215
-0.00000203
0.00008365
0.00008941
0.00005240
0.00007756
0.00008285
0.00001451
-0.00006751
-0.00003633
0.00000734
-0.00006002
-0.00017082
-0.00018550
-0.00008207
0.00009515
0.00027569
0.00041450
0.00047374
0.00045277
0.00047859
0.00056380
0.00064130
0.00058940
0.00033587
-0.00004793
-0.00036799
-0.00044821
-0.00023746
0.00006868
0.00018074
0.00007216
-0.00001631
-0.00000792
-0.00001892
-0.00001807
0.00002782
0.00004307
0.00003115
0.00007532
0.00021306
0.00034536
0.00037468
0.00027720
0.00012930
0.00007454
0.00011874
0.00013855
0.00012012
0.00013244
0.00020207
0.00016558
-0.00006605
-0.00023707
-0.00024473
-0.00017620
-0.00001774
0.00019832
0.00022389
0.00000957
-0.00010862
-0.00000530
0.00020738
0.00035131
0.00043007
0.00050225
0.00048972
0.00025529
-0.00014887
-0.00050547
-0.00069551
-0.00081841
-0.00094217
-0.00092440
-0.00067909
-0.00034494
-0.00000879
0.00033375
0.00063594
0.00067807
0.00047277
0.00027857
0.00019510
0.00012631
0.00003637
0.00010391
0.00041217
0.00066236
0.00056798
0.00031716
0.00017971
0.00017311
0.00015301
-0.00005110
-0.00035672
-0.00051583
-0.00043210
-0.00029260
-0.00027825
-0.00021005
-0.00002084
0.00009667
0.00003735
-0.00001503
0.00012540
0.00034482
0.00043472
0.00034633
0.00018865
0.00007352
0.00003406
0.00004069
0.00007241
0.00006409
-0.00004680
-0.00018391
-0.00019329
-0.00003202
0.00010751
0.00009033
0.00001539
0.00007102
0.00018665
0.00015975
0.00004168
0.00004031
0.00012738
0.00004158
-0.00033818
-0.00079426
-0.00102286
-0.00095395
-0.00060226
-0.00015319
0.00019476
0.00044653
0.00059235
0.00058979
0.00050015
0.00032162
0.00020285
0.00020017
0.00020722
0.00024513
0.00028582
0.00027745
0.00025331
0.00029057
0.00029860
0.00011070
-0.00021287
-0.00050681
-0.00066926
-0.00074422
-0.00083529
-0.00092037
-0.00082924
-0.00062116
-0.00052810
-0.00065063
-0.00079073
-0.00078854
-0.00063006
-0.00036444
-0.00007586
0.00014526
0.00024165
0.00025262
0.00021906
0.00017424
-0.00005837
-0.00046986
-0.00082294
-0.00103458
-0.00111568
-0.00107145
-0.00095642
-0.00086243
-0.00084249
-0.00072267
-0.00036838
0.00010648
0.00048741
0.00064787
0.00070577
0.00081188
0.00087023
0.00072096
0.00048987
0.00028512
0.00005730
-0.00014660
-0.00007529
0.00030293
0.00063592
0.00072919
0.00068448
0.00056485
0.00041075
0.00013130
-0.00024653
-0.00039932
-0.00027662
-0.00007634
0.00005210
0.00004673
-0.00009178
-0.00042794
-0.00087551
-0.00112653
-0.00097664
-0.00050840
-0.00003285
0.00015815
0.00012122
0.00016389
0.00042617
0.00066830
0.00062712
0.00029185
-0.00013769
-0.00033994
-0.00023621
-0.00003261
0.00003204
-0.00005585
-0.00017753
-0.00031533
-0.00047297
-0.00058837
-0.00072116
-0.00095149
-0.00119491
-0.00113953
-0.00068625
-0.00020572
0.00005463
0.00022309
0.00049278
0.00077376
0.00096756
0.00118397
0.00133689
0.00125916
0.00094176
0.00046211
-0.00004140
-0.00037987
-0.00041325
-0.00017805
0.00027866
0.00078667
0.00106829
0.00106858
0.00096923
0.00093143
0.00088834
0.00072340
0.00062244
0.00074224
0.00099974
0.00106711
0.00075600
0.00028177
0.00001874
0.00009228
0.00034058
0.00043675
0.00022670
-0.00009898
-0.00040330
-0.00064660
-0.00075380
-0.00075351
-0.00078357
-0.00083919
-0.00084302
-0.00073243
-0.00049044
-0.00015535
0.00004351
0.00007501
0.00006537
0.00011154
0.00017920
0.00026406
0.00046141
0.00075269
0.00090329
0.00079734
0.00056696
0.00033143
0.00014564
0.00002461
-0.00001207
0.00006240
0.00020138
0.00026454
0.00027273
0.00038077
0.00059122
0.00069168
0.00054333
0.00033647
0.00012363
-0.00013245
-0.00044561
-0.00072237
-0.00088382
-0.00103445
-0.00117114
-0.00120875
-0.00103616
-0.00068337
-0.00047437
-0.00059069
-0.00076206
-0.00069513
-0.00046208
-0.00025365
-0.00014288
0.00002701
0.00044992
0.00091998
0.00101111
0.00058708
-0.00010355
-0.00052482
-0.00038198
0.00004901
0.00034452
0.00042631
0.00043790
0.00029546
-0.00014277
-0.00068389
-0.00086106
-0.00053743
-0.00011249
0.00005319
-0.00001380
-0.00017429
-0.00034342
-0.00045238
-0.00049174
-0.00051218
-0.00060077
-0.00067309
-0.00063805
-0.00062513
-0.00068625
-0.00072002
-0.00068901
-0.00071432
-0.00094315
-0.00129331
-0.00145031
-0.00130141
-0.00103017
-0.00074785
-0.00038250
0.00001201
0.00018625
0.00008197
-0.00003018
0.00005940
0.00023087
0.00021399
0.00005857
-0.00001825
0.00013893
0.00037060
0.00033979
0.00007830
-0.00005678
0.00004791
0.00011579
-0.00010235
-0.00045361
-0.00069087
-0.00072849
-0.00060481
-0.00037968
-0.00021431
-0.00029718
-0.00048803
-0.00042924
-0.00008117
0.00023795
0.00047904
0.00078642
0.00112306
0.00116677
0.00085714
0.00055947
0.00055724
0.00066343
0.00056247
0.00028031
-0.00000381
-0.00013977
-0.00003848
0.00023156
0.00048082
0.00051854
0.00044161
0.00042603
0.00038786
0.00026162
0.00014752
0.00005899
0.00000833
0.00005954
0.00017942
0.00028728
0.00028982
0.00010638
-0.00022259
-0.00066636
-0.00113303
-0.00143216
-0.00137928
-0.00099409
-0.00056834
-0.00038922
-0.00036498
-0.00034262
-0.00036387
-0.00046746
-0.00054239
-0.00043302
-0.00019279
0.00004189
0.00019507
0.00024954
0.00033198
0.00048035
0.00061194
0.00072037
0.00091620
0.00128083
0.00160462
0.00158599
0.00124247
0.00082716
0.00050440
0.00026971
0.00018058
0.00026800
0.00035909
0.00026145
0.00003701
-0.00011178
-0.00015423
-0.00018428
-0.00035857
-0.00066925
-0.00082669
-0.00073040
-0.00055943
-0.00052788
-0.00077758
-0.00112561
-0.00139964
-0.00157381
-0.00171676
-0.00172474
-0.00137149
-0.00071749
-0.00020467
-0.00008529
-0.00020485
-0.00040693
-0.00058359
-0.00066867
-0.00060241
-0.00033401
-0.00000146
0.00028841
0.00052996
0.00079692
0.00104245
0.00105275
0.00091182
0.00092645
0.00117670
0.00151320
0.00175391
0.00181746
0.00172462
0.00148249
0.00104909
0.00044482
-0.00016824
-0.00062385
-0.00087760
-0.00098431
-0.00105522
-0.00124358
-0.00147580
-0.00142396
-0.00095592
-0.00036184
-0.00004623
-0.00004521
-0.00013889
-0.00020550
-0.00023163
-0.00016558
-0.00002661
0.00002352
-0.00012748
-0.00037113
-0.00042014
-0.00023394
0.00000454
0.00021385
0.00043406
0.00071906
0.00108390
0.00124035
0.00113054
0.00105635
0.00123335
0.00145465
0.00149260
0.00146945
0.00146437
0.00145404
0.00140803
0.00122336
0.00093530
0.00075120
0.00079762
0.00095958
0.00090264
0.00061718
0.00031021
0.00007180
-0.00015634
-0.00040558
-0.00059193
-0.00067812
-0.00067560
-0.00070047
-0.00074373
-0.00077289
-0.00095536
-0.00138387
-0.00185469
-0.00187075
-0.00126716
-0.00041583
0.00037506
0.00097669
0.00133810
0.00155050
0.00168981
0.00169443
0.00164916
0.00161749
0.00153237
0.00131281
0.00097721
0.00070733
0.00067474
0.00082025
0.00095474
0.00097119
0.00086385
0.00069773
0.00051742
0.00034860
0.00011409
-0.00031350
-0.00076588
-0.00100455
-0.00105051
-0.00089249
-0.00060400
-0.00040473
-0.00047709
-0.00075090
-0.00095788
-0.00095656
-0.00106088
-0.00154798
-0.00210876
-0.00218996
-0.00184325
-0.00151589
-0.00140249
-0.00114693
-0.00058957
-0.00019114
-0.00021588
-0.00029351
-0.00010731
0.00006675
-0.00010023
-0.00046702
-0.00052593
-0.00015493
0.00016700
0.00017169
-0.00002670
-0.00016372
-0.00008908
0.00017930
0.00050866
0.00082335
0.00110227
0.00114797
0.00078001
0.00026042
-0.00004740
-0.00024745
-0.00052410
-0.00076786
-0.00079189
-0.00071147
-0.00083585
-0.00115522
-0.00137850
-0.00144593
-0.00149836
-0.00152975
-0.00141121
-0.00110414
-0.00070404
-0.00035452
-0.00010563
0.00006037
0.00010336
0.00010953
0.00011216
0.00012320
0.00016831
0.00018456
0.00007813
-0.00021744
-0.00061807
-0.00094759
-0.00106253
-0.00089381
-0.00055159
-0.00039571
-0.00051783
-0.00081616
-0.00118150
-0.00142972
-0.00142020
-0.00109811
-0.00056844
0.00009743
0.00076888
0.00123489
0.00121993
0.00070976
0.00009707
-0.00018561
-0.00021522
-0.00023246
-0.00016810
-0.00006216
-0.00011512
-0.00030490
-0.00030552
-0.00008622
0.00000414
-0.00019804
-0.00053101
-0.00066929
-0.00053308
-0.00041380
-0.00045369
-0.00047608
-0.00036977
-0.00019404
-0.00007445
-0.00000181
0.00013952
0.00035247
0.00055232
0.00061938
0.00047969
0.00030784
0.00024851
0.00022118
0.00018658
0.00021610
0.00041657
0.00060035
0.00046890
0.00009786
-0.00014296
-0.00009708
0.00014345
0.00038493
0.00050865
0.00054309
0.00050762
0.00032304
-0.00003772
-0.00046396
-0.00081071
-0.00092445
-0.00066860
-0.00018014
0.00021308
0.00041928
0.00047498
0.00041404
0.00033400
0.00029380
0.00022512
0.00014983
0.00018559
0.00020450
0.00004977
-0.00011574
-0.00022271
-0.00027677
-0.00026584
-0.00014908
0.00016137
0.00060940
0.00102724
0.00120343
0.00112446
0.00100802
0.00097643
0.00106812
0.00137936
0.00164316
0.00143903
0.00090405
0.00041903
0.00007976
-0.00030970
-0.00087630
-0.00142592
-0.00163823
-0.00147300
-0.00104358
-0.00052904
-0.00018947
-0.00017166
-0.00033360
-0.00040587
-0.00038470
-0.00033397
-0.00011376
0.00037962
0.00094443
0.00119607
0.00113989
0.00104618
0.00104116
0.00100877
0.00093634
0.00087472
0.00081756
0.00072413
0.00053691
0.00024596
-0.00011027
-0.00043168
-0.00049230
-0.00022577
0.00011738
0.00026236
0.00017886
0.00005514
-0.00001280
-0.00008946
-0.00024129
-0.00043210
-0.00059089
-0.00074915
-0.00074484
-0.00055768
-0.00039885
-0.00041410
-0.00048449
-0.00034301
0.00001548
0.00042965
0.00081078
0.00107018
0.00111245
0.00094998
0.00080558
0.00086413
0.00102122
0.00090999
0.00045675
0.00001666
-0.00005217
0.00022565
0.00048504
0.00054782
0.00048867
0.00039997
0.00042070
0.00064838
0.00082204
0.00076101
0.00057451
0.00042112
0.00033576
0.00023386
0.00005991
-0.00009300
-0.00013246
-0.00005551
0.00010573
0.00028331
0.00038756
0.00024173
-0.00016095
-0.00054289
-0.00064807
-0.00055914
-0.00047614
-0.00050921
-0.00068650
-0.00090390
-0.00108377
-0.00115346
-0.00107324
-0.00082282
-0.00050268
-0.00012602
0.00023026
0.00050378
0.00072065
0.00078973
0.00068520
0.00046567
0.00019829
-0.00000040
-0.00022754
-0.00056905
-0.00085783
-0.00100538
-0.00110589
-0.00121074
-0.00123243
-0.00111163
-0.00087535
-0.00056212
-0.00007256
0.00053476
0.00098704
0.00105831
0.00084133
0.00050020
0.00018042
-0.00000681
0.00007721
0.00039533
0.00053972
0.00028796
-0.00009136
-0.00033404
-0.00045646
-0.00057638
-0.00069840
-0.00073122
-0.00060259
-0.00031107
0.00010427
0.00057916
0.00095192
0.00115342
0.00133364
0.00160863
0.00180669
0.00180691
0.00168647
0.00154780
0.00145910
0.00142213
0.00132303
0.00119798
0.00110305
0.00094786
0.00068039
0.00040097
0.00019129
-0.00002659
-0.00039019
-0.00087948
-0.00130368
-0.00151990
-0.00158002
-0.00161440
-0.00163140
-0.00153224
-0.00126250
-0.00088162
-0.00063241
-0.00061123
-0.00052711
-0.00006113
0.00064999
0.00125839
0.00159755
0.00171829
0.00171524
0.00165554
0.00160506
0.00155170
0.00142289
0.00123328
0.00097063
0.00069901
0.00061128
0.00070899
0.00087502
0.00094789
0.00074054
0.00027163
-0.00028760
-0.00070700
-0.00068776
-0.00033445
-0.00007789
-0.00013439
-0.00045477
-0.00089890
-0.00126722
-0.00143525
-0.00136980
-0.00113810
-0.00092263
-0.00072256
-0.00053197
-0.00048431
-0.00065193
-0.00087263
-0.00096568
-0.00089799
-0.00072284
-0.00047712
-0.00012704
0.00024274
0.00042559
0.00042559
0.00045425
0.00071506
0.00107730
0.00132490
0.00152257
0.00177096
0.00191678
0.00178402
0.00137851
0.00100640
0.00098473
0.00117819
0.00126048
0.00115391
0.00104933
0.00105140
0.00109477
0.00103796
0.00082246
0.00056501
0.00025514
-0.00019479
-0.00070724
-0.00112821
-0.00134177
-0.00132561
-0.00133924
-0.00158347
-0.00191566
-0.00214241
-0.00212251
-0.00181310
-0.00125930
-0.00065748
-0.00028250
-0.00020583
-0.00020806
-0.00006128
0.00016091
0.00030051
0.00031391
0.00034583
0.00038551
0.00035463
0.00029744
0.00029040
0.00032600
0.00032445
0.00017519
-0.00016774
-0.00052924
-0.00055961
-0.00015430
0.00028293
0.00029571
0.00002580
-0.00007062
0.00010833
0.00032367
0.00045241
0.00059996
0.00084010
0.00112684
0.00135583
0.00143016
0.00136024
0.00118563
0.00092863
0.00064093
0.00044017
0.00039185
0.00048070
0.00056599
0.00051195
0.00035816
0.00020358
0.00008401
0.00001766
0.00008828
0.00038256
0.00082108
0.00117510
0.00121718
0.00093558
0.00053805
0.00033031
0.00045088
0.00069317
0.00077204
0.00071622
0.00070694
0.00066834
0.00054079
0.00038750
0.00023910
0.00002010
-0.00031794
-0.00061415
-0.00070355
-0.00075381
-0.00100917
-0.00131858
-0.00138532
-0.00116244
-0.00083759
-0.00056134
-0.00027139
0.00001838
0.00004442
-0.00021707
-0.00039864
-0.00031724
-0.00020167
-0.00020533
-0.00023526
-0.00027162
-0.00035851
-0.00048032
-0.00051299
-0.00042041
-0.00026503
-0.00018419
-0.00019812
-0.00024286
-0.00029521
-0.00036677
-0.00037944
-0.00027624
-0.00008519
0.00016275
0.00043380
0.00055024
0.00043831
0.00021344
0.00001961
-0.00019361
-0.00047372
-0.00060940
-0.00040782
-0.00007516
0.00007527
0.00004359
-0.00006478
-0.00027593
-0.00046004
-0.00053816
-0.00059229
-0.00058004
-0.00044324
-0.00035233
-0.00048090
-0.00083083
-0.00123629
-0.00139911
-0.00128881
-0.00098911
-0.00055719
-0.00010950
0.00015208
0.00006588
-0.00030712
-0.00059456
-0.00050196
-0.00007125
0.00038831
0.00055310
0.00039867
0.00014012
-0.00021291
-0.00069336
-0.00112720
-0.00138494
-0.00140410
-0.00131310
-0.00132189
-0.00137473
-0.00146628
-0.00176829
-0.00220021
-0.00237700
-0.00194649
-0.00111255
-0.00038062
-0.00002125
0.00008320
0.00017104
0.00026875
0.00040312
0.00070585
0.00105052
0.00126166
0.00137024
0.00142796
0.00140262
0.00134165
0.00124871
0.00106380
0.00075610
0.00049191
0.00041984
0.00047984
0.00049547
0.00037762
0.00012769
-0.00006708
-0.00013435
-0.00008759
0.00001501
0.00006570
-0.00004859
-0.00033329
-0.00065277
-0.00085827
-0.00089592
-0.00074102
-0.00042593
-0.00005288
0.00024314
0.00051307
0.00068198
0.00055663
0.00005799
-0.00056588
-0.00085410
-0.00063318
-0.00012306
0.00034553
0.00063515
0.00077735
0.00079255
0.00057173
0.00017246
-0.00016507
-0.00035646
-0.00040088
-0.00033272
-0.00021202
-0.00018650
-0.00042120
-0.00089851
-0.00135895
-0.00147488
-0.00119408
-0.00060616
0.00014584
0.00082342
0.00124028
0.00138601
0.00134627
0.00120896
0.00113403
0.00113947
0.00114702
0.00099835
0.00069893
0.00045461
0.00037660
0.00043527
0.00055992
0.00063463
0.00069618
0.00084134
0.00102758
0.00112386
0.00101601
0.00073111
0.00044383
0.00022245
0.00006713
-0.00000300
0.00002409
0.00023961
0.00046332
0.00031448
-0.00018251
-0.00069790
-0.00111515
-0.00144736
-0.00166893
-0.00172816
-0.00156723
-0.00122289
-0.00079782
-0.00034096
0.00005574
0.00030201
0.00031967
0.00022342
0.00021155
0.00039133
0.00068915
0.00090204
0.00104170
0.00119395
0.00137499
0.00156774
0.00170455
0.00168348
0.00150114
0.00118791
0.00076352
0.00033933
0.00002660
-0.00020615
-0.00047473
-0.00077634
-0.00093537
-0.00090433
-0.00077544
-0.00073585
-0.00082352
-0.00092992
-0.00097234
-0.00092806
-0.00083698
-0.00063529
-0.00029279
-0.00000879
0.00008418
0.00001794
-0.00018771
-0.00057414
-0.00106747
-0.00139564
-0.00140935
-0.00118287
-0.00089128
-0.00060814
-0.00033369
-0.00009366
0.00004401
0.00023738
0.00060998
0.00096479
0.00109952
0.00102506
0.00089106
0.00070810
0.00043596
0.00018615
0.00013445
0.00027756
0.00039539
0.00040594
0.00045989
0.00058407
0.00057603
0.00030971
-0.00003421
-0.00020555
-0.00019355
-0.00018536
-0.00020668
-0.00017155
-0.00007779
0.00003901
0.00012381
0.00023897
0.00032765
0.00016943
-0.00028008
-0.00080035
-0.00123355
-0.00160091
-0.00184250
-0.00177995
-0.00141336
-0.00100816
-0.00069762
-0.00033518
0.00005529
0.00024699
0.00007808
-0.00026710
-0.00047099
-0.00045431
-0.00038726
-0.00032751
-0.00014618
0.00019600
0.00048120
0.00047268
0.00024268
0.00000406
-0.00008838
-0.00002864
0.00011339
0.00035190
0.00071418
0.00107367
0.00134645
0.00147153
0.00147992
0.00148134
0.00130604
0.00078357
0.00011706
-0.00028591
-0.00027835
-0.00011531
-0.00009184
-0.00020425
-0.00033929
-0.00045720
-0.00057608
-0.00064639
-0.00061481
-0.00041708
-0.00020582
-0.00023324
-0.00053390
-0.00095140
-0.00128052
-0.00139787
-0.00134056
-0.00113482
-0.00101108
-0.00110810
-0.00129855
-0.00138923
-0.00113546
-0.00048783
0.00039544
0.00124965
0.00182253
0.00201541
0.00188437
0.00151805
0.00105831
0.00067327
0.00037554
0.00002022
-0.00042091
-0.00092270
-0.00140472
-0.00156218
-0.00137313
-0.00114009
-0.00096118
-0.00074866
-0.00048894
-0.00021400
0.00004587
0.00018477
0.00014380
-0.00014142
-0.00051511
-0.00072075
-0.00070965
-0.00060176
-0.00045939
-0.00038992
-0.00062141
-0.00124277
-0.00194153
-0.00226801
-0.00209939
-0.00177625
-0.00145534
-0.00103721
-0.00050928
0.00004443
0.00041205
0.00062752
0.00100705
0.00159262
0.00199479
0.00200971
0.00180452
0.00154040
0.00123849
0.00079000
0.00017075
-0.00041756
-0.00085124
-0.00110029
-0.00101750
-0.00055560
-0.00005619
0.00015181
0.00009478
0.00003279
0.00010976
0.00028835
0.00046469
0.00053589
0.00054898
0.00056797
0.00061237
0.00052413
0.00028045
0.00006528
0.00006558
0.00018349
0.00018289
-0.00006639
-0.00047020
-0.00097756
-0.00150256
-0.00170664
-0.00135710
-0.00063308
-0.00005917
0.00003625
-0.00016766
-0.00037276
-0.00051268
-0.00057755
-0.00054597
-0.00043555
-0.00026843
-0.00006368
0.00004789
-0.00002181
-0.00019914
-0.00040334
-0.00054761
-0.00066046
-0.00083385
-0.00091900
-0.00072409
-0.00033866
-0.00002438
0.00004560
-0.00000816
-0.00005360
-0.00014695
-0.00022718
-0.00007924
0.00030274
0.00071754
0.00100865
0.00104610
0.00076057
0.00022095
-0.00036217
-0.00080583
-0.00099133
-0.00089517
-0.00071162
-0.00053775
-0.00032513
-0.00012015
0.00002158
0.00001800
-0.00015400
-0.00038806
-0.00052296
-0.00043867
-0.00026475
-0.00019751
-0.00019183
-0.00012034
-0.00000945
0.00001107
-0.00021600
-0.00061773
-0.00091199
-0.00100787
-0.00093275
-0.00069794
-0.00042994
-0.00026801
-0.00021208
-0.00021768
-0.00024364
-0.00024201
-0.00022615
-0.00021145
-0.00012774
0.00001950
0.00014737
0.00020757
0.00016408
0.00003208
-0.00008397
-0.00010447
0.00002822
0.00015253
-0.00003780
-0.00054433
-0.00110323
-0.00147173
-0.00156725
-0.00132955
-0.00086196
-0.00034891
0.00013058
0.00038691
0.00026178
-0.00013106
-0.00059940
-0.00098662
-0.00121205
-0.00120482
-0.00096326
-0.00059953
-0.00030307
-0.00007015
0.00018080
0.00040968
0.00051643
0.00050677
0.00044193
0.00041788
0.00050771
0.00061971
0.00062699
0.00056621
0.00049612
0.00035135
0.00006956
-0.00027080
-0.00043858
-0.00033383
-0.00017909
-0.00014711
-0.00014309
-0.00009305
-0.00014702
-0.00043248
-0.00081823
-0.00103655
-0.00104530
-0.00100929
-0.00103617
-0.00119952
-0.00159355
-0.00216913
-0.00273189
-0.00310953
-0.00325625
-0.00324335
-0.00305677
-0.00273513
-0.00245764
-0.00229523
-0.00218868
-0.00209419
-0.00192966
-0.00165091
-0.00131889
-0.00097350
-0.00069444
-0.00050248
-0.00037024
-0.00029141
-0.00020657
-0.00010200
0.00005689
0.00031648
0.00056138
0.00073468
0.00075441
0.00055528
0.00023519
-0.00008554
-0.00038154
-0.00069627
-0.00096209
-0.00106853
-0.00098216
-0.00086986
-0.00086393
-0.00079625
-0.00047510
0.00001658
0.00048261
0.00077139
0.00081274
0.00068961
0.00049353
0.00026711
0.00003361
-0.00025141
-0.00058746
-0.00085491
-0.00089271
-0.00080249
-0.00076610
-0.00081843
-0.00074200
-0.00041234
0.00001756
0.00045694
0.00085251
0.00120276
0.00154067
0.00187886
0.00224467
0.00253577
0.00265594
0.00252098
0.00208261
0.00141860
0.00067225
0.00005496
-0.00034756
-0.00061262
-0.00086628
-0.00119723
-0.00151170
-0.00155631
-0.00118110
-0.00055490
0.00004265
0.00041903
0.00056096
0.00056681
0.00056484
0.00059286
0.00059247
0.00053268
0.00047311
0.00051801
0.00075969
0.00113036
0.00128993
0.00107584
0.00068993
0.00033055
-0.00001694
-0.00032980
-0.00051900
-0.00050068
-0.00028921
-0.00000777
0.00026276
0.00038005
0.00026701
-0.00005174
-0.00043173
-0.00073098
-0.00084971
-0.00077772
-0.00056065
-0.00026769
-0.00004686
0.00010847
0.00027582
0.00054139
0.00085773
0.00102377
0.00093906
0.00085936
0.00108104
0.00155257
0.00204199
0.00229808
0.00220541
0.00183949
0.00130682
0.00081444
0.00051054
0.00031737
0.00009071
-0.00017805
-0.00039572
-0.00047643
-0.00050332
-0.00050003
-0.00031745
0.00010576
0.00059794
0.00092484
0.00103073
0.00104470
0.00105582
0.00105359
0.00091936
0.00057937
0.00011431
-0.00033728
-0.00060170
-0.00072837
-0.00080246
-0.00075865
-0.00059536
-0.00044603
-0.00048206
-0.00066552
-0.00070367
-0.00043920
0.00001742
0.00068732
0.00155150
0.00237388
0.00292608
0.00315223
0.00331126
0.00360801
0.00390262
0.00404693
0.00409521
0.00400037
0.00364076
0.00305655
0.00245911
0.00208535
0.00214616
0.00266375
0.00317100
0.00327695
0.00305185
0.00288680
0.00289102
0.00291242
0.00286531
0.00286113
0.00285057
0.00268276
0.00233119
0.00192535
0.00156351
0.00127779
0.00115104
0.00123503
0.00139850
0.00145504
0.00120425
0.00069667
0.00020239
-0.00006855
-0.00017390
-0.00023523
-0.00036789
-0.00062923
-0.00091984
-0.00110611
-0.00117910
-0.00125027
-0.00129655
-0.00126853
-0.00105611
-0.00073555
-0.00054241
-0.00047572
-0.00036933
-0.00016290
0.00008236
0.00031941
0.00068520
0.00118118
0.00161445
0.00190828
0.00216157
0.00262526
0.00330231
0.00398330
0.00448391
0.00477850
0.00501242
0.00522420
0.00532462
0.00522557
0.00486382
0.00425251
0.00345821
0.00258280
0.00176209
0.00119780
0.00103039
0.00105785
0.00107884
0.00102578
0.00089076
0.00075337
0.00080170
0.00112362
0.00156020
0.00182422
0.00181273
0.00160932
0.00137923
0.00128221
0.00135334
0.00139334
0.00126590
0.00106786
0.00092728
0.00084191
0.00085464
0.00099249
0.00112019
0.00118143
0.00127894
0.00142724
0.00142143
0.00113133
0.00069085
0.00027837
-0.00004514
-0.00029834
-0.00043672
-0.00045709
-0.00045714
-0.00064158
-0.00113702
-0.00176138
-0.00222085
-0.00254860
-0.00290907
-0.00318173
-0.00316844
-0.00279065
-0.00227200
-0.00193267
-0.00176884
-0.00166716
-0.00158103
-0.00151989
-0.00147220
-0.00147248
-0.00158894
-0.00170640
-0.00166361
-0.00129253
-0.00057401
0.00030216
0.00113379
0.00182384
0.00243373
0.00291079
0.00307665
0.00291597
0.00256306
0.00212293
0.00160605
0.00110780
0.00071163
0.00034463
0.00001869
-0.00015063
-0.00002864
0.00030141
0.00055206
0.00055057
0.00037153
0.00021532
0.00022260
0.00043080
0.00082906
0.00141845
0.00208338
0.00253929
0.00263595
0.00249589
0.00219743
0.00164128
0.00083504
-0.00012998
-0.00120235
-0.00240023
-0.00365979
-0.00489400
-0.00623860
-0.00781668
-0.00948371
-0.01101320
-0.01215375
-0.01256382
-0.01213343
-0.01099067
-0.00951530
-0.00812143
-0.00700158
-0.00614135
-0.00550475
-0.00506291
-0.00487028
-0.00493456
-0.00514195
-0.00535481
-0.00551520
-0.00555988
-0.00535824
-0.00488785
-0.00425847
-0.00360132
-0.00291124
-0.00208071
-0.00097178
0.00038185
0.00175085
0.00295184
0.00388147
0.00455459
0.00500426
0.00528387
0.00554563
0.00582481
0.00596106
0.00592359
0.00572206
0.00531442
0.00481328
0.00414996
0.00323932
0.00231317
0.00153710
0.00089306
0.00035675
-0.00012637
-0.00051202
-0.00070575
-0.00069260
-0.00043598
0.00017799
0.00115401
0.00218610
0.00304662
0.00382363
0.00466152
0.00539839
0.00584380
0.00582636
0.00519807
0.00405973
0.00286239
0.00198484
0.00142265
0.00095591
0.00043098
-0.00022193
-0.00086532
-0.00122011
-0.00129695
-0.00133845
-0.00147950
-0.00156431
-0.00142892
-0.00106896
-0.00050726
0.00018731
0.00089500
0.00144542
0.00169696
0.00150286
0.00087628
0.00002199
-0.00086962
-0.00180109
-0.00278709
-0.00378611
-0.00457696
-0.00497620
-0.00496416
-0.00467864
-0.00418856
-0.00351067
-0.00281961
-0.00234659
-0.00207642
-0.00177149
-0.00120719
-0.00043064
0.00022887
0.00052563
0.00040668
-0.00009187
-0.00104019
-0.00247197
-0.00400976
-0.00522055
-0.00599089
-0.00641511
-0.00645784
-0.00601997
-0.00518187
-0.00408046
-0.00288927
-0.00182828
-0.00098212
-0.00023931
0.00051323
0.00132949
0.00212906
0.00280030
0.00332289
0.00372607
0.00396591
0.00396515
0.00380009
0.00357372
0.00318769
0.00259721
0.00207298
0.00196459
0.00222142
0.00254674
0.00277809
0.00290520
0.00272357
0.00201188
0.00092235
-0.00023771
-0.00120437
-0.00196159
-0.00239893
-0.00239232
-0.00205576
-0.00169117
-0.00149821
-0.00140704
-0.00125357
-0.00091631
-0.00032620
0.00048984
0.00138182
0.00221643
0.00293571
0.00361608
0.00451752
0.00571942
0.00692192
0.00787135
0.00854872
0.00896831
0.00910170
0.00904232
0.00897383
0.00900072
0.00900592
0.00874413
0.00830229
0.00795031
0.00768980
0.00734953
0.00684181
0.00625673
0.00571398
0.00523305
0.00467351
0.00386572
0.00279380
0.00148721
-0.00004191
-0.00171016
-0.00332460
-0.00470621
-0.00573078
-0.00632852
-0.00666498
-0.00695649
-0.00714000
-0.00716773
-0.00716769
-0.00735165
-0.00775432
-0.00839622
-0.00933719
-0.01045707
-0.01147741
-0.01217728
-0.01258245
-0.01296737
-0.01353171
-0.01442243
-0.01552653
-0.01640126
-0.01674090
-0.01663380
-0.01642007
-0.01612164
-0.01543551
-0.01429113
-0.01290452
-0.01143328
-0.00985263
-0.00825708
-0.00686810
-0.00593503
-0.00527876
-0.00434196
-0.00290912
-0.00114430
0.00062082
0.00216524
0.00338465
0.00401254
0.00383182
0.00306889
0.00230328
0.00215379
0.00268170
0.00344790
0.00409646
0.00445990
0.00446831
0.00403853
0.00322111
0.00221454
0.00125671
0.00036458
-0.00048656
-0.00122024
-0.00186347
-0.00247707
-0.00318846
-0.00405136
-0.00493935
-0.00577339
-0.00644871
-0.00668186
-0.00623659
-0.00510197
-0.00359337
-0.00204327
-0.00045728
0.00115344
0.00254626
0.00347111
0.00390008
0.00401041
0.00381800
0.00330645
0.00262802
0.00196350
0.00154860
0.00147264
0.00171011
0.00223824
0.00303851
0.00391987
0.00456256
0.00487613
0.00507472
0.00531082
0.00555980
0.00574916
0.00562907
0.00514984
0.00436573
0.00319863
0.00158734
-0.00054547
-0.00311748
-0.00572808
-0.00794742
-0.00936256
-0.00987546
-0.00972325
-0.00916353
-0.00830996
-0.00723937
-0.00607155
-0.00494702
-0.00398750
-0.00329468
-0.00302524
-0.00333230
-0.00417578
-0.00520299
-0.00619741
-0.00717794
-0.00817265
-0.00908910
-0.00982084
-0.01026830
-0.01027640
-0.00964031
-0.00817991
-0.00584052
-0.00272977
0.00067302
0.00391526
0.00684490
0.00943857
0.01164810
0.01335222
0.01443122
0.01496658
0.01524845
0.01546369
0.01547133
0.01531469
0.01528990
0.01540636
0.01527431
0.01430573
0.01217624
0.00902762
0.00532578
0.00160578
-0.00170725
-0.00433954
-0.00634373
-0.00789324
-0.00913142
-0.00994214
-0.01011097
-0.00963218
-0.00869315
-0.00764589
-0.00682749
-0.00634773
-0.00603868
-0.00557143
-0.00462449
-0.00322215
-0.00162180
-0.00010854
0.00117069
0.00212603
0.00272492
0.00316917
0.00382066
0.00468671
0.00540668
0.00589726
0.00644722
0.00728342
0.00830581
0.00933319
0.01046221
0.01180365
0.01315680
0.01409684
0.01429376
0.01373959
0.01265896
0.01137799
0.01026752
0.00957034
0.00901915
0.00831489
0.00756595
0.00696928
0.00660327
0.00644617
0.00649808
0.00667327
0.00657679
0.00580784
0.00430071
0.00225693
0.00014254
-0.00149299
-0.00233133
-0.00230188
-0.00165061
-0.00089676
-0.00045935
-0.00023538
0.00024092
0.00135845
0.00327829
0.00598620
0.00955119
0.01402740
0.01891565
0.02322355
0.02608937
0.02729748
0.02718861
0.02618872
0.02461025
0.02275183
0.02101656
0.01932427
0.01730212
0.01474173
0.01153837
0.00774598
0.00331089
-0.00171829
-0.00709623
-0.01248323
-0.01743817
-0.02150824
-0.02437991
-0.02606413
-0.02669106
-0.02631767
-0.02520245
-0.02389677
-0.02287573
-0.02227927
-0.02184421
-0.02119371
-0.01994056
-0.01767113
-0.01431954
-0.01028785
-0.00615969
-0.00228307
0.00119676
0.00425810
0.00684695
0.00893617
0.01063291
0.01227131
0.01418376
0.01636546
0.01842555
0.01997689
0.02084826
0.02098705
0.02039078
0.01926046
0.01792837
0.01660217
0.01528659
0.01392667
0.01256483
0.01161921
0.01168981
0.01291084
0.01464576
0.01602915
0.01670678
0.01678801
0.01633526
0.01509257
0.01280488
0.00974556
0.00626441
0.00246532
-0.00179721
-0.00666774
-0.01220571
-0.01825599
-0.02412238
-0.02867806
-0.03105648
-0.03125247
-0.02948617
-0.02644762
-0.02346776
-0.02138277
-0.02018856
-0.01981829
-0.02051909
-0.02214315
-0.02373095
-0.02429516
-0.02324306
-0.02039442
-0.01622237
-0.01200152
-0.00902221
-0.00777166
-0.00782279
-0.00861036
-0.00974079
-0.01107341
-0.01235186
-0.01289009
-0.01207403
-0.00974987
-0.00617979
-0.00179304
0.00272696
0.00668419
0.00988694
0.01261907
0.01509444
0.01744177
0.01987795
0.02239121
0.02444306
0.02555352
0.02584099
0.02582394
0.02576699
0.02531114
0.02395196
0.02124509
0.01707373
0.01158934
0.00523297
-0.00134458
-0.00735090
-0.01197649
-0.01493438
-0.01612631
-0.01525067
-0.01214891
-0.00753973
-0.00265353
0.00162708
0.00516551
0.00816043
0.01078144
0.01298605
0.01462384
0.01544989
0.01551934
0.01523878
0.01473023
0.01394233
0.01253731
0.01002287
0.00625691
0.00152919
-0.00342097
-0.00784644
-0.01121089
-0.01304279
-0.01312895
-0.01186170
-0.00991477
-0.00782505
-0.00594678
-0.00464812
-0.00434949
-0.00538348
-0.00760906
-0.01023256
-0.01224156
-0.01314750
-0.01332641
-0.01347761
-0.01393950
-0.01487053
-0.01633673
-0.01804264
-0.01943424
-0.02009255
-0.02031907
-0.02062475
-0.02044260
-0.01914883
-0.01746067
-0.01627641
-0.01559988
-0.01490882
-0.01403983
-0.01317506
-0.01221964
-0.01125096
-0.01069185
-0.01057259
-0.01037318
-0.00949871
-0.00787264
-0.00572627
-0.00357938
-0.00215291
-0.00149846
-0.00108245
-0.00056001
0.00016412
0.00134708
0.00334703
0.00606628
0.00897126
0.01152475
0.01344526
0.01463188
0.01508378
0.01514075
0.01524139
0.01561156
0.01641260
0.01782243
0.01958305
0.02108050
0.02196847
0.02253287
0.02311275
0.02364781
0.02377330
0.02322615
0.02216946
0.02089987
0.01972660
0.01897978
0.01883437
0.01891922
0.01854919
0.01731037
0.01507739
0.01212321
0.00877945
0.00515558
0.00139149
-0.00228103
-0.00552897
-0.00788257
-0.00924271
-0.00998433
-0.01073994
-0.01177734
-0.01247689
-0.01206139
-0.01001236
-0.00620191
-0.00116413
0.00414583
0.00871384
0.01183255
0.01299937
0.01201100
0.00935712
0.00592824
0.00243078
-0.00089958
-0.00429433
-0.00805756
-0.01217287
-0.01621433
-0.01944440
-0.02138310
-0.02211292
-0.02196430
-0.02133293
-0.02045288
-0.01893066
-0.01614821
-0.01199215
-0.00691717
-0.00154895
0.00352339
0.00803275
0.01176328
0.01419946
0.01498848
0.01411603
0.01143149
0.00671300
0.00018703
-0.00713098
-0.01375889
-0.01866701
-0.02157881
-0.02266558
-0.02202623
-0.01980536
-0.01625013
-0.01162275
-0.00605895
0.00003857
0.00559664
0.00969308
0.01218422
0.01326800
0.01308494
0.01181531
0.00924489
0.00480791
-0.00142957
-0.00849019
-0.01484033
-0.01882789
-0.01963273
-0.01755883
-0.01343451
-0.00843397
-0.00359977
0.00114239
0.00662388
0.01246847
0.01731221
0.02052658
0.02221546
0.02296584
0.02380312
0.02473794
0.02410334
0.02123287
0.01685281
0.01199460
0.00726288
0.00286843
-0.00088083
-0.00349293
-0.00456014
-0.00410738
-0.00260019
-0.00036553
0.00240759
0.00516567
0.00712240
0.00780926
0.00739141
0.00666415
0.00633777
0.00652705
0.00668092
0.00576369
0.00305179
-0.00068711
-0.00408022
-0.00653597
-0.00830651
-0.00983868
-0.01131597
-0.01249818
-0.01315457
-0.01318506
-0.01207306
-0.00924429
-0.00510890
-0.00050796
0.00391028
0.00763353
0.01031652
0.01172451
0.01190393
0.01125803
0.01055193
0.01010601
0.00928913
0.00761938
0.00505542
0.00163637
-0.00240753
-0.00650231
-0.00994279
-0.01259452
-0.01472917
-0.01658116
-0.01815568
-0.01964371
-0.02154176
-0.02386701
-0.02590430
-0.02681806
-0.02600007
-0.02320391
-0.01878521
-0.01359602
-0.00835032
-0.00340803
0.00102215
0.00447796
0.00646131
0.00693449
0.00651703
0.00609781
0.00599866
0.00594728
0.00587835
0.00623432
0.00771318
0.01039269
0.01327766
0.01506338
0.01542757
0.01485290
0.01381700
0.01283294
0.01227005
0.01218254
0.01237067
0.01235263
0.01149987
0.00940608
0.00590320
0.00102936
-0.00465452
-0.01007962
-0.01416478
-0.01629207
-0.01644571
-0.01505209
-0.01254630
-0.00959181
-0.00690819
-0.00481539
-0.00329445
-0.00218308
-0.00110218
0.00017126
0.00148675
0.00276512
0.00411657
0.00563211
0.00680567
0.00673857
0.00535969
0.00360851
0.00254822
0.00251153
0.00297419
0.00328555
0.00316084
0.00236595
0.00076957
-0.00153421
-0.00420720
-0.00663194
-0.00833742
-0.00914888
-0.00922503
-0.00891842
-0.00873620
-0.00873448
-0.00851830
-0.00813911
-0.00780212
-0.00735567
-0.00640311
-0.00474814
-0.00270298
-0.00095432
-0.00015290
-0.00035216
-0.00120289
-0.00205011
-0.00206888
-0.00089452
0.00115714
0.00319658
0.00432931
0.00368902
0.00071237
-0.00404062
-0.00894906
-0.01251070
-0.01440416
-0.01516254
-0.01556822
-0.01621102
-0.01717213
-0.01780733
-0.01727930
-0.01548134
-0.01315334
-0.01076769
-0.00816569
-0.00506613
-0.00170523
0.00108171
0.00238645
0.00180197
-0.00034472
-0.00299407
-0.00494980
-0.00558654
-0.00507636
-0.00401585
-0.00326265
-0.00326423
-0.00370412
-0.00389104
-0.00307070
-0.00093310
0.00207945
0.00489599
0.00663595
0.00699975
0.00614792
0.00476380
0.00393410
0.00430759
0.00569592
0.00753720
0.00931101
0.01065659
0.01117791
0.01055591
0.00898323
0.00711318
0.00574615
0.00534008
0.00563550
0.00599726
0.00602771
0.00563260
0.00469498
0.00319686
0.00165502
0.00077934
0.00073853
0.00130225
0.00230432
0.00369543
0.00531991
0.00673786
0.00751657
0.00700002
0.00486621
0.00149475
-0.00256309
-0.00659637
-0.01015190
-0.01324281
-0.01580182
-0.01736353
-0.01749792
-0.01624841
-0.01402506
-0.01128632
-0.00833077
-0.00531298
-0.00241736
0.00010049
0.00217972
0.00412403
0.00622941
0.00834951
0.00993795
0.01045394
0.00955891
0.00720336
0.00380936
0.00020943
-0.00281704
-0.00494688
-0.00611826
-0.00622339
-0.00532939
-0.00372127
-0.00175628
0.00017623
0.00202657
0.00409332
0.00632253
0.00826859
0.00970215
0.01073044
0.01148743
0.01173431
0.01097471
0.00888892
0.00582300
0.00252617
-0.00008015
-0.00145358
-0.00191138
-0.00206440
-0.00216408
-0.00205224
-0.00140148
0.00005403
0.00240908
0.00546359
0.00841336
0.01042415
0.01138917
0.01173709
0.01191867
0.01236042
0.01316124
0.01401590
0.01433676
0.01341443
0.01100243
0.00742925
0.00323342
-0.00122268
-0.00555917
-0.00927988
-0.01182782
-0.01302977
-0.01323494
-0.01273045
-0.01176415
-0.01074816
-0.00986159
-0.00901788
-0.00812753
-0.00699963
-0.00535305
-0.00322079
-0.00086683
0.00135247
0.00292572
0.00343821
0.00293096
0.00177875
0.00039131
-0.00068588
-0.00101402
-0.00081138
-0.00063017
-0.00068303
-0.00083337
-0.00089132
-0.00061453
0.00012993
0.00122525
0.00256898
0.00422953
0.00631113
0.00873493
0.01105966
0.01265928
0.01311568
0.01253322
0.01133743
0.00985276
0.00824650
0.00664828
0.00504411
0.00337473
0.00171639
0.00017226
-0.00112723
-0.00199654
-0.00238451
-0.00232162
-0.00194740
-0.00167125
-0.00181757
-0.00247180
-0.00334347
-0.00399431
-0.00439103
-0.00476408
-0.00520407
-0.00583762
-0.00674437
-0.00766332
-0.00829211
-0.00862312
-0.00882622
-0.00908977
-0.00961636
-0.01066080
-0.01208530
-0.01318778
-0.01343738
-0.01267343
-0.01090934
-0.00835900
-0.00542702
-0.00251409
0.00014507
0.00248641
0.00442403
0.00583548
0.00664380
0.00673185
0.00602932
0.00465972
0.00297847
0.00132666
-0.00031773
-0.00194432
-0.00316304
-0.00348287
-0.00278419
-0.00135772
0.00034688
0.00189985
0.00292314
0.00316750
0.00264399
0.00156376
0.00027702
-0.00073093
-0.00104481
-0.00056952
0.00053330
0.00198563
0.00332636
0.00395391
0.00337832
0.00150020
-0.00130297
-0.00422381
-0.00631602
-0.00690912
-0.00596171
-0.00381671
-0.00099516
0.00164755
0.00342417
0.00425869
0.00458209
0.00475057
0.00479426
0.00460945
0.00413800
0.00349249
0.00271550
0.00188829
0.00120616
0.00052429
-0.00050724
-0.00224078
-0.00466128
-0.00738877
-0.00979674
-0.01132671
-0.01172235
-0.01095996
-0.00906900
-0.00645266
-0.00371245
-0.00149695
-0.00020165
0.00054877
0.00162918
0.00342297
0.00551534
0.00724428
0.00815002
0.00805150
0.00711297
0.00555703
0.00350807
0.00102246
-0.00174759
-0.00439329
-0.00637272
-0.00728806
-0.00728265
-0.00693450
-0.00664491
-0.00640525
-0.00591054
-0.00487821
-0.00322606
-0.00106661
0.00116507
0.00306044
0.00441947
0.00513668
0.00525501
0.00487168
0.00397953
0.00269129
0.00110890
-0.00067850
-0.00239131
-0.00382353
-0.00498759
-0.00596194
-0.00682250
-0.00735639
-0.00716812
-0.00613799
-0.00440506
-0.00232173
-0.00038750
0.00110219
0.00199085
0.00241922
0.00282533
0.00363467
0.00495528
0.00641795
0.00754696
0.00806224
0.00782632
0.00681059
0.00507420
0.00263346
-0.00029212
-0.00318166
-0.00540179
-0.00641903
-0.00608558
-0.00464085
-0.00241441
0.00031112
0.00321623
0.00605887
0.00846339
0.01005681
0.01071388
0.01049678
0.00961881
0.00839567
0.00723052
0.00648478
0.00597386
0.00514033
0.00368157
0.00167440
-0.00056690
-0.00278506
-0.00488963
-0.00676303
-0.00805876
-0.00852195
-0.00819583
-0.00729866
-0.00616529
-0.00524141
-0.00484388
-0.00505188
-0.00559115
-0.00583377
-0.00524745
-0.00446572
-0.00378531
-0.00340012
-0.00323644
-0.00322999
-0.00313304
-0.00280864
-0.00243036
-0.00211319
-0.00178199
-0.00135002
-0.00080835
-0.00025667
0.00026125
0.00102306
0.00223136
0.00373953
0.00530897
0.00686018
0.00854211
0.01038656
0.01201889
0.01281040
0.01208287
0.00975337
0.00662277
0.00364352
0.00137818
0.00001629
-0.00069889
-0.00114460
-0.00155313
-0.00194725
-0.00220467
-0.00231263
-0.00230367
-0.00220945
-0.00209405
-0.00194094
-0.00167137
-0.00129697
-0.00084678
-0.00046104
-0.00031140
-0.00064735
-0.00162329
-0.00300982
-0.00441435
-0.00561170
-0.00648772
-0.00696824
-0.00706050
-0.00689687
-0.00664126
-0.00640300
-0.00626814
-0.00618963
-0.00610394
-0.00598309
-0.00578011
-0.00542974
-0.00486754
-0.00410775
-0.00330519
-0.00261331
-0.00208937
-0.00177533
-0.00151045
-0.00104308
-0.00034686
0.00048941
0.00148168
0.00268345
0.00384382
0.00459392
0.00481210
0.00471222
0.00468329
0.00495854
0.00544073
0.00606153
0.00698074
0.00815986
0.00925271
0.00985467
0.00985584
0.00920443
0.00800048
0.00668624
0.00561619
0.00477804
0.00394103
0.00292706
0.00170571
0.00035867
-0.00085187
-0.00168273
-0.00226894
-0.00297392
-0.00383172
-0.00447228
-0.00472053
-0.00460078
-0.00433911
-0.00410665
-0.00391453
-0.00376147
-0.00361570
-0.00327363
-0.00243565
-0.00111915
0.00042607
0.00187297
0.00290044
0.00329155
0.00306856
0.00246453
0.00189492
0.00167517
0.00189637
0.00251797
0.00339018
0.00429070
0.00495075
0.00522014
0.00515496
0.00493238
0.00475944
0.00474148
0.00485761
0.00486463
0.00452904
0.00397499
0.00338023
0.00293080
0.00268019
0.00241378
0.00187772
0.00105193
0.00023203
-0.00013276
0.00015190
0.00096525
0.00210004
0.00325585
0.00420106
0.00480254
0.00505669
0.00496453
0.00454776
0.00395954
0.00344503
0.00320011
0.00317169
0.00320729
0.00316240
0.00297300
0.00261433
0.00206231
0.00143396
0.00096734
0.00082480
0.00109171
0.00161878
0.00216213
0.00269684
0.00333006
0.00407513
0.00485048
0.00537135
0.00540180
0.00490707
0.00410514
0.00332868
0.00273226
0.00237315
0.00230562
0.00243974
0.00254794
0.00240994
0.00184119
0.00089900
-0.00014203
-0.00106421
-0.00172606
-0.00190973
-0.00158713
-0.00092733
-0.00013701
0.00072835
0.00166230
0.00263581
0.00365918
0.00473028
0.00575354
0.00653067
0.00696419
0.00703038
0.00664500
0.00579460
0.00464899
0.00344307
0.00240565
0.00167871
0.00132454
0.00128838
0.00131387
0.00119951
0.00097589
0.00066649
0.00020671
-0.00043257
-0.00117456
-0.00172809
-0.00178838
-0.00118611
-0.00000900
0.00150931
0.00307737
0.00434774
0.00499344
0.00486697
0.00408455
0.00298281
0.00192061
0.00108628
0.00057566
0.00045213
0.00071629
0.00131489
0.00210170
0.00282560
0.00318666
0.00298200
0.00226567
0.00143360
0.00089663
0.00073339
0.00079655
0.00085393
0.00072319
0.00037412
-0.00009386
-0.00054999
-0.00094478
-0.00116240
-0.00114040
-0.00102885
-0.00098025
-0.00095976
-0.00092043
-0.00086878
-0.00074405
-0.00045405
0.00006777
0.00071687
0.00127096
0.00153577
0.00141893
0.00101081
0.00044723
-0.00022753
-0.00096311
-0.00164908
-0.00215320
-0.00246465
-0.00267094
-0.00282163
-0.00295335
-0.00311077
-0.00325233
-0.00322983
-0.00292824
-0.00238378
-0.00180086
-0.00136803
-0.00119884
-0.00127470
-0.00144821
-0.00160767
-0.00172825
-0.00186156
-0.00202556
-0.00217926
-0.00228465
-0.00231613
-0.00228686
-0.00225975
-0.00229681
-0.00240955
-0.00256684
-0.00270795
-0.00279506
-0.00279723
-0.00264841
-0.00232125
-0.00186091
-0.00137207
-0.00095819
-0.00066259
-0.00048903
-0.00043362
-0.00043033
-0.00039016
-0.00027119
-0.00014665
-0.00013062
-0.00028756
-0.00060599
-0.00101257
-0.00138259
-0.00160724
-0.00165919
-0.00160686
-0.00155897
-0.00157347
-0.00161885
-0.00166727
-0.00172155
-0.00179708
-0.00189722
-0.00202530
-0.00215813
-0.00224091
-0.00224159
-0.00214890
-0.00202175
-0.00194747
-0.00195083
-0.00200087
-0.00205489
-0.00206408
-0.00202677
-0.00200546
-0.00205011
-0.00216468
-0.00230230
-0.00240164
-0.00241335
-0.00232861
-0.00217986
-0.00202077
-0.00189055
-0.00177386
-0.00164873
-0.00154243
-0.00148495
-0.00144113
-0.00136998
-0.00126668
-0.00115054
-0.00102730
-0.00090983
-0.00081627
-0.00074092
-0.00066373
-0.00057720
-0.00049519
-0.00045857
-0.00051009
-0.00063161
-0.00075113
-0.00081691
-0.00083249
-0.00082987
-0.00083602
-0.00087544
-0.00096050
-0.00107246
-0.00117458
-0.00124473
-0.00129205
-0.00133476
-0.00137307
-0.00138424
-0.00134924
-0.00128010
-0.00120046
-0.00113231
-0.00109252
-0.00107620
-0.00106279
-0.00103067
-0.00096473
-0.00086940
-0.00076491
-0.00067306
-0.00060749
-0.00057448
-0.00057941
-0.00061477
-0.00066083
-0.00069983
-0.00072288
-0.00073210
-0.00073057
-0.00071143
-0.00067815
-0.00064780
-0.00063035
-0.00062003
-0.00060598
-0.00058651
-0.00057234
-0.00056425
-0.00055490
-0.00053963
-0.00051851
-0.00049448
-0.00046867
-0.00044316
-0.00041707
-0.00038576
-0.00034998
-0.00031531
-0.00028748
-0.00026799
-0.00025964
-0.00026136
-0.00026863
-0.00027331
-0.00026520
-0.00024013
-0.00020249
-0.00016033
-0.00012153
-0.00009252
-0.00007429
-0.00006322
-0.00005527
-0.00004921
-0.00004432
-0.00003985
-0.00003691
-0.00003531
-0.00003325
-0.00003041
-0.00002790
-0.00002629
-0.00002579
-0.00002518
-0.00002303
-0.00001914
-0.00001326
-0.00000488
0.00000516
0.00001605
0.00002729
0.00003861
0.00005031
0.00006270
0.00007553
0.00008802
0.00009960
0.00011045
0.00012080
0.00013006
0.00013814
0.00014532
0.00015194
0.00015849
0.00016534
0.00017202
0.00017823
0.00018393
0.00018903
0.00019359
0.00019779
0.00020198
0.00020648
0.00021120
0.00021588
0.00022028
0.00022431
0.00022797
0.00023121
0.00023411
0.00023676
0.00023924
0.00024157
0.00024381
0.00024601
0.00024820
0.00025034
0.00025238
0.00025427
0.00025605
0.00025769
0.00025920
0.00026056
0.00026178
0.00026286
0.00026384
0.00026472
0.00026550
0.00026617
0.00026672
0.00026714
0.00026743
0.00026760
0.00026766
0.00026760
0.00026743
0.00026715
0.00026677
0.00026629
0.00026570
0.00026501
0.00026422
0.00026333
0.00026234
0.00026126
0.00026008
