0.00081819
0.00080708
0.00079593
0.00078475
0.00077360
0.00076251
0.00075131
0.00073987
0.00072805
0.00071603
0.00070422
0.00069217
0.00067970
0.00066667
0.00065291
0.00063830
0.00062141
0.00059910
0.00057231
0.00054004
0.00047831
0.00037683
0.00025226
0.00011019
-0.00001916
-0.00015377
-0.00031402
-0.00043031
-0.00041917
-0.00037528
-0.00031926
-0.00016538
0.00008241
0.00037229
0.00064985
0.00067299
0.00059813
0.00057037
0.00057686
0.00063474
0.00070751
0.00078312
0.00086807
0.00096089
0.00105905
0.00107905
0.00082734
0.00049342
0.00018470
-0.00011815
-0.00040758
-0.00070503
-0.00095445
-0.00073266
-0.00023547
0.00018980
0.00071277
0.00151597
0.00234668
0.00311663
0.00352371
0.00350576
0.00352130
0.00341957
0.00235191
0.00088981
-0.00038696
-0.00147677
-0.00226796
-0.00301848
-0.00379146
-0.00431276
-0.00461447
-0.00495831
-0.00513447
-0.00445691
-0.00352919
-0.00276107
-0.00200172
-0.00125897
-0.00054279
0.00012606
0.00027905
0.00006470
-0.00006205
-0.00009346
0.00004889
0.00024387
0.00041365
0.00048838
0.00042438
0.00035863
0.00035300
0.00066765
0.00116159
0.00159988
0.00180365
0.00131443
0.00066370
0.00013635
-0.00018158
-0.00026028
-0.00034655
-0.00040712
-0.00016827
0.00019067
0.00049090
0.00062575
0.00037488
0.00006439
-0.00018822
-0.00050584
-0.00087835
-0.00123305
-0.00164327
-0.00240666
-0.00331501
-0.00415405
-0.00458343
-0.00426177
-0.00389092
-0.00363553
-0.00338904
-0.00316359
-0.00295188
-0.00272115
-0.00240658
-0.00206784
-0.00174668
-0.00153879
-0.00149441
-0.00144949
-0.00131105
-0.00036590
0.00115391
0.00253959
0.00358314
0.00374764
0.00369795
0.00377826
0.00330627
0.00204412
0.00081816
-0.00020808
-0.00059861
-0.00061534
-0.00073171
-0.00096707
-0.00141126
-0.00189774
-0.00234563
-0.00262175
-0.00274131
-0.00288148
-0.00291758
-0.00228073
-0.00136751
-0.00058034
0.00009592
0.00059942
0.00107669
0.00156739
0.00193281
0.00218915
0.00246692
0.00263900
0.00228816
0.00178323
0.00138482
0.00141218
0.00204944
0.00269013
0.00312287
0.00213152
0.00011386
-0.00167333
-0.00296779
-0.00306196
-0.00285518
-0.00284626
-0.00312405
-0.00372837
-0.00432686
-0.00475609
-0.00413217
-0.00291672
-0.00188787
-0.00160111
-0.00297805
-0.00459798
-0.00588666
-0.00610418
-0.00500956
-0.00301638
-0.00088639
0.00114942
0.00147309
-0.00075449
-0.00296310
-0.00479270
-0.00653899
-0.00692095
-0.00541729
-0.00394632
-0.00281762
-0.00258716
-0.00306733
-0.00343295
-0.00369683
-0.00387760
-0.00401903
-0.00417003
-0.00458076
-0.00528853
-0.00596823
-0.00628713
-0.00406523
-0.00043161
0.00274619
0.00556909
0.00784435
0.00998224
0.01217741
0.01417421
0.01595033
0.01775913
0.01952799
0.02071734
0.02031677
0.01813628
0.01599129
0.01411954
0.01264548
0.01144810
0.01021055
0.00883528
0.00718430
0.00549051
0.00383350
0.00204083
0.00010076
-0.00181771
-0.00364135
-0.00439491
-0.00320046
0.00005201
0.00440309
0.00857021
0.01249623
0.01584444
0.01901709
0.02225966
0.02477808
0.02609095
0.02574142
0.02301759
0.01886025
0.01414112
0.00946015
0.00529154
0.00238154
-0.00034147
-0.00326789
-0.00630592
-0.00956479
-0.01285793
-0.01576227
-0.01757407
-0.01744583
-0.01644289
-0.01571181
-0.01562170
-0.01745312
-0.01976520
-0.02171299
-0.02219277
-0.02099948
-0.01992744
-0.01892089
-0.01709299
-0.01496873
-0.01302444
-0.01123766
-0.00979827
-0.00843246
-0.00698288
-0.00508034
-0.00345812
-0.00464564
-0.00861316
-0.01237000
-0.01579282
-0.01868179
-0.01918851
-0.01755801
-0.01459088
-0.01120603
-0.00867638
-0.00667377
-0.00448632
-0.00168978
0.00361794
0.00972759
0.01537500
0.01954707
0.02096550
0.02216443
0.02370542
0.02412474
0.02362127
0.02334030
0.02319398
0.02307991
0.02194032
0.01745045
0.01159312
0.00628392
0.00061716
-0.00586857
-0.01231768
-0.01851909
-0.02365559
-0.02801525
-0.03253550
-0.03630513
-0.03671672
-0.03296732
-0.02551328
-0.01746249
-0.00975482
-0.00198585
0.00464305
0.00884320
0.01022683
0.01113711
0.01239893
0.01407797
0.01650966
0.01900741
0.02135229
0.02256923
0.02090861
0.01858372
0.01673079
0.01451108
0.01142768
0.00827308
0.00528803
0.00250765
-0.00006825
-0.00265251
-0.00482819
-0.00508683
-0.00367438
-0.00096412
0.00333754
0.00812289
0.01269827
0.01647712
0.01726334
0.01405729
0.00998876
0.00642794
0.00278477
-0.00079310
-0.00425133
-0.00765079
-0.01034841
-0.01193874
-0.01179858
-0.00951862
-0.00589449
-0.00148796
0.00298095
0.00721354
0.00912019
0.00935504
0.00997638
0.01062617
0.01061011
0.00895364
0.00602659
0.00329012
0.00040938
-0.00364825
-0.00801319
-0.01210287
-0.01432833
-0.01385950
-0.01340220
-0.01314355
-0.01142602
-0.00897175
-0.00683379
-0.00485438
-0.00318405
-0.00163634
-0.00007735
0.00013723
-0.00160912
-0.00331824
-0.00487090
-0.00742653
-0.00928630
-0.00916411
-0.00906025
-0.00912403
-0.00770282
-0.00549331
-0.00359602
-0.00160027
0.00091278
0.00348382
0.00594778
0.00828011
0.01039866
0.01250304
0.01449086
0.01532974
0.01553890
0.01595993
0.01606823
0.01515254
0.01268607
0.00848910
0.00285546
-0.00284695
-0.00833731
-0.01291618
-0.01581011
-0.01696809
-0.01807126
-0.01926477
-0.01920859
-0.01833745
-0.01771045
-0.01692190
-0.01509073
-0.01299513
-0.01111591
-0.00978679
-0.00925227
-0.00961513
-0.01200895
-0.01475149
-0.01715713
-0.01943657
-0.02120398
-0.02157051
-0.02000475
-0.01747051
-0.01515433
-0.01257907
-0.00872687
-0.00455340
-0.00062274
0.00343219
0.00767010
0.01186999
0.01592581
0.01871844
0.02060784
0.02270737
0.02459100
0.02515379
0.02536355
0.02580350
0.02499579
0.02236429
0.01979750
0.01748047
0.01497647
0.01242124
0.00993657
0.00768583
0.00598091
0.00435518
0.00268816
0.00178956
0.00157807
0.00124393
0.00105020
0.00208550
0.00360341
0.00488345
0.00598215
0.00679957
0.00756969
0.00837225
0.00914587
0.00872213
0.00607646
0.00331296
0.00088979
-0.00160393
-0.00409983
-0.00653741
-0.00862880
-0.00965961
-0.01045344
-0.01141091
-0.01147850
-0.01027068
-0.00911301
-0.00808755
-0.00660668
-0.00491280
-0.00332696
-0.00178695
-0.00030572
0.00115342
0.00259582
0.00329831
0.00315066
0.00308645
0.00297770
0.00198333
0.00064312
-0.00051568
-0.00121698
-0.00110504
-0.00092609
-0.00082676
-0.00010053
0.00116444
0.00232132
0.00313030
0.00270469
0.00188438
0.00129071
0.00123869
0.00194963
0.00267774
0.00332205
0.00414804
0.00507477
0.00595544
0.00647471
0.00589873
0.00507739
0.00444067
0.00369385
0.00282098
0.00198562
0.00125451
0.00097475
0.00089176
0.00072972
0.00053238
0.00027341
-0.00000705
-0.00024997
0.00000526
0.00070864
0.00134126
0.00183113
0.00192906
0.00189335
0.00191818
0.00165107
0.00083271
-0.00000440
-0.00082641
-0.00248502
-0.00471963
-0.00679977
-0.00836565
-0.00851964
-0.00834104
-0.00838643
-0.00809108
-0.00740354
-0.00678586
-0.00625115
-0.00583980
-0.00549617
-0.00513847
-0.00483263
-0.00466152
-0.00450511
-0.00435491
-0.00468419
-0.00544389
-0.00613149
-0.00673331
-0.00718795
-0.00758325
-0.00799654
-0.00830408
-0.00841055
-0.00850975
-0.00854558
-0.00749082
-0.00567263
-0.00404414
-0.00238818
-0.00038863
0.00165371
0.00360523
0.00474463
0.00469390
0.00465077
0.00466430
0.00377256
0.00241165
0.00123836
0.00040413
0.00027983
0.00027355
0.00016009
0.00003663
-0.00011625
-0.00028447
-0.00041388
-0.00033632
-0.00017319
-0.00004862
-0.00004641
-0.00026352
-0.00049755
-0.00074171
-0.00147285
-0.00254298
-0.00352594
-0.00432320
-0.00444840
-0.00435138
-0.00435681
-0.00368056
-0.00199941
-0.00035014
0.00102435
0.00142411
0.00125985
0.00125238
0.00115983
0.00067249
0.00013065
-0.00031746
-0.00022277
0.00050141
0.00117530
0.00179315
0.00256016
0.00337126
0.00414336
0.00479198
0.00514712
0.00545837
0.00584396
0.00666237
0.00787453
0.00903079
0.01020677
0.01173481
0.01339290
0.01497707
0.01624985
0.01695296
0.01761592
0.01829869
0.01822247
0.01762231
0.01716287
0.01651974
0.01484939
0.01289784
0.01113680
0.00907964
0.00658211
0.00411869
0.00193665
0.00141222
0.00181471
0.00192510
0.00163046
0.00055870
-0.00065667
-0.00178769
-0.00335969
-0.00532318
-0.00720738
-0.00871469
-0.00879130
-0.00842021
-0.00829634
-0.00786646
-0.00696678
-0.00610938
-0.00536170
-0.00499936
-0.00493274
-0.00481135
-0.00477512
-0.00510490
-0.00550468
-0.00585159
-0.00674086
-0.00825137
-0.00969243
-0.01096618
-0.01156674
-0.01176656
-0.01207595
-0.01195906
-0.01072207
-0.00935583
-0.00819386
-0.00720659
-0.00639451
-0.00558310
-0.00463832
-0.00303798
-0.00115690
0.00060555
0.00214312
0.00329507
0.00441043
0.00550523
0.00539065
0.00419688
0.00318549
0.00219199
0.00070566
-0.00089233
-0.00237693
-0.00368622
-0.00474534
-0.00579419
-0.00684145
-0.00761549
-0.00824389
-0.00892603
-0.00938564
-0.00927364
-0.00909510
-0.00900106
-0.00849892
-0.00754744
-0.00665592
-0.00585698
-0.00522763
-0.00468649
-0.00412153
-0.00336512
-0.00226093
-0.00113493
-0.00005738
0.00108093
0.00226124
0.00342492
0.00448434
0.00511113
0.00560406
0.00617476
0.00673580
0.00727710
0.00782995
0.00840289
0.00914203
0.01000071
0.01083181
0.01154775
0.01180881
0.01192602
0.01212294
0.01225820
0.01229527
0.01234481
0.01236450
0.01201297
0.01146097
0.01097830
0.01031199
0.00915768
0.00795011
0.00680632
0.00532000
0.00353276
0.00180610
0.00016630
-0.00119123
-0.00241346
-0.00367678
-0.00445671
-0.00430856
-0.00411684
-0.00408239
-0.00415298
-0.00431762
-0.00448399
-0.00480624
-0.00563840
-0.00658027
-0.00742997
-0.00815442
-0.00868830
-0.00921084
-0.00961751
-0.00891271
-0.00759902
-0.00649042
-0.00540446
-0.00423821
-0.00309116
-0.00196813
-0.00081942
0.00035171
0.00151672
0.00258832
0.00315713
0.00351275
0.00395849
0.00432149
0.00450081
0.00468269
0.00489606
0.00509127
0.00500482
0.00426241
0.00343449
0.00271150
0.00194300
0.00115006
0.00043222
-0.00025125
-0.00095158
-0.00121388
-0.00040967
0.00053054
0.00126677
0.00158030
0.00149670
0.00144998
0.00143614
0.00137730
0.00131433
0.00124920
0.00116623
0.00108172
0.00093266
0.00040592
-0.00028026
-0.00089832
-0.00160782
-0.00251037
-0.00341392
-0.00419266
-0.00393098
-0.00293127
-0.00210416
-0.00151369
-0.00165950
-0.00206688
-0.00236452
-0.00323882
-0.00497087
-0.00667296
-0.00817145
-0.00909303
-0.00967342
-0.01034052
-0.01046286
-0.00919806
-0.00776693
-0.00658588
-0.00597911
-0.00607683
-0.00614531
-0.00617318
-0.00647949
-0.00688643
-0.00722802
-0.00735490
-0.00709390
-0.00680420
-0.00655042
-0.00594654
-0.00504008
-0.00419267
-0.00337280
-0.00251154
-0.00165376
-0.00101919
-0.00068673
-0.00034598
0.00002820
0.00031052
0.00054185
0.00079483
0.00093348
0.00069707
0.00038251
0.00013388
-0.00012132
-0.00038288
-0.00063480
-0.00080484
-0.00053512
-0.00007893
0.00029782
0.00073005
0.00131827
0.00191331
0.00249582
0.00334831
0.00443989
0.00548876
0.00644172
0.00701500
0.00741594
0.00788079
0.00826542
0.00847514
0.00868421
0.00891662
0.00906387
0.00915565
0.00926582
0.00937112
0.00943014
0.00947878
0.00953293
0.00939945
0.00899362
0.00859354
0.00820851
0.00762839
0.00694814
0.00630860
0.00565479
0.00493163
0.00420065
0.00350291
0.00346365
0.00418173
0.00482819
0.00537678
0.00594577
0.00649944
0.00703477
0.00733412
0.00706058
0.00671060
0.00645886
0.00625885
0.00611315
0.00597283
0.00575626
0.00522295
0.00459340
0.00402161
0.00352921
0.00318573
0.00285958
0.00254810
0.00264965
0.00304062
0.00335831
0.00347097
0.00304047
0.00247968
0.00200556
0.00144090
0.00075230
0.00008030
-0.00051378
-0.00065613
-0.00054451
-0.00051204
-0.00045562
-0.00028572
-0.00011270
0.00003380
0.00007039
-0.00002448
-0.00011039
-0.00027575
-0.00098039
-0.00190860
-0.00273732
-0.00366953
-0.00482590
-0.00598072
-0.00708890
-0.00811779
-0.00908461
-0.01005959
-0.01073960
-0.01047724
-0.01001151
-0.00970420
-0.00912292
-0.00816035
-0.00723051
-0.00639230
-0.00580645
-0.00537345
-0.00490262
-0.00449831
-0.00433804
-0.00422312
-0.00408241
-0.00459190
-0.00584597
-0.00702148
-0.00797946
-0.00829173
-0.00830746
-0.00842594
-0.00836696
-0.00784383
-0.00727875
-0.00678483
-0.00611583
-0.00529853
-0.00451739
-0.00376499
-0.00306965
-0.00240732
-0.00173767
-0.00108305
-0.00046230
0.00015761
0.00078191
0.00138236
0.00196257
0.00254708
0.00304435
0.00314804
0.00313342
0.00318935
0.00316324
0.00301155
0.00287173
0.00271550
0.00214034
0.00127666
0.00048713
-0.00024233
-0.00088044
-0.00148613
-0.00209687
-0.00252533
-0.00274314
-0.00298286
-0.00322476
-0.00326680
-0.00320884
-0.00319123
-0.00322959
-0.00338197
-0.00355494
-0.00370486
-0.00375601
-0.00371720
-0.00369019
-0.00425137
-0.00380325
-0.00323767
-0.00271902
-0.00220664
-0.00169599
-0.00119248
-0.00070102
-0.00035466
-0.00013923
0.00009538
0.00044358
0.00122350
0.00212414
0.00292389
0.00350568
0.00379242
0.00406046
0.00431212
0.00411120
0.00361266
0.00320261
0.00287954
0.00270845
0.00258431
0.00244924
0.00253010
0.00284843
0.00312417
0.00338512
0.00388375
0.00447931
0.00498710
0.00545165
0.00588980
0.00628260
0.00662376
0.00669941
0.00649220
0.00629728
0.00607330
0.00556618
0.00496273
0.00442895
0.00388837
0.00330264
0.00274072
0.00221213
0.00165662
0.00108783
0.00056278
0.00008434
-0.00033224
-0.00070661
-0.00105134
-0.00128903
-0.00139573
-0.00149086
-0.00158394
-0.00163737
-0.00166501
-0.00168528
-0.00163946
-0.00142724
-0.00120204
-0.00102815
-0.00087481
-0.00074417
-0.00063817
-0.00056765
-0.00062558
-0.00073150
-0.00079561
-0.00086353
-0.00096847
-0.00104225
-0.00107211
-0.00104930
-0.00098236
-0.00091234
-0.00083916
-0.00075000
-0.00066047
-0.00058005
-0.00050591
-0.00043810
-0.00037667
-0.00032132
-0.00027247
-0.00022979
-0.00019263
-0.00016042
-0.00013198
-0.00010939
-0.00009299
-0.00008186
-0.00007534
-0.00007237
-0.00007236
-0.00007446
-0.00007902
-0.00008608
-0.00009489
-0.00010492
-0.00011585
-0.00012736
-0.00013918
-0.00015112
-0.00016304
-0.00017484
-0.00018644
-0.00019775
-0.00020875
-0.00021937
-0.00022960
-0.00023938
-0.00024868
