0.00073873
0.00073190
0.00072488
0.00071773
0.00071060
0.00070357
0.00069640
0.00068924
0.00068201
0.00067317
0.00066179
0.00064755
0.00063036
0.00061648
0.00060106
0.00058329
0.00056136
0.00053008
0.00049377
0.00045135
0.00041627
0.00038349
0.00034568
0.00033765
0.00045808
0.00061447
0.00080846
0.00091709
0.00088252
0.00089346
0.00088093
0.00084425
0.00080846
0.00075951
0.00059466
0.00010300
-0.00041586
-0.00099469
-0.00147755
-0.00185513
-0.00232503
-0.00272027
-0.00242993
-0.00201257
-0.00164452
-0.00129134
-0.00122326
-0.00108886
-0.00094013
-0.00105086
-0.00130425
-0.00149123
-0.00157187
-0.00086518
-0.00010893
0.00057850
0.00126030
0.00170252
0.00218187
0.00264939
0.00267669
0.00254208
0.00250987
0.00235440
0.00197645
0.00163111
0.00129092
0.00097322
0.00073014
0.00046855
0.00017693
-0.00048475
-0.00124913
-0.00194007
-0.00261303
-0.00302813
-0.00345063
-0.00388656
-0.00361257
-0.00270570
-0.00204106
-0.00120209
0.00033250
0.00189897
0.00251143
0.00205739
0.00193240
0.00170275
0.00138107
0.00112743
0.00070143
-0.00058388
-0.00187231
-0.00307506
-0.00418892
-0.00501162
-0.00590130
-0.00663601
-0.00562463
-0.00417878
-0.00306419
-0.00177226
-0.00073467
0.00026907
0.00131695
0.00188110
0.00185054
0.00200537
0.00203354
0.00113562
0.00004635
-0.00088097
-0.00192787
-0.00294346
-0.00393738
-0.00490814
-0.00449174
-0.00317932
-0.00227348
-0.00116215
0.00009512
0.00129311
0.00250208
0.00321600
0.00296704
0.00293421
0.00286743
0.00237338
0.00171732
0.00115400
0.00051679
-0.00021929
-0.00094085
-0.00165860
-0.00175942
-0.00102018
-0.00053087
-0.00000597
-0.00013722
-0.00062594
-0.00092505
-0.00112725
-0.00062683
-0.00014860
0.00027351
0.00061504
0.00071172
0.00086682
0.00100508
0.00101094
0.00100121
0.00101140
0.00072042
-0.00034475
-0.00127801
-0.00219956
-0.00296941
-0.00347775
-0.00406891
-0.00438896
-0.00270258
-0.00079243
0.00083141
0.00216607
0.00192671
0.00189899
0.00191708
0.00144863
0.00084874
0.00034575
-0.00036628
-0.00186234
-0.00335336
-0.00477046
-0.00529973
-0.00396296
-0.00303012
-0.00211817
-0.00248256
-0.00355912
-0.00426758
-0.00483723
-0.00422054
-0.00363332
-0.00314370
-0.00240881
-0.00158031
-0.00080540
0.00005221
0.00155739
0.00322139
0.00476474
0.00624688
0.00716988
0.00811493
0.00908841
0.00870019
0.00710797
0.00597812
0.00478698
0.00443290
0.00427586
0.00395981
0.00338720
0.00178214
0.00032329
-0.00105148
-0.00061098
0.00112524
0.00229965
0.00381730
0.00587953
0.00784945
0.00980595
0.01241103
0.01607646
0.01949535
0.02288849
0.02566193
0.02678359
0.02555442
0.02324544
0.02141375
0.01903280
0.01573698
0.01259233
0.00947402
0.00725959
0.00604397
0.00447432
0.00324950
0.00388771
0.00587341
0.00920822
0.01231392
0.01544020
0.01710969
0.01746282
0.01558356
0.01207611
0.00678991
0.00209421
0.00009948
-0.00063209
0.00071573
0.00295132
0.00477013
0.00625766
0.00560251
0.00503687
0.00462785
0.00350161
0.00201867
0.00071951
-0.00072816
-0.00265792
-0.00461207
-0.00651108
-0.00919991
-0.01322911
-0.01694514
-0.02073360
-0.02533804
-0.03015475
-0.03480979
-0.04004885
-0.04640558
-0.04961755
-0.04814754
-0.04713534
-0.04620317
-0.04461765
-0.04298976
-0.04143439
-0.03972897
-0.03594947
-0.03131208
-0.02717984
-0.02328686
-0.02227873
-0.02139164
-0.02016687
-0.01950163
-0.01681240
-0.01240395
-0.00876136
-0.00503683
-0.00364159
-0.00669379
-0.01130355
-0.01531026
-0.01979745
-0.02310985
-0.02302908
-0.02355100
-0.02405049
-0.02188319
-0.01839658
-0.01558412
-0.01242701
-0.00889119
-0.00265294
0.00653851
0.02012304
0.03435190
0.04770130
0.05818788
0.06625656
0.07088725
0.07188369
0.06841544
0.06046291
0.04680895
0.02832476
0.01089272
-0.00520993
-0.02004332
-0.03343875
-0.04488441
-0.05204338
-0.05304133
-0.04788407
-0.03718462
-0.02718071
-0.01852990
-0.01233414
-0.00573598
0.00081184
0.00775008
0.01541316
0.02284559
0.03016601
0.03514604
0.03666999
0.03522040
0.03247031
0.03007993
0.02722490
0.02342863
0.01970229
0.01603273
0.01184783
0.00717093
0.00266110
-0.00179809
-0.00454049
-0.00402937
0.00061014
0.00635336
0.01158891
0.01682447
0.01821324
0.01904491
0.02048967
0.01953087
0.01513560
0.01161977
0.00800511
0.00557780
0.00398760
0.00199755
0.00041852
-0.00029965
-0.00114417
-0.00201774
-0.00321662
-0.00485766
-0.00635172
-0.00801118
-0.01012719
-0.00882699
-0.00493123
-0.00200003
0.00124179
0.00362485
0.00554930
0.00772927
0.00915899
0.00824744
0.00613326
0.00354630
0.00103530
-0.00043581
0.00231361
0.00477614
0.00697392
0.00994941
0.01312422
0.01615451
0.01927597
0.02249115
0.02571803
0.02893476
0.03174961
0.03237204
0.02870506
0.02323115
0.01851527
0.01368575
0.01095161
0.00838959
0.00554111
0.00227856
-0.00194969
-0.00594366
-0.00994259
-0.01277989
-0.01235215
-0.01223817
-0.01224988
-0.01085960
-0.00863393
-0.00678925
-0.00461498
-0.00061326
0.00237563
0.00282597
0.00134985
-0.00062383
-0.00241469
-0.00432309
-0.00600418
-0.00769208
-0.00929398
-0.00822433
-0.00605315
-0.00453744
-0.00292022
-0.00281847
-0.00284324
-0.00265986
-0.00304760
-0.00389366
-0.00456227
-0.00526667
-0.00568137
-0.00597733
-0.00634516
-0.00700638
-0.00858561
-0.01002334
-0.01143096
-0.01200150
-0.01164151
-0.01161066
-0.01167657
-0.01332815
-0.01524199
-0.01689724
-0.01784530
-0.01676168
-0.01376717
-0.01047922
-0.00734198
-0.00399575
-0.00071161
0.00254634
0.00582842
0.00884710
0.01034831
0.00967203
0.00723871
0.00303139
-0.00158843
-0.00601105
-0.01046152
-0.01422685
-0.01526062
-0.01597583
-0.01705714
-0.01677216
-0.01466934
-0.01304469
-0.01138170
-0.01154652
-0.01311593
-0.01408481
-0.01531761
-0.01663467
-0.01643792
-0.01432419
-0.01045673
-0.00655850
-0.00270135
0.00049457
0.00251487
0.00485875
0.00710027
0.00840064
0.00935439
0.00820093
0.00542462
0.00332181
0.00098107
-0.00118150
-0.00322162
-0.00532727
-0.00642305
-0.00620863
-0.00639494
-0.00639602
-0.00438150
-0.00165244
0.00062301
0.00286331
0.00392928
0.00500974
0.00619628
0.00660315
0.00620344
0.00607142
0.00577835
0.00452037
0.00308071
0.00180294
0.00047394
-0.00062235
-0.00173007
-0.00284010
-0.00331846
-0.00341365
-0.00368816
-0.00382352
-0.00352748
-0.00321289
-0.00294582
-0.00188515
0.00053669
0.00264204
0.00475246
0.00603069
0.00682877
0.00787252
0.00837201
0.00660914
0.00485622
0.00331715
0.00128999
-0.00092890
-0.00303782
-0.00514790
-0.00663712
-0.00794188
-0.00937651
-0.00989774
-0.00815910
-0.00681600
-0.00544495
-0.00211445
0.00221326
0.00603845
0.00997838
0.01229974
0.01260852
0.01082426
0.00796252
0.00551237
0.00264904
-0.00081592
-0.00416204
-0.00749270
-0.00970896
-0.01077553
-0.01225933
-0.01342171
-0.01311382
-0.01271692
-0.01250036
-0.01112639
-0.00799579
-0.00529592
-0.00253149
0.00012443
0.00249807
0.00496507
0.00726169
0.00834754
0.00930650
0.01043498
0.01106970
0.01111297
0.01132052
0.01148864
0.01153603
0.01159245
0.01165939
0.01162444
0.01112787
0.01062648
0.01017148
0.00976331
0.00951040
0.00922187
0.00890756
0.00825851
0.00750991
0.00682968
0.00624149
0.00603628
0.00577841
0.00551378
0.00566681
0.00615722
0.00651412
0.00701770
0.00828267
0.00961212
0.01084100
0.01195010
0.01262938
0.01338641
0.01409460
0.01300462
0.01080078
0.00910982
0.00703899
0.00420567
0.00145216
-0.00126078
-0.00345754
-0.00481215
-0.00640390
-0.00790635
-0.00891730
-0.00986914
-0.01089342
-0.01166564
-0.01193647
-0.01230308
-0.01262787
-0.01145655
-0.00937805
-0.00772108
-0.00588054
-0.00417744
-0.00257008
-0.00090912
0.00016211
0.00017082
0.00042561
0.00067056
0.00159452
0.00308478
0.00434017
0.00581055
0.00794508
0.01004670
0.01209577
0.01325323
0.01227279
0.00933172
0.00606513
0.00295662
-0.00004309
-0.00238618
-0.00483672
-0.00717674
-0.00649468
-0.00460587
-0.00344663
-0.00177364
0.00020297
0.00204179
0.00391871
0.00506929
0.00518972
0.00561696
0.00588813
0.00514654
0.00422662
0.00347382
0.00249649
0.00121614
-0.00001483
-0.00124037
-0.00220104
-0.00286341
-0.00363106
-0.00434298
-0.00487041
-0.00539815
-0.00594413
-0.00615650
-0.00579753
-0.00557126
-0.00534451
-0.00550800
-0.00589024
-0.00615930
-0.00661927
-0.00779578
-0.00896346
-0.01006471
-0.01063383
-0.01035105
-0.01030714
-0.01018929
-0.00977580
-0.00935516
-0.00896895
-0.00822474
-0.00661266
-0.00515107
-0.00369480
-0.00194551
-0.00005173
0.00177178
0.00340680
0.00326058
0.00288563
0.00277647
0.00227795
0.00140748
0.00064408
-0.00010653
0.00039755
0.00176163
0.00274405
0.00377538
0.00417255
0.00449390
0.00490928
0.00544688
0.00638251
0.00724489
0.00809647
0.00872083
0.00921335
0.00977242
0.00988234
0.00846968
0.00718016
0.00597465
0.00365424
0.00015452
-0.00296202
-0.00610697
-0.00828347
-0.01010332
-0.01214682
-0.01349993
-0.01334189
-0.01346924
-0.01355559
-0.01191644
-0.00934331
-0.00722662
-0.00491346
-0.00286703
-0.00093713
0.00106789
0.00205075
0.00120038
0.00077322
0.00032769
0.00061331
0.00138203
0.00191636
0.00255425
0.00316010
0.00372658
0.00431277
0.00440230
0.00383698
0.00346995
0.00295848
0.00131848
-0.00056131
-0.00224143
-0.00382655
-0.00471397
-0.00568424
-0.00665387
-0.00650009
-0.00569986
-0.00520886
-0.00451481
-0.00340279
-0.00229773
-0.00122809
0.00020597
0.00220496
0.00406807
0.00594566
0.00760488
0.00905486
0.01058834
0.01174495
0.01103679
0.01031835
0.00978544
0.00850403
0.00633141
0.00439916
0.00241068
0.00029392
-0.00178700
-0.00386518
-0.00542362
-0.00501923
-0.00475927
-0.00461769
-0.00424087
-0.00394001
-0.00365550
-0.00329384
-0.00254652
-0.00175213
-0.00101247
-0.00051374
-0.00082557
-0.00101248
-0.00117657
-0.00124872
-0.00116557
-0.00113384
-0.00111670
-0.00124796
-0.00139094
-0.00151532
-0.00174603
-0.00213493
-0.00248465
-0.00285550
-0.00359311
-0.00446893
-0.00525904
-0.00584709
-0.00550502
-0.00521816
-0.00498253
-0.00373384
-0.00166760
0.00007213
0.00193601
0.00377389
0.00553004
0.00732016
0.00867309
0.00844464
0.00833773
0.00831542
0.00744108
0.00600186
0.00480908
0.00353931
0.00248447
0.00150429
0.00047302
-0.00037753
-0.00094936
-0.00159150
-0.00218551
-0.00185542
-0.00116555
-0.00069523
-0.00007561
0.00063565
0.00131267
0.00199787
0.00254225
0.00287970
0.00327824
0.00364453
0.00356630
0.00332213
0.00318092
0.00286382
0.00213409
0.00145120
0.00078835
0.00037660
0.00026601
0.00005200
-0.00007422
0.00025290
0.00061227
0.00091367
0.00139956
0.00221497
0.00296526
0.00369477
0.00364038
0.00303867
0.00267725
0.00215669
0.00134177
0.00056537
-0.00019868
-0.00098569
-0.00173571
-0.00248934
-0.00322879
-0.00353033
-0.00365145
-0.00387999
-0.00401349
-0.00402805
-0.00406834
-0.00410691
-0.00394660
-0.00354637
-0.00321977
-0.00287579
-0.00255441
-0.00225946
-0.00195311
-0.00177912
-0.00195844
-0.00207757
-0.00219174
-0.00229972
-0.00234797
-0.00241177
-0.00237262
-0.00152183
-0.00057678
0.00025110
0.00126207
0.00239399
0.00347745
0.00455488
0.00482556
0.00455811
0.00453221
0.00424113
0.00310196
0.00199382
0.00095508
-0.00009797
-0.00099798
-0.00192500
-0.00280403
-0.00307437
-0.00319630
-0.00343319
-0.00339340
-0.00265596
-0.00198831
-0.00135681
-0.00103703
-0.00111935
-0.00106696
-0.00103441
-0.00077190
-0.00041508
-0.00011488
0.00000058
-0.00048069
-0.00087150
-0.00124782
-0.00162991
-0.00194528
-0.00227697
-0.00247249
-0.00158698
-0.00057486
0.00028061
0.00120727
0.00197324
0.00274713
0.00352460
0.00402728
0.00442774
0.00489320
0.00512976
0.00434764
0.00356214
0.00287599
0.00190015
0.00074483
-0.00033277
-0.00133891
-0.00114523
-0.00061984
-0.00033354
0.00004983
0.00016544
0.00026303
0.00039546
0.00032047
0.00008761
-0.00007909
-0.00024399
-0.00019170
-0.00009998
-0.00004516
0.00011309
0.00046959
0.00078716
0.00109222
0.00094532
0.00048185
0.00015724
-0.00030554
-0.00118701
-0.00204962
-0.00287917
-0.00357851
-0.00392195
-0.00433746
-0.00476818
-0.00561654
-0.00667320
-0.00761704
-0.00821782
-0.00734267
-0.00655873
-0.00587031
-0.00450272
-0.00252417
-0.00075858
0.00104481
0.00247750
0.00375810
0.00513040
0.00618918
0.00629693
0.00648916
0.00672968
0.00674646
0.00669717
0.00669374
0.00659815
0.00598529
0.00531771
0.00472180
0.00409166
0.00356891
0.00304098
0.00251000
0.00222848
0.00209660
0.00189432
0.00162156
0.00079327
-0.00005477
-0.00084040
-0.00186710
-0.00319317
-0.00443935
-0.00565818
-0.00581183
-0.00548935
-0.00543928
-0.00504625
-0.00395703
-0.00296234
-0.00198799
-0.00089198
0.00022611
0.00132531
0.00238147
0.00284027
0.00305740
0.00339660
0.00354333
0.00335153
0.00319836
0.00304840
0.00291695
0.00285366
0.00276382
0.00263669
0.00222940
0.00178536
0.00138596
0.00092748
0.00040955
-0.00008073
-0.00055713
-0.00080796
-0.00090629
-0.00106484
-0.00115328
-0.00104346
-0.00094483
-0.00086439
-0.00093856
-0.00133989
-0.00165312
-0.00195915
-0.00234930
-0.00272835
-0.00306692
-0.00337161
-0.00357055
-0.00375115
-0.00391506
-0.00391936
-0.00374503
-0.00361554
-0.00344076
-0.00297540
-0.00246510
-0.00202461
-0.00155144
-0.00105531
-0.00059741
-0.00016545
0.00024293
0.00055660
0.00051648
0.00047726
0.00047522
0.00039372
0.00027678
0.00019465
0.00012368
0.00023477
0.00041359
0.00053693
0.00063940
0.00061463
0.00059966
0.00060297
0.00075492
0.00103285
0.00121809
0.00139627
0.00166478
0.00189102
0.00203291
0.00212178
0.00212887
0.00209370
0.00201927
0.00180285
0.00149656
0.00124986
0.00100523
0.00074447
0.00052000
0.00033108
0.00015934
-0.00000005
-0.00012110
-0.00021293
-0.00028001
-0.00032416
-0.00035073
-0.00036240
-0.00036109
-0.00035165
-0.00033628
-0.00031748
-0.00029695
-0.00027357
-0.00024924
-0.00022486
-0.00020146
-0.00017982
-0.00015999
-0.00014204
-0.00012684
-0.00011404
-0.00010325
-0.00009438
-0.00008732
-0.00008171
-0.00007736
-0.00007409
-0.00007179
-0.00007038
-0.00006980
-0.00007002
-0.00007101
-0.00007275
-0.00007522
