0.00029546
0.00029311
0.00029080
0.00028805
0.00028516
0.00028181
0.00027837
0.00027480
0.00027190
0.00026950
0.00026822
0.00026759
0.00026865
0.00027079
0.00027403
0.00027762
0.00028075
0.00028341
0.00028521
0.00028592
0.00028485
0.00028184
0.00027708
0.00027221
0.00027047
0.00027214
0.00028351
0.00030072
0.00032252
0.00034242
0.00035357
0.00035044
0.00032857
0.00028749
0.00023481
0.00018583
0.00015070
0.00013491
0.00014255
0.00016594
0.00019769
0.00023174
0.00026865
0.00030362
0.00033268
0.00035221
0.00035748
0.00035473
0.00034881
0.00035230
0.00037147
0.00039836
0.00041604
0.00040610
0.00038352
0.00035898
0.00033474
0.00031230
0.00029072
0.00027340
0.00026825
0.00028399
0.00030826
0.00033258
0.00035490
0.00037399
0.00038986
0.00040031
0.00040025
0.00038278
0.00034093
0.00027468
0.00020404
0.00018310
0.00021196
0.00028604
0.00038526
0.00048365
0.00056671
0.00061208
0.00063068
0.00062170
0.00060455
0.00058857
0.00059819
0.00063819
0.00069264
0.00077112
0.00086062
0.00095379
0.00102383
0.00107757
0.00109705
0.00109399
0.00108366
0.00101636
0.00089918
0.00071459
0.00052047
0.00036756
0.00027330
0.00021218
0.00017123
0.00016748
0.00018604
0.00023490
0.00031165
0.00040696
0.00048826
0.00053630
0.00055338
0.00054803
0.00054120
0.00055542
0.00061554
0.00073572
0.00091179
0.00110384
0.00126336
0.00134294
0.00130932
0.00121778
0.00112406
0.00103732
0.00096946
0.00091061
0.00087059
0.00086425
0.00093407
0.00108208
0.00128722
0.00152396
0.00175589
0.00196638
0.00209453
0.00210228
0.00196990
0.00175080
0.00156250
0.00148952
0.00155814
0.00173618
0.00199386
0.00223401
0.00242473
0.00254526
0.00252629
0.00233788
0.00199947
0.00154120
0.00102019
0.00053901
0.00014319
-0.00015774
-0.00034460
-0.00045742
-0.00048023
-0.00039961
-0.00015086
0.00027614
0.00079010
0.00128851
0.00165962
0.00190722
0.00197206
0.00188195
0.00174897
0.00152221
0.00121578
0.00077042
0.00024544
-0.00030732
-0.00085958
-0.00134261
-0.00181544
-0.00220763
-0.00248966
-0.00268311
-0.00277597
-0.00274419
-0.00255117
-0.00227519
-0.00199262
-0.00176016
-0.00153246
-0.00121460
-0.00081016
-0.00035680
0.00008358
0.00048045
0.00083127
0.00111158
0.00136695
0.00158960
0.00187666
0.00221824
0.00263310
0.00309416
0.00352876
0.00385315
0.00395023
0.00389253
0.00372553
0.00362500
0.00367977
0.00383103
0.00403956
0.00416916
0.00420279
0.00406066
0.00378728
0.00346520
0.00308006
0.00268872
0.00232601
0.00203292
0.00186733
0.00181480
0.00189494
0.00208745
0.00237812
0.00267704
0.00287820
0.00289651
0.00264928
0.00220464
0.00164522
0.00103949
0.00032232
-0.00043312
-0.00106782
-0.00156001
-0.00186819
-0.00206684
-0.00214248
-0.00212629
-0.00203339
-0.00182608
-0.00157310
-0.00123582
-0.00090967
-0.00065534
-0.00057012
-0.00073000
-0.00111911
-0.00166281
-0.00222869
-0.00282917
-0.00345666
-0.00411495
-0.00476664
-0.00529203
-0.00567017
-0.00584030
-0.00576267
-0.00545763
-0.00496590
-0.00435237
-0.00353479
-0.00257023
-0.00152236
-0.00045662
0.00063608
0.00176378
0.00281128
0.00371496
0.00437732
0.00472834
0.00481377
0.00474685
0.00465388
0.00456701
0.00450428
0.00441677
0.00429326
0.00420005
0.00413811
0.00413687
0.00406332
0.00384339
0.00344292
0.00294817
0.00250034
0.00214622
0.00191702
0.00183045
0.00190225
0.00203810
0.00217628
0.00228627
0.00234146
0.00231035
0.00215778
0.00184516
0.00136970
0.00079080
0.00022523
-0.00034311
-0.00090699
-0.00147296
-0.00205337
-0.00265932
-0.00319745
-0.00363327
-0.00399426
-0.00429492
-0.00462688
-0.00498824
-0.00536417
-0.00570433
-0.00590278
-0.00592548
-0.00579865
-0.00556871
-0.00522625
-0.00480880
-0.00434190
-0.00382121
-0.00322080
-0.00261167
-0.00208674
-0.00157734
-0.00114094
-0.00077464
-0.00043446
-0.00013735
0.00004009
-0.00001521
-0.00023667
-0.00058580
-0.00097355
-0.00130764
-0.00152770
-0.00155800
-0.00142712
-0.00115184
-0.00084127
-0.00059939
-0.00048372
-0.00044690
-0.00046105
-0.00053312
-0.00058173
-0.00058854
-0.00060279
-0.00068621
-0.00080993
-0.00095434
-0.00112289
-0.00129350
-0.00142413
-0.00145292
-0.00140243
-0.00125359
-0.00093983
-0.00039602
0.00039769
0.00136181
0.00239321
0.00341964
0.00440664
0.00527572
0.00591599
0.00618690
0.00610409
0.00577402
0.00522445
0.00453185
0.00373918
0.00289821
0.00205039
0.00127987
0.00062951
0.00015628
-0.00009773
-0.00015783
-0.00000029
0.00031419
0.00071120
0.00116262
0.00165394
0.00211390
0.00249797
0.00280034
0.00300969
0.00316143
0.00322733
0.00316601
0.00287674
0.00239753
0.00185398
0.00132820
0.00089693
0.00054200
0.00023339
-0.00003866
-0.00020876
-0.00025087
-0.00023092
-0.00023443
-0.00034045
-0.00052476
-0.00077688
-0.00105742
-0.00136110
-0.00170445
-0.00207019
-0.00237534
-0.00261513
-0.00279745
-0.00293953
-0.00311178
-0.00331582
-0.00356660
-0.00383969
-0.00406902
-0.00420998
-0.00430742
-0.00444790
-0.00465319
-0.00495093
-0.00531931
-0.00575652
-0.00620415
-0.00653176
-0.00667245
-0.00658166
-0.00624488
-0.00568701
-0.00501499
-0.00426987
-0.00345394
-0.00260287
-0.00180154
-0.00109345
-0.00043002
0.00022911
0.00091835
0.00164848
0.00240227
0.00312528
0.00372592
0.00408622
0.00410647
0.00377403
0.00316499
0.00248037
0.00189025
0.00152502
0.00141524
0.00146444
0.00156242
0.00160965
0.00165597
0.00168713
0.00163752
0.00148047
0.00120040
0.00085490
0.00057022
0.00046065
0.00056595
0.00100642
0.00170892
0.00253229
0.00331440
0.00401019
0.00460069
0.00504253
0.00527598
0.00514566
0.00467466
0.00391174
0.00287829
0.00158825
0.00010487
-0.00139746
-0.00280284
-0.00395030
-0.00474458
-0.00512632
-0.00522166
-0.00512734
-0.00487506
-0.00452380
-0.00413631
-0.00373226
-0.00327172
-0.00274623
-0.00210020
-0.00140202
-0.00071411
-0.00005841
0.00047793
0.00095091
0.00132160
0.00154803
0.00168422
0.00179200
0.00195807
0.00223061
0.00261643
0.00302562
0.00350813
0.00403742
0.00464488
0.00527680
0.00579477
0.00616784
0.00622124
0.00594847
0.00538337
0.00459152
0.00361830
0.00252801
0.00140745
0.00029012
-0.00069892
-0.00152864
-0.00218836
-0.00255218
-0.00266136
-0.00253601
-0.00227774
-0.00196533
-0.00174544
-0.00163275
-0.00156289
-0.00154038
-0.00139954
-0.00121407
-0.00099135
-0.00079120
-0.00065463
-0.00054967
-0.00044411
-0.00028728
-0.00020469
-0.00020110
-0.00026556
-0.00045374
-0.00078989
-0.00128914
-0.00186214
-0.00261462
-0.00345108
-0.00426087
-0.00492513
-0.00532734
-0.00551771
-0.00561581
-0.00574687
-0.00588547
-0.00596261
-0.00587908
-0.00550710
-0.00475714
-0.00364355
-0.00233020
-0.00097701
0.00021086
0.00108924
0.00157269
0.00172838
0.00164033
0.00133965
0.00093844
0.00043084
-0.00005800
-0.00041204
-0.00047696
-0.00019895
0.00042492
0.00138533
0.00258160
0.00398383
0.00544037
0.00690353
0.00832492
0.00958304
0.01053196
0.01101199
0.01092517
0.01023558
0.00906616
0.00753244
0.00580152
0.00411123
0.00263495
0.00157293
0.00094684
0.00068611
0.00062353
0.00060571
0.00051825
0.00024002
-0.00026318
-0.00095033
-0.00168147
-0.00235549
-0.00291571
-0.00337082
-0.00374159
-0.00404548
-0.00429402
-0.00446999
-0.00457270
-0.00453482
-0.00439002
-0.00418736
-0.00388984
-0.00349862
-0.00294897
-0.00219880
-0.00123547
-0.00009034
0.00119135
0.00252420
0.00375595
0.00474372
0.00536402
0.00560865
0.00553555
0.00521370
0.00473803
0.00423331
0.00378000
0.00337535
0.00306419
0.00279456
0.00245102
0.00193456
0.00121619
0.00032856
-0.00062924
-0.00157909
-0.00242535
-0.00306004
-0.00344100
-0.00351040
-0.00325664
-0.00269089
-0.00189758
-0.00098325
-0.00000980
0.00098435
0.00194966
0.00279528
0.00345578
0.00386510
0.00408418
0.00420363
0.00433386
0.00453920
0.00483262
0.00521529
0.00564348
0.00607850
0.00642913
0.00661900
0.00653523
0.00613839
0.00544828
0.00453425
0.00349066
0.00237592
0.00124620
0.00010314
-0.00103136
-0.00216443
-0.00324802
-0.00432120
-0.00541498
-0.00658723
-0.00791141
-0.00937772
-0.01093428
-0.01244578
-0.01396065
-0.01539216
-0.01661137
-0.01747745
-0.01791137
-0.01806746
-0.01799898
-0.01781441
-0.01751583
-0.01715023
-0.01673634
-0.01628402
-0.01584266
-0.01543333
-0.01516049
-0.01493844
-0.01473231
-0.01442750
-0.01401732
-0.01352032
-0.01288969
-0.01213592
-0.01124216
-0.01035815
-0.00956044
-0.00890450
-0.00836041
-0.00787563
-0.00744350
-0.00704839
-0.00678030
-0.00656078
-0.00638716
-0.00613246
-0.00585053
-0.00557759
-0.00541092
-0.00547087
-0.00577974
-0.00632881
-0.00697305
-0.00774036
-0.00845016
-0.00905695
-0.00953523
-0.00968330
-0.00951504
-0.00905499
-0.00850244
-0.00783152
-0.00708876
-0.00641426
-0.00585390
-0.00535934
-0.00495161
-0.00470537
-0.00455854
-0.00457336
-0.00476281
-0.00523617
-0.00603486
-0.00717370
-0.00859478
-0.01029463
-0.01222929
-0.01420255
-0.01619711
-0.01813736
-0.02010878
-0.02203053
-0.02379811
-0.02537090
-0.02661954
-0.02772370
-0.02868989
-0.02962361
-0.03056046
-0.03138184
-0.03215413
-0.03284004
-0.03352409
-0.03422470
-0.03504060
-0.03600110
-0.03701447
-0.03803918
-0.03904440
-0.04013413
-0.04121273
-0.04233060
-0.04343613
-0.04448414
-0.04540609
-0.04606789
-0.04641855
-0.04638258
-0.04601792
-0.04521304
-0.04385888
-0.04204466
-0.03984473
-0.03738467
-0.03475909
-0.03212122
-0.02936152
-0.02636365
-0.02299561
-0.01922245
-0.01516951
-0.01082633
-0.00642944
-0.00214637
0.00179957
0.00523198
0.00799691
0.00999841
0.01128327
0.01192775
0.01207263
0.01182878
0.01139836
0.01100191
0.01085455
0.01119820
0.01215611
0.01373849
0.01578476
0.01813955
0.02071837
0.02334495
0.02590685
0.02827503
0.03041425
0.03222676
0.03364440
0.03457856
0.03496407
0.03490534
0.03437496
0.03338696
0.03193434
0.02998409
0.02759868
0.02471292
0.02146845
0.01798201
0.01435177
0.01060180
0.00677920
0.00306986
-0.00032018
-0.00319414
-0.00551649
-0.00717774
-0.00810437
-0.00833571
-0.00780911
-0.00656412
-0.00468444
-0.00231419
0.00042935
0.00348718
0.00672486
0.01008180
0.01336881
0.01643935
0.01909777
0.02127346
0.02289931
0.02398897
0.02460807
0.02479138
0.02455193
0.02382422
0.02266634
0.02100853
0.01892091
0.01657359
0.01403648
0.01129901
0.00834262
0.00536799
0.00256913
0.00019095
-0.00157421
-0.00260356
-0.00280741
-0.00220659
-0.00083496
0.00111840
0.00345306
0.00604445
0.00867367
0.01119928
0.01346410
0.01542673
0.01700205
0.01818366
0.01887285
0.01903921
0.01871009
0.01785825
0.01651091
0.01470583
0.01264618
0.01053329
0.00865136
0.00724581
0.00641335
0.00625839
0.00669992
0.00767194
0.00904783
0.01071133
0.01252463
0.01433449
0.01601878
0.01740872
0.01842655
0.01899766
0.01919556
0.01913550
0.01898373
0.01888798
0.01888524
0.01895135
0.01898375
0.01897208
0.01890657
0.01886400
0.01891807
0.01905471
0.01916897
0.01904974
0.01852091
0.01742471
0.01565762
0.01323465
0.01032023
0.00711759
0.00378563
0.00052195
-0.00254962
-0.00521273
-0.00735666
-0.00883551
-0.00959512
-0.00967023
-0.00918448
-0.00828015
-0.00708862
-0.00573846
-0.00430057
-0.00291847
-0.00170669
-0.00067617
0.00029477
0.00136391
0.00268760
0.00447561
0.00676332
0.00966938
0.01313800
0.01716450
0.02164015
0.02640960
0.03133967
0.03615477
0.04059671
0.04449371
0.04778126
0.05033334
0.05209546
0.05295791
0.05301717
0.05237064
0.05099798
0.04877646
0.04557149
0.04133391
0.03595615
0.02956892
0.02221367
0.01427450
0.00611639
-0.00177924
-0.00907193
-0.01547769
-0.02077748
-0.02488048
-0.02783818
-0.02988351
-0.03115821
-0.03177441
-0.03169249
-0.03094436
-0.02961172
-0.02770428
-0.02534168
-0.02260645
-0.01952300
-0.01605088
-0.01216598
-0.00793530
-0.00351882
0.00089696
0.00526256
0.00945764
0.01337072
0.01666715
0.01909333
0.02048995
0.02078672
0.01995715
0.01819366
0.01574576
0.01287365
0.00983288
0.00684802
0.00416085
0.00205463
0.00077262
0.00039395
0.00099313
0.00258110
0.00504800
0.00822077
0.01187601
0.01572417
0.01944094
0.02280095
0.02570445
0.02819372
0.03029111
0.03204775
0.03352926
0.03484786
0.03615595
0.03762253
0.03936750
0.04138598
0.04360864
0.04597494
0.04853651
0.05134595
0.05434409
0.05742688
0.06051750
0.06354268
0.06645146
0.06923958
0.07187933
0.07435514
0.07664536
0.07878166
0.08075099
0.08251320
0.08409190
0.08548506
0.08668173
0.08763473
0.08831562
0.08875191
0.08900619
0.08905209
0.08885532
0.08837297
0.08759219
0.08653469
0.08525267
0.08370436
0.08177564
0.07956741
0.07721947
0.07487205
0.07254499
0.07023998
0.06788021
0.06532187
0.06254897
0.05957861
0.05647241
0.05319395
0.04970788
0.04601563
0.04222616
0.03840555
0.03463872
0.03106438
0.02772604
0.02455605
0.02137452
0.01811525
0.01475423
0.01132760
0.00798551
0.00483655
0.00192077
-0.00077939
-0.00329092
-0.00566264
-0.00791072
-0.01003169
-0.01196728
-0.01360503
-0.01499792
-0.01630268
-0.01772042
-0.01936036
-0.02130479
-0.02360248
-0.02630324
-0.02957768
-0.03365077
-0.03872421
-0.04486054
-0.05207087
-0.06022380
-0.06899328
-0.07802476
-0.08692534
-0.09530815
-0.10285310
-0.10942750
-0.11508020
-0.11997460
-0.12432380
-0.12824560
-0.13181880
-0.13507400
-0.13799430
-0.14046810
-0.14251070
-0.14417200
-0.14549410
-0.14662400
-0.14760500
-0.14851520
-0.14927460
-0.14970260
-0.14968440
-0.14915940
-0.14814650
-0.14673700
-0.14520460
-0.14366570
-0.14214930
-0.14072820
-0.13935110
-0.13795860
-0.13638170
-0.13439250
-0.13179720
-0.12849300
-0.12459520
-0.12012200
-0.11518460
-0.10990830
-0.10443700
-0.09901778
-0.09391777
-0.08936467
-0.08528579
-0.08154642
-0.07797311
-0.07448901
-0.07096709
-0.06729800
-0.06346642
-0.05952754
-0.05555189
-0.05155681
-0.04758261
-0.04351819
-0.03928023
-0.03488216
-0.03034776
-0.02575927
-0.02136629
-0.01738504
-0.01380796
-0.01072124
-0.00813611
-0.00595829
-0.00416283
-0.00273765
-0.00146355
-0.00005453
0.00149002
0.00333867
0.00570757
0.00860596
0.01207419
0.01610386
0.02057595
0.02522681
0.02998189
0.03472817
0.03945719
0.04424301
0.04908092
0.05390766
0.05869426
0.06332487
0.06766490
0.07177682
0.07562313
0.07917425
0.08236379
0.08516756
0.08747199
0.08941622
0.09101422
0.09214615
0.09287298
0.09315112
0.09298205
0.09224158
0.09096657
0.08914705
0.08677427
0.08396974
0.08050945
0.07639285
0.07158097
0.06616073
0.06018636
0.05388822
0.04736969
0.04062197
0.03404512
0.02761294
0.02165071
0.01620275
0.01121678
0.00673676
0.00268357
-0.00099955
-0.00454813
-0.00792832
-0.01116303
-0.01436370
-0.01740701
-0.02028403
-0.02291783
-0.02529378
-0.02737708
-0.02925885
-0.03097822
-0.03251987
-0.03387057
-0.03493999
-0.03579550
-0.03651824
-0.03725001
-0.03795118
-0.03859286
-0.03916144
-0.03967848
-0.04034239
-0.04108739
-0.04179124
-0.04227221
-0.04248017
-0.04239124
-0.04188330
-0.04100543
-0.03966280
-0.03788376
-0.03556029
-0.03274158
-0.02940941
-0.02550606
-0.02117363
-0.01646038
-0.01157672
-0.00661479
-0.00176448
0.00286549
0.00710486
0.01089511
0.01425796
0.01720273
0.01992841
0.02237284
0.02471082
0.02679825
0.02873134
0.03049766
0.03197273
0.03314668
0.03391412
0.03426838
0.03408945
0.03338027
0.03205821
0.03010527
0.02739169
0.02394916
0.01969060
0.01478656
0.00944713
0.00373279
-0.00221813
-0.00820982
-0.01408097
-0.01982703
-0.02525483
-0.03036731
-0.03516891
-0.03953544
-0.04345953
-0.04675609
-0.04935301
-0.05106238
-0.05210175
-0.05248012
-0.05221544
-0.05144854
-0.05017096
-0.04825863
-0.04575197
-0.04271521
-0.03912857
-0.03518573
-0.03102049
-0.02682414
-0.02270746
-0.01880838
-0.01518640
-0.01173356
-0.00851285
-0.00566236
-0.00327438
-0.00136353
0.00002620
0.00108888
0.00194355
0.00259355
0.00305874
0.00340970
0.00361849
0.00377496
0.00398945
0.00425325
0.00466278
0.00515737
0.00566416
0.00606521
0.00645683
0.00683164
0.00725794
0.00778435
0.00840781
0.00912737
0.00993498
0.01096941
0.01219021
0.01358972
0.01506588
0.01657202
0.01814477
0.01985277
0.02177237
0.02391426
0.02613982
0.02825461
0.03025142
0.03210430
0.03377782
0.03525980
0.03643440
0.03729661
0.03764329
0.03745052
0.03662067
0.03508462
0.03288633
0.03011283
0.02705941
0.02386005
0.02064991
0.01750750
0.01459345
0.01196663
0.00964871
0.00788101
0.00664705
0.00604239
0.00597667
0.00646450
0.00744823
0.00890732
0.01089018
0.01335238
0.01634693
0.01980875
0.02371271
0.02797475
0.03262446
0.03762485
0.04290545
0.04829153
0.05349386
0.05835109
0.06271824
0.06638933
0.06926817
0.07143543
0.07281991
0.07339845
0.07328274
0.07256822
0.07140317
0.06971658
0.06753603
0.06477358
0.06159874
0.05824384
0.05473348
0.05111260
0.04736339
0.04353355
0.03971969
0.03616938
0.03298948
0.03021135
0.02790150
0.02600771
0.02452168
0.02334834
0.02232797
0.02134246
0.02036040
0.01947790
0.01866901
0.01796107
0.01730458
0.01669703
0.01608291
0.01544084
0.01481768
0.01419490
0.01354548
0.01278502
0.01193967
0.01105249
0.01015248
0.00928984
0.00842403
0.00765396
0.00696549
0.00643189
0.00603631
0.00568507
0.00538218
0.00510529
0.00495158
0.00495106
0.00509589
0.00540490
0.00586210
0.00641144
0.00689526
0.00726780
0.00750461
0.00762552
0.00759578
0.00735785
0.00679620
0.00582808
0.00445982
0.00257745
0.00021895
-0.00252935
-0.00552879
-0.00864724
-0.01183100
-0.01502524
-0.01826086
-0.02148288
-0.02468139
-0.02781030
-0.03077364
-0.03347337
-0.03576768
-0.03764801
-0.03908055
-0.04015995
-0.04095752
-0.04153473
-0.04198203
-0.04228891
-0.04258167
-0.04289394
-0.04327541
-0.04374612
-0.04427093
-0.04478958
-0.04512104
-0.04520725
-0.04490704
-0.04414688
-0.04285642
-0.04104488
-0.03870539
-0.03583786
-0.03257889
-0.02899915
-0.02531026
-0.02157852
-0.01797132
-0.01458466
-0.01148945
-0.00865331
-0.00598173
-0.00356497
-0.00141399
0.00041366
0.00191337
0.00309175
0.00397656
0.00461519
0.00502399
0.00522525
0.00514135
0.00476564
0.00406198
0.00313323
0.00195392
0.00062033
-0.00077364
-0.00215252
-0.00348770
-0.00474927
-0.00583012
-0.00659986
-0.00694689
-0.00688191
-0.00643017
-0.00570985
-0.00492755
-0.00422244
-0.00373855
-0.00354938
-0.00380610
-0.00452072
-0.00580644
-0.00767034
-0.01007604
-0.01279293
-0.01561784
-0.01849919
-0.02124946
-0.02371265
-0.02576768
-0.02740550
-0.02852660
-0.02914448
-0.02923547
-0.02884859
-0.02796124
-0.02652669
-0.02457637
-0.02216339
-0.01924198
-0.01579653
-0.01203573
-0.00800759
-0.00377434
0.00066132
0.00512540
0.00952645
0.01373766
0.01769743
0.02142131
0.02491791
0.02815997
0.03119496
0.03408305
0.03676337
0.03922162
0.04139327
0.04330974
0.04497080
0.04633069
0.04735047
0.04797634
0.04822505
0.04800793
0.04733725
0.04620330
0.04466512
0.04270782
0.04037407
0.03774268
0.03474964
0.03139613
0.02765871
0.02357195
0.01922503
0.01476809
0.01029480
0.00595527
0.00190201
-0.00176607
-0.00500399
-0.00789226
-0.01047250
-0.01279754
-0.01488117
-0.01679801
-0.01847813
-0.01989627
-0.02112928
-0.02220430
-0.02322789
-0.02418262
-0.02501177
-0.02565123
-0.02613247
-0.02633659
-0.02627008
-0.02591828
-0.02535995
-0.02455869
-0.02349394
-0.02220915
-0.02068593
-0.01891045
-0.01685030
-0.01456828
-0.01212579
-0.00969261
-0.00734248
-0.00513314
-0.00309473
-0.00127994
0.00026410
0.00150133
0.00234790
0.00274325
0.00269219
0.00228184
0.00148394
0.00039008
-0.00100200
-0.00254405
-0.00417619
-0.00586455
-0.00759828
-0.00931123
-0.01088831
-0.01239487
-0.01380237
-0.01517976
-0.01650301
-0.01779198
-0.01898142
-0.02005128
-0.02094660
-0.02157513
-0.02191813
-0.02194825
-0.02175864
-0.02141299
-0.02091303
-0.02029187
-0.01962697
-0.01898725
-0.01829727
-0.01761405
-0.01689731
-0.01620192
-0.01550058
-0.01482685
-0.01413653
-0.01326912
-0.01216987
-0.01076670
-0.00916575
-0.00731754
-0.00533814
-0.00331064
-0.00138907
0.00035833
0.00202205
0.00367203
0.00540487
0.00720255
0.00911142
0.01098398
0.01276337
0.01430770
0.01562996
0.01664436
0.01739705
0.01791800
0.01814639
0.01815961
0.01790834
0.01742526
0.01670866
0.01592177
0.01518892
0.01460723
0.01421935
0.01401418
0.01403319
0.01433942
0.01488862
0.01559494
0.01649071
0.01743605
0.01834414
0.01910258
0.01976657
0.02035097
0.02081985
0.02108960
0.02105713
0.02068473
0.01998232
0.01908751
0.01806404
0.01703142
0.01608948
0.01530373
0.01473124
0.01429722
0.01400007
0.01373660
0.01352114
0.01337674
0.01335520
0.01350752
0.01389741
0.01452686
0.01532744
0.01630196
0.01743362
0.01872062
0.02018952
0.02189860
0.02390421
0.02619669
0.02872583
0.03134432
0.03392057
0.03631493
0.03847744
0.04045387
0.04235062
0.04420326
0.04592545
0.04748351
0.04885487
0.05005862
0.05100967
0.05177622
0.05245395
0.05311969
0.05379649
0.05447422
0.05508870
0.05556167
0.05591986
0.05614974
0.05622751
0.05616613
0.05596679
0.05564454
0.05510213
0.05439830
0.05353586
0.05250872
0.05125640
0.04978118
0.04816315
0.04644423
0.04471650
0.04296454
0.04123013
0.03942514
0.03755931
0.03565174
0.03378800
0.03200685
0.03022852
0.02848637
0.02686309
0.02547670
0.02436097
0.02352362
0.02296691
0.02259458
0.02238278
0.02221935
0.02208823
0.02196935
0.02182279
0.02171081
0.02161422
0.02155627
0.02150044
0.02143584
0.02130606
0.02109140
0.02076439
0.02024710
0.01948721
0.01850132
0.01735566
0.01596474
0.01429190
0.01233308
0.01020900
0.00805800
0.00596841
0.00397993
0.00206688
0.00025853
-0.00157577
-0.00347248
-0.00546192
-0.00749455
-0.00954442
-0.01166829
-0.01387192
-0.01618277
-0.01855704
-0.02102796
-0.02354539
-0.02604118
-0.02841090
-0.03061460
-0.03268489
-0.03470013
-0.03676673
-0.03886810
-0.04093674
-0.04280875
-0.04442866
-0.04577655
-0.04691249
-0.04792534
-0.04886815
-0.04982022
-0.05077415
-0.05178948
-0.05283444
-0.05397011
-0.05514552
-0.05628619
-0.05738114
-0.05837919
-0.05931201
-0.06013721
-0.06093275
-0.06158468
-0.06212527
-0.06259838
-0.06308572
-0.06352831
-0.06377383
-0.06372013
-0.06336086
-0.06278627
-0.06198484
-0.06105519
-0.06004485
-0.05910429
-0.05827021
-0.05754410
-0.05684168
-0.05620134
-0.05565559
-0.05520248
-0.05489853
-0.05460957
-0.05444348
-0.05429432
-0.05428352
-0.05440569
-0.05467257
-0.05511380
-0.05571751
-0.05638205
-0.05701891
-0.05765031
-0.05818578
-0.05865022
-0.05902097
-0.05941530
-0.05980938
-0.06033105
-0.06088881
-0.06154618
-0.06223282
-0.06302376
-0.06388093
-0.06471456
-0.06547650
-0.06621903
-0.06701095
-0.06782086
-0.06873043
-0.06955222
-0.07028704
-0.07088228
-0.07144306
-0.07189017
-0.07228207
-0.07257086
-0.07271838
-0.07268964
-0.07243228
-0.07204809
-0.07151269
-0.07086346
-0.06991207
-0.06864983
-0.06704112
-0.06511877
-0.06276347
-0.05989394
-0.05644965
-0.05243513
-0.04795017
-0.04310641
-0.03809363
-0.03307177
-0.02821915
-0.02357551
-0.01921118
-0.01518054
-0.01148474
-0.00803306
-0.00480336
-0.00175999
0.00106434
0.00359083
0.00580055
0.00769432
0.00937680
0.01086273
0.01226043
0.01353934
0.01470792
0.01568290
0.01647106
0.01706477
0.01751149
0.01781933
0.01795883
0.01793864
0.01782231
0.01766175
0.01744507
0.01717323
0.01684501
0.01650054
0.01613122
0.01580321
0.01547244
0.01513650
0.01488606
0.01476914
0.01482612
0.01508882
0.01556764
0.01627488
0.01720556
0.01827447
0.01941873
0.02061167
0.02185126
0.02311952
0.02445124
0.02582289
0.02721308
0.02858364
0.02986964
0.03109012
0.03221256
0.03320460
0.03404276
0.03472224
0.03521052
0.03554933
0.03582016
0.03606065
0.03625524
0.03641265
0.03657795
0.03668656
0.03673412
0.03671455
0.03666573
0.03662855
0.03668253
0.03683765
0.03708041
0.03740261
0.03779732
0.03829054
0.03888459
0.03957458
0.04020458
0.04065483
0.04091435
0.04100881
0.04097535
0.04082478
0.04048194
0.03983301
0.03886999
0.03757776
0.03592229
0.03390010
0.03158783
0.02904590
0.02631676
0.02342188
0.02044267
0.01743541
0.01448276
0.01169339
0.00913258
0.00681625
0.00468665
0.00266511
0.00067483
-0.00124808
-0.00308307
-0.00481439
-0.00640122
-0.00781865
-0.00904300
-0.01004583
-0.01082260
-0.01143426
-0.01188993
-0.01217709
-0.01228087
-0.01216048
-0.01184301
-0.01133419
-0.01069267
-0.00997468
-0.00924957
-0.00856101
-0.00794818
-0.00742400
-0.00698326
-0.00665732
-0.00638857
-0.00610747
-0.00575758
-0.00535462
-0.00491549
-0.00443967
-0.00394786
-0.00344413
-0.00288794
-0.00218373
-0.00136599
-0.00046645
0.00052478
0.00164444
0.00289921
0.00423041
0.00562402
0.00710641
0.00873965
0.01048943
0.01231764
0.01419394
0.01614502
0.01814664
0.02008090
0.02183569
0.02333477
0.02458435
0.02555983
0.02624438
0.02665463
0.02684386
0.02682704
0.02657290
0.02600577
0.02507085
0.02381557
0.02232478
0.02071357
0.01902807
0.01729636
0.01555256
0.01390673
0.01246247
0.01127644
0.01034683
0.00969690
0.00938662
0.00942643
0.00982236
0.01055409
0.01161522
0.01298212
0.01466546
0.01658574
0.01857092
0.02047134
0.02219601
0.02374252
0.02514187
0.02643727
0.02766200
0.02883960
0.02989706
0.03081942
0.03165893
0.03244995
0.03316219
0.03372772
0.03414978
0.03446607
0.03469631
0.03480022
0.03478065
0.03459678
0.03424001
0.03370875
0.03297520
0.03209631
0.03113282
0.03010040
0.02891107
0.02760902
0.02618271
0.02470664
0.02322167
0.02172342
0.02027830
0.01885447
0.01745823
0.01605179
0.01464996
0.01325267
0.01191180
0.01068006
0.00964274
0.00884221
0.00826183
0.00797343
0.00791163
0.00809888
0.00849626
0.00911166
0.00994889
0.01095763
0.01215328
0.01348581
0.01485562
0.01623471
0.01772567
0.01926575
0.02078889
0.02219153
0.02350421
0.02476705
0.02599569
0.02717109
0.02814812
0.02889710
0.02942610
0.02972247
0.02966730
0.02929201
0.02860428
0.02766697
0.02648915
0.02503608
0.02329079
0.02137200
0.01938562
0.01736333
0.01536626
0.01340180
0.01147672
0.00955816
0.00771411
0.00599549
0.00435914
0.00288836
0.00162521
0.00057289
-0.00033273
-0.00109510
-0.00185484
-0.00265482
-0.00359062
-0.00463804
-0.00575638
-0.00689320
-0.00807461
-0.00938428
-0.01070149
-0.01195548
-0.01309855
-0.01416920
-0.01512504
-0.01604197
-0.01684648
-0.01763843
-0.01836329
-0.01890887
-0.01920237
-0.01917393
-0.01887957
-0.01838489
-0.01788837
-0.01735555
-0.01692187
-0.01648290
-0.01602057
-0.01545420
-0.01490943
-0.01443548
-0.01404763
-0.01378446
-0.01359185
-0.01349097
-0.01349675
-0.01370490
-0.01405326
-0.01449397
-0.01493664
-0.01538525
-0.01573413
-0.01602629
-0.01630525
-0.01665001
-0.01705342
-0.01745118
-0.01793341
-0.01847163
-0.01905205
-0.01968309
-0.02050368
-0.02151862
-0.02270223
-0.02400030
-0.02539232
-0.02686934
-0.02846873
-0.03018681
-0.03191377
-0.03358932
-0.03516869
-0.03671106
-0.03823934
-0.03980114
-0.04135785
-0.04285624
-0.04425593
-0.04549216
-0.04651764
-0.04730148
-0.04787346
-0.04824601
-0.04845997
-0.04850219
-0.04855466
-0.04869101
-0.04895698
-0.04926125
-0.04949767
-0.04965494
-0.04969309
-0.04962655
-0.04947462
-0.04936174
-0.04918572
-0.04896848
-0.04872567
-0.04858374
-0.04854575
-0.04858789
-0.04859283
-0.04849215
-0.04834684
-0.04805171
-0.04762641
-0.04702824
-0.04636021
-0.04560099
-0.04470219
-0.04356075
-0.04223716
-0.04078507
-0.03924048
-0.03761668
-0.03593105
-0.03419717
-0.03238089
-0.03049592
-0.02851321
-0.02653590
-0.02462242
-0.02289732
-0.02138944
-0.02011036
-0.01903375
-0.01815142
-0.01746828
-0.01682816
-0.01614928
-0.01540871
-0.01474898
-0.01419611
-0.01373877
-0.01325827
-0.01271300
-0.01207213
-0.01134393
-0.01050008
-0.00945941
-0.00823345
-0.00676228
-0.00514805
-0.00341567
-0.00161690
0.00018963
0.00187212
0.00340252
0.00485096
0.00620622
0.00749257
0.00866058
0.00968751
0.01053994
0.01126384
0.01186024
0.01237645
0.01283369
0.01330325
0.01384272
0.01445298
0.01510875
0.01567444
0.01615141
0.01651621
0.01687658
0.01722018
0.01759414
0.01796181
0.01825111
0.01854862
0.01886519
0.01924811
0.01961807
0.01998652
0.02034500
0.02067918
0.02104190
0.02140611
0.02186107
0.02235006
0.02294798
0.02351144
0.02401863
0.02448440
0.02491470
0.02536657
0.02578323
0.02617223
0.02636115
0.02630267
0.02595019
0.02537261
0.02454927
0.02350066
0.02233557
0.02110320
0.01984831
0.01852339
0.01720010
0.01588638
0.01468076
0.01361218
0.01273054
0.01210260
0.01170841
0.01152851
0.01143343
0.01135443
0.01120482
0.01098493
0.01074100
0.01047357
0.01023699
0.00991754
0.00948960
0.00888069
0.00819352
0.00732799
0.00631466
0.00521607
0.00411292
0.00301619
0.00188313
0.00085006
-0.00003065
-0.00066649
-0.00115268
-0.00157121
-0.00200972
-0.00256406
-0.00320177
-0.00389708
-0.00454145
-0.00505902
-0.00536255
-0.00561001
-0.00588453
-0.00620447
-0.00656915
-0.00684182
-0.00694790
-0.00683661
-0.00650046
-0.00597657
-0.00538701
-0.00466145
-0.00371185
-0.00249057
-0.00103500
0.00059672
0.00240777
0.00438397
0.00658896
0.00897519
0.01148251
0.01402139
0.01644216
0.01861711
0.02048550
0.02214568
0.02368919
0.02520994
0.02669785
0.02807595
0.02927692
0.03022588
0.03092077
0.03145054
0.03184925
0.03206669
0.03214325
0.03206062
0.03185636
0.03153579
0.03118262
0.03078047
0.03028654
0.02963844
0.02888053
0.02807140
0.02724156
0.02640290
0.02555872
0.02472282
0.02381946
0.02278825
0.02156473
0.02018690
0.01869751
0.01720563
0.01569517
0.01417305
0.01270321
0.01128012
0.00990741
0.00854692
0.00717730
0.00576397
0.00446331
0.00327594
0.00231728
0.00152110
0.00081218
0.00017484
-0.00037078
-0.00075607
-0.00105323
-0.00122264
-0.00126181
-0.00120272
-0.00109386
-0.00100849
-0.00103931
-0.00113724
-0.00125131
-0.00137107
-0.00148843
-0.00162414
-0.00177675
-0.00193252
-0.00202486
-0.00209603
-0.00213262
-0.00218701
-0.00225365
-0.00236616
-0.00248883
-0.00259413
-0.00273527
-0.00294912
-0.00315134
-0.00320550
-0.00316554
-0.00305769
-0.00305784
-0.00317981
-0.00352120
-0.00400810
-0.00455695
-0.00518082
-0.00579836
-0.00642646
-0.00703581
-0.00768711
-0.00826787
-0.00890092
-0.00960917
-0.01043753
-0.01132370
-0.01219567
-0.01302004
-0.01374337
-0.01445905
-0.01508072
-0.01560620
-0.01589966
-0.01593261
-0.01567669
-0.01517453
-0.01450778
-0.01375059
-0.01295935
-0.01216329
-0.01137749
-0.01045683
-0.00944056
-0.00832536
-0.00718221
-0.00597422
-0.00479874
-0.00360648
-0.00240844
-0.00120849
-0.00001954
0.00119085
0.00247068
0.00378445
0.00512359
0.00642703
0.00767526
0.00884037
0.00995256
0.01092624
0.01178170
0.01254008
0.01322078
0.01380248
0.01426173
0.01456620
0.01474631
0.01491389
0.01520034
0.01560124
0.01600554
0.01635589
0.01662694
0.01692587
0.01723404
0.01751232
0.01765521
0.01751678
0.01702055
0.01627348
0.01533392
0.01422397
0.01304231
0.01183767
0.01076551
0.00979402
0.00886840
0.00795899
0.00712922
0.00639077
0.00570613
0.00498598
0.00424360
0.00350304
0.00276997
0.00214426
0.00161290
0.00117771
0.00084696
0.00061647
0.00041454
0.00019614
-0.00006736
-0.00032330
-0.00045091
-0.00048577
-0.00047151
-0.00056112
-0.00076911
-0.00111340
-0.00156742
-0.00207273
-0.00257760
-0.00307380
-0.00360091
-0.00415317
-0.00472445
-0.00530163
-0.00589195
-0.00643112
-0.00683909
-0.00712601
-0.00733327
-0.00749927
-0.00762343
-0.00773470
-0.00784961
-0.00797532
-0.00808120
-0.00810886
-0.00804700
-0.00793147
-0.00784648
-0.00783697
-0.00792052
-0.00807169
-0.00822644
-0.00835959
-0.00846232
-0.00854096
-0.00859747
-0.00871752
-0.00893272
-0.00923807
-0.00961824
-0.01002777
-0.01043772
-0.01088170
-0.01138499
-0.01192045
-0.01252450
-0.01319680
-0.01393045
-0.01469162
-0.01543878
-0.01618703
-0.01690414
-0.01749728
-0.01790702
-0.01816111
-0.01831872
-0.01843541
-0.01853018
-0.01862697
-0.01877013
-0.01897514
-0.01922916
-0.01945104
-0.01954738
-0.01943648
-0.01909489
-0.01858294
-0.01792492
-0.01720538
-0.01653690
-0.01598930
-0.01552055
-0.01507836
-0.01458308
-0.01398536
-0.01329203
-0.01252671
-0.01175060
-0.01104355
-0.01044252
-0.00988286
-0.00930323
-0.00864702
-0.00788839
-0.00701847
-0.00607367
-0.00511349
-0.00415199
-0.00326042
-0.00248383
-0.00178598
-0.00104492
-0.00026049
0.00050222
0.00120152
0.00186648
0.00251406
0.00310027
0.00357578
0.00388048
0.00399813
0.00397147
0.00387864
0.00392563
0.00417480
0.00460940
0.00509897
0.00565973
0.00626356
0.00692711
0.00763054
0.00830584
0.00897008
0.00961087
0.01028459
0.01100076
0.01180739
0.01254948
0.01322738
0.01385353
0.01441339
0.01490342
0.01532387
0.01571525
0.01601382
0.01624607
0.01628981
0.01619722
0.01590294
0.01549362
0.01501202
0.01438297
0.01358741
0.01267299
0.01174323
0.01083846
0.01006213
0.00935361
0.00870736
0.00816423
0.00766272
0.00715615
0.00664987
0.00614531
0.00565360
0.00529466
0.00497917
0.00477010
0.00464356
0.00458634
0.00455223
0.00453334
0.00450898
0.00449933
0.00451313
0.00443115
0.00427570
0.00400053
0.00369579
0.00330543
0.00277535
0.00202758
0.00111769
0.00009755
-0.00098813
-0.00204974
-0.00309723
-0.00404538
-0.00495584
-0.00575370
-0.00657534
-0.00741144
-0.00821190
-0.00892942
-0.00961952
-0.01031707
-0.01097311
-0.01151213
-0.01181239
-0.01194077
-0.01187313
-0.01169267
-0.01140598
-0.01111546
-0.01074742
-0.01035651
-0.00994289
-0.00953838
-0.00921399
-0.00884460
-0.00840199
-0.00782167
-0.00722646
-0.00669587
-0.00626014
-0.00584998
-0.00545470
-0.00508702
-0.00474644
-0.00438121
-0.00400441
-0.00366712
-0.00323188
-0.00266699
-0.00190559
-0.00094753
0.00020733
0.00143726
0.00270916
0.00395812
0.00523127
0.00643303
0.00758343
0.00862666
0.00963911
0.01069487
0.01172675
0.01272688
0.01367160
0.01466205
0.01558100
0.01649725
0.01741011
0.01840657
0.01945498
0.02051130
0.02153108
0.02243360
0.02322142
0.02395551
0.02468956
0.02536268
0.02591289
0.02631762
0.02655958
0.02658201
0.02639320
0.02595814
0.02532235
0.02454632
0.02367717
0.02263607
0.02139153
0.01998823
0.01847219
0.01690389
0.01523698
0.01346038
0.01154967
0.00958341
0.00760380
0.00570572
0.00392659
0.00232875
0.00097802
-0.00011990
-0.00096372
-0.00161467
-0.00207802
-0.00237944
-0.00252257
-0.00257090
-0.00252192
-0.00239815
-0.00217271
-0.00186601
-0.00147478
-0.00098069
-0.00042953
0.00009799
0.00063633
0.00120209
0.00180697
0.00244121
0.00302618
0.00360552
0.00416912
0.00470251
0.00518596
0.00564014
0.00613211
0.00677378
0.00758226
0.00850531
0.00951920
0.01054312
0.01159288
0.01258293
0.01346482
0.01420701
0.01485405
0.01531801
0.01560797
0.01577016
0.01584766
0.01585224
0.01579290
0.01572956
0.01560905
0.01542269
0.01510978
0.01469148
0.01419207
0.01362984
0.01296601
0.01215462
0.01122565
0.01024197
0.00933435
0.00853316
0.00777553
0.00685551
0.00569365
0.00429375
0.00273070
0.00109875
-0.00057449
-0.00226313
-0.00408126
-0.00607255
-0.00826166
-0.01051907
-0.01283561
-0.01517903
-0.01756788
-0.01993716
-0.02222801
-0.02436661
-0.02627817
-0.02798439
-0.02951085
-0.03086029
-0.03200981
-0.03302074
-0.03393925
-0.03477587
-0.03545905
-0.03587115
-0.03596687
-0.03574769
-0.03533960
-0.03476483
-0.03406048
-0.03323764
-0.03226352
-0.03098825
-0.02934982
-0.02740600
-0.02518791
-0.02277091
-0.02021979
-0.01763308
-0.01503193
-0.01244731
-0.00993860
-0.00753271
-0.00522571
-0.00295158
-0.00069803
0.00153067
0.00365632
0.00567444
0.00752077
0.00920232
0.01069173
0.01197222
0.01308131
0.01405060
0.01486677
0.01558268
0.01625358
0.01683873
0.01732323
0.01773524
0.01800986
0.01808640
0.01801955
0.01781981
0.01746995
0.01695611
0.01631519
0.01566030
0.01507793
0.01454955
0.01402401
0.01346505
0.01282892
0.01220215
0.01163936
0.01114650
0.01069683
0.01033563
0.01012278
0.01000487
0.00998790
0.01002835
0.01013992
0.01029884
0.01050352
0.01068658
0.01079099
0.01080251
0.01070322
0.01050544
0.01023624
0.00994239
0.00959973
0.00925108
0.00891921
0.00858877
0.00817315
0.00764010
0.00697593
0.00617901
0.00525118
0.00421331
0.00309225
0.00187529
0.00061052
-0.00073076
-0.00215828
-0.00373788
-0.00546744
-0.00723385
-0.00895041
-0.01054691
-0.01203664
-0.01340499
-0.01466963
-0.01581665
-0.01685701
-0.01778469
-0.01856178
-0.01921212
-0.01974987
-0.02032089
-0.02092195
-0.02155848
-0.02224624
-0.02299121
-0.02368442
-0.02424319
-0.02464130
-0.02492755
-0.02522729
-0.02563074
-0.02617285
-0.02676825
-0.02732097
-0.02772014
-0.02799574
-0.02809593
-0.02804179
-0.02784804
-0.02746149
-0.02685057
-0.02602260
-0.02506748
-0.02400692
-0.02289880
-0.02177533
-0.02068827
-0.01970611
-0.01884817
-0.01811250
-0.01750915
-0.01706156
-0.01679442
-0.01668923
-0.01669553
-0.01676246
-0.01682743
-0.01682970
-0.01669901
-0.01638221
-0.01591585
-0.01538310
-0.01476455
-0.01407782
-0.01332246
-0.01251684
-0.01167443
-0.01084530
-0.01003312
-0.00920514
-0.00832866
-0.00736317
-0.00631905
-0.00527109
-0.00430343
-0.00345227
-0.00265271
-0.00187071
-0.00109421
-0.00028010
0.00062530
0.00156531
0.00247681
0.00333158
0.00412329
0.00484581
0.00549419
0.00613915
0.00681377
0.00753957
0.00829808
0.00905120
0.00972081
0.01030655
0.01084274
0.01134425
0.01171526
0.01187283
0.01182464
0.01163921
0.01132801
0.01093695
0.01051225
0.01006359
0.00952915
0.00889123
0.00820698
0.00746997
0.00670256
0.00588136
0.00501933
0.00411950
0.00325264
0.00239851
0.00159186
0.00082478
0.00016125
-0.00048111
-0.00117116
-0.00196149
-0.00283150
-0.00371629
-0.00458646
-0.00538969
-0.00619054
-0.00691765
-0.00753087
-0.00799386
-0.00834907
-0.00856075
-0.00869424
-0.00872005
-0.00864462
-0.00848054
-0.00833766
-0.00820024
-0.00798783
-0.00769626
-0.00719297
-0.00648755
-0.00562629
-0.00475487
-0.00389409
-0.00314264
-0.00250610
-0.00190274
-0.00118027
-0.00029933
0.00063292
0.00152876
0.00230609
0.00303847
0.00365677
0.00418495
0.00454731
0.00477274
0.00487336
0.00488592
0.00479580
0.00461268
0.00448448
0.00444931
0.00449983
0.00454867
0.00463291
0.00473493
0.00492696
0.00520973
0.00559862
0.00598217
0.00632958
0.00660097
0.00676003
0.00685304
0.00689113
0.00690945
0.00688898
0.00681606
0.00663623
0.00647777
0.00632199
0.00615674
0.00588318
0.00546270
0.00486822
0.00423654
0.00367357
0.00322149
0.00283723
0.00252840
0.00233368
0.00226154
0.00238998
0.00263610
0.00294183
0.00325074
0.00362118
0.00404892
0.00452706
0.00503469
0.00544089
0.00565578
0.00560472
0.00537139
0.00505961
0.00475328
0.00444543
0.00414904
0.00383779
0.00341579
0.00284782
0.00215940
0.00140765
0.00053754
-0.00038921
-0.00137111
-0.00239841
-0.00345002
-0.00445175
-0.00539985
-0.00629892
-0.00715112
-0.00790954
-0.00851918
-0.00898702
-0.00932727
-0.00963865
-0.00990559
-0.01007854
-0.01011547
-0.01006580
-0.00997724
-0.00980361
-0.00950896
-0.00901812
-0.00834354
-0.00742855
-0.00644848
-0.00540286
-0.00434546
-0.00325321
-0.00221492
-0.00117493
-0.00009915
0.00107860
0.00245381
0.00401164
0.00573047
0.00748392
0.00923572
0.01082351
0.01225528
0.01357376
0.01492569
0.01645161
0.01817324
0.02003247
0.02181211
0.02346747
0.02494799
0.02629472
0.02751612
0.02868275
0.02984321
0.03096315
0.03201373
0.03295948
0.03385033
0.03467836
0.03543505
0.03602429
0.03649107
0.03684199
0.03706646
0.03717849
0.03712199
0.03698014
0.03678517
0.03653319
0.03620279
0.03579920
0.03523591
0.03454689
0.03366830
0.03263480
0.03144080
0.03021313
0.02898264
0.02766894
0.02623280
0.02456267
0.02275645
0.02078756
0.01872309
0.01664161
0.01465685
0.01270642
0.01073058
0.00867893
0.00651847
0.00438476
0.00229957
0.00025066
-0.00185369
-0.00396258
-0.00597950
-0.00780775
-0.00936778
-0.01067772
-0.01176493
-0.01269629
-0.01345371
-0.01408997
-0.01458913
-0.01497734
-0.01525611
-0.01539750
-0.01541531
-0.01530327
-0.01508258
-0.01477941
-0.01448347
-0.01420935
-0.01403734
-0.01391615
-0.01384671
-0.01370361
-0.01349562
-0.01318385
-0.01273272
-0.01213637
-0.01135065
-0.01047664
-0.00959164
-0.00873431
-0.00778659
-0.00679451
-0.00576344
-0.00475397
-0.00371536
-0.00271071
-0.00179127
-0.00100675
-0.00044520
-0.00006206
0.00018874
0.00034464
0.00035705
0.00027442
0.00006192
-0.00022893
-0.00072104
-0.00140052
-0.00226619
-0.00321393
-0.00413413
-0.00496921
-0.00565261
-0.00629195
-0.00697533
-0.00775242
-0.00862468
-0.00968545
-0.01078676
-0.01193045
-0.01302673
-0.01403260
-0.01496925
-0.01596253
-0.01706632
-0.01822580
-0.01935988
-0.02036517
-0.02119869
-0.02187570
-0.02242438
-0.02290607
-0.02336626
-0.02376628
-0.02408164
-0.02428248
-0.02440812
-0.02444869
-0.02441109
-0.02424754
-0.02392951
-0.02343046
-0.02281609
-0.02219274
-0.02156838
-0.02097009
-0.02044104
-0.01997680
-0.01945334
-0.01883723
-0.01811205
-0.01733140
-0.01655935
-0.01588178
-0.01524750
-0.01460590
-0.01383596
-0.01299012
-0.01216005
-0.01132453
-0.01041279
-0.00942590
-0.00842880
-0.00745304
-0.00649109
-0.00548703
-0.00442243
-0.00332331
-0.00227259
-0.00125877
-0.00020396
0.00090439
0.00199730
0.00300733
0.00387570
0.00464164
0.00534748
0.00599035
0.00660482
0.00727895
0.00806536
0.00894746
0.00990407
0.01091047
0.01189330
0.01278772
0.01353819
0.01411886
0.01458984
0.01498744
0.01534299
0.01565036
0.01586500
0.01599032
0.01604831
0.01606977
0.01607960
0.01609395
0.01611100
0.01612330
0.01611780
0.01608492
0.01601490
0.01591187
0.01579231
0.01569870
0.01560899
0.01548113
0.01524914
0.01487436
0.01437007
0.01377750
0.01312360
0.01242099
0.01165711
0.01089922
0.01017243
0.00942192
0.00861465
0.00775349
0.00689654
0.00617287
0.00568525
0.00541025
0.00527409
0.00518208
0.00507079
0.00491999
0.00478308
0.00465266
0.00456242
0.00451459
0.00454731
0.00456309
0.00446642
0.00431600
0.00414485
0.00397212
0.00378215
0.00356603
0.00332157
0.00310383
0.00289622
0.00272597
0.00248132
0.00210365
0.00161886
0.00109876
0.00061681
0.00021948
-0.00013013
-0.00045142
-0.00074204
-0.00102531
-0.00127504
-0.00154115
-0.00181008
-0.00207323
-0.00233870
-0.00260601
-0.00283885
-0.00308255
-0.00330357
-0.00348441
-0.00365781
-0.00382674
-0.00398747
-0.00407865
-0.00415808
-0.00422470
-0.00434691
-0.00452542
-0.00477480
-0.00501815
-0.00528814
-0.00565891
-0.00608375
-0.00659925
-0.00706239
-0.00744930
-0.00781961
-0.00823931
-0.00872243
-0.00933519
-0.00997332
-0.01058404
-0.01116265
-0.01177872
-0.01240207
-0.01291808
-0.01329771
-0.01349873
-0.01360832
-0.01365742
-0.01371878
-0.01377249
-0.01379801
-0.01384087
-0.01378979
-0.01357287
-0.01318042
-0.01269763
-0.01217840
-0.01169134
-0.01122264
-0.01085924
-0.01056542
-0.01029397
-0.00998583
-0.00965485
-0.00938332
-0.00908130
-0.00875156
-0.00833052
-0.00790421
-0.00745821
-0.00702863
-0.00665908
-0.00637632
-0.00612717
-0.00591727
-0.00575446
-0.00559137
-0.00542733
-0.00526475
-0.00517577
-0.00510773
-0.00507393
-0.00500854
-0.00491297
-0.00475434
-0.00458440
-0.00445676
-0.00436463
-0.00431503
-0.00429261
-0.00430497
-0.00435674
-0.00447181
-0.00465656
-0.00490249
-0.00514661
-0.00541898
-0.00566187
-0.00583140
-0.00592871
-0.00593222
-0.00583078
-0.00559901
-0.00538838
-0.00521707
-0.00509650
-0.00495933
-0.00475940
-0.00443825
-0.00399435
-0.00349376
-0.00285291
-0.00211527
-0.00134297
-0.00056966
0.00027931
0.00112486
0.00197239
0.00285860
0.00381788
0.00475326
0.00566099
0.00650385
0.00728264
0.00794172
0.00846929
0.00893419
0.00943960
0.01001849
0.01065730
0.01139255
0.01211818
0.01280342
0.01345314
0.01410314
0.01470154
0.01525759
0.01581360
0.01635848
0.01692511
0.01749818
0.01799295
0.01835000
0.01860471
0.01873401
0.01872738
0.01852798
0.01820970
0.01780782
0.01738888
0.01702184
0.01671395
0.01641272
0.01609135
0.01572630
0.01527402
0.01475782
0.01414397
0.01341725
0.01253455
0.01160777
0.01073869
0.01002771
0.00944783
0.00899555
0.00867001
0.00845326
0.00829154
0.00818608
0.00812402
0.00803946
0.00787733
0.00761519
0.00733469
0.00704115
0.00676996
0.00651791
0.00624930
0.00595572
0.00562020
0.00523330
0.00485966
0.00453022
0.00422366
0.00395995
0.00372733
0.00351544
0.00335037
0.00324956
0.00319910
0.00320275
0.00325405
0.00336637
0.00354221
0.00377328
0.00400517
0.00418975
0.00429356
0.00432333
0.00436835
0.00446291
0.00457495
0.00465734
0.00468521
0.00461406
0.00442430
0.00410413
0.00370204
0.00326606
0.00280419
0.00230631
0.00176444
0.00111251
0.00032467
-0.00057239
-0.00149921
-0.00237251
-0.00319651
-0.00403525
-0.00491904
-0.00584256
-0.00681075
-0.00774476
-0.00858594
-0.00933221
-0.01006079
-0.01080290
-0.01153424
-0.01223434
-0.01292680
-0.01359362
-0.01424947
-0.01494852
-0.01567284
-0.01636412
-0.01700496
-0.01761949
-0.01818655
-0.01867500
-0.01913425
-0.01961064
-0.02009266
-0.02054265
-0.02093168
-0.02127498
-0.02157086
-0.02177235
-0.02183811
-0.02179418
-0.02161675
-0.02127805
-0.02083925
-0.02038987
-0.01990852
-0.01935430
-0.01870582
-0.01796648
-0.01715748
-0.01633902
-0.01550644
-0.01463892
-0.01378608
-0.01299121
-0.01222847
-0.01143944
-0.01063645
-0.00990077
-0.00929259
-0.00876289
-0.00825050
-0.00774117
-0.00725057
-0.00680561
-0.00641816
-0.00604990
-0.00567394
-0.00601290
-0.00567077
-0.00534525
-0.00501798
-0.00471880
-0.00444382
-0.00421968
-0.00397680
-0.00368233
-0.00327858
-0.00280917
-0.00226611
-0.00166075
-0.00103260
-0.00043933
0.00008374
0.00053240
0.00097619
0.00143957
0.00190094
0.00244466
0.00308014
0.00377514
0.00454672
0.00541015
0.00628280
0.00714879
0.00792873
0.00856235
0.00905719
0.00948116
0.00986143
0.01015524
0.01043727
0.01071249
0.01100182
0.01120513
0.01130444
0.01130616
0.01129675
0.01123983
0.01112074
0.01095270
0.01081861
0.01071838
0.01057374
0.01035117
0.01003638
0.00970162
0.00937890
0.00906882
0.00876713
0.00850520
0.00825555
0.00804434
0.00790775
0.00783990
0.00783613
0.00787019
0.00791919
0.00794107
0.00800738
0.00807387
0.00812813
0.00816437
0.00821285
0.00828413
0.00839278
0.00850215
0.00854843
0.00852015
0.00840773
0.00823913
0.00805259
0.00792136
0.00782024
0.00772386
0.00754768
0.00723592
0.00685065
0.00645501
0.00611152
0.00580299
0.00553226
0.00529449
0.00505273
0.00479039
0.00452157
0.00421727
0.00389488
0.00359621
0.00333939
0.00317546
0.00306511
0.00298623
0.00287407
0.00269883
0.00243189
0.00211027
0.00181504
0.00151308
0.00119298
0.00081714
0.00043267
0.00003975
-0.00034323
-0.00068538
-0.00097360
-0.00125339
-0.00154307
-0.00183958
-0.00215348
-0.00244211
-0.00271259
-0.00300621
-0.00336310
-0.00377322
-0.00421012
-0.00463739
-0.00504065
-0.00543624
-0.00581667
-0.00617723
-0.00652623
-0.00690482
-0.00731727
-0.00775775
-0.00819854
-0.00861350
-0.00897456
-0.00926918
-0.00950217
-0.00964812
-0.00968305
-0.00961735
-0.00947140
-0.00920133
-0.00879392
-0.00826676
-0.00765775
-0.00699751
-0.00631546
-0.00563020
-0.00496674
-0.00435339
-0.00376673
-0.00315110
-0.00249634
-0.00183735
-0.00120094
-0.00062137
-0.00007813
0.00047373
0.00103630
0.00156296
0.00202258
0.00238761
0.00265269
0.00283617
0.00294708
0.00302410
0.00309635
0.00317365
0.00322316
0.00323401
0.00318835
0.00307905
0.00289642
0.00265450
0.00239306
0.00214851
0.00191278
0.00167330
0.00142763
0.00116183
0.00088370
0.00059526
0.00028252
-0.00004599
-0.00032843
-0.00053463
-0.00067078
-0.00076004
-0.00081781
-0.00084219
-0.00085717
-0.00089496
-0.00099018
-0.00110545
-0.00119326
-0.00122173
-0.00117850
-0.00106266
-0.00089619
-0.00072305
-0.00057094
-0.00046896
-0.00040326
-0.00034672
-0.00026237
-0.00013129
0.00004119
0.00020145
0.00029800
0.00030428
0.00022015
0.00006927
-0.00009264
-0.00022594
-0.00032704
-0.00041173
-0.00049760
-0.00059090
-0.00071284
-0.00087347
-0.00106067
-0.00126010
-0.00147359
-0.00168404
-0.00187787
-0.00204379
-0.00219254
-0.00231699
-0.00242044
-0.00251401
-0.00260286
-0.00269674
-0.00282406
-0.00299625
-0.00318788
-0.00337976
-0.00355339
-0.00369785
-0.00380501
-0.00387376
-0.00391075
-0.00393581
-0.00394829
-0.00394802
-0.00393904
-0.00391122
-0.00385615
-0.00377721
-0.00368791
-0.00358857
-0.00348551
-0.00337882
-0.00327858
-0.00319513
-0.00311735
-0.00301618
-0.00286009
-0.00263854
-0.00236185
-0.00206169
-0.00177389
-0.00151250
-0.00126452
-0.00100455
-0.00071504
-0.00040301
-0.00009199
0.00020643
0.00049008
0.00074658
0.00098177
0.00121234
0.00144659
0.00168530
0.00192145
0.00214057
0.00234046
0.00252539
0.00268747
0.00282850
0.00295434
0.00306305
0.00314935
0.00322682
0.00330758
0.00339573
0.00348849
0.00358183
0.00366941
0.00374676
0.00380946
0.00385507
0.00388242
0.00389591
0.00390538
0.00392682
0.00396701
0.00401394
0.00404981
0.00406169
0.00405138
0.00402009
0.00397234
0.00391382
0.00384541
0.00376782
0.00368701
0.00360828
0.00353397
0.00345978
0.00338248
0.00330346
0.00322489
0.00314693
0.00306471
0.00297480
0.00287927
0.00278337
0.00268674
0.00259186
0.00249973
0.00241217
0.00232840
0.00224663
0.00216173
0.00207267
0.00197899
0.00188347
0.00178983
0.00170023
0.00161571
0.00153745
0.00146527
0.00139540
0.00132684
0.00125770
0.00118794
0.00111689
0.00104511
0.00097317
0.00089972
0.00082489
0.00075032
0.00067847
0.00061193
0.00055331
0.00050143
0.00045663
0.00041609
0.00037887
0.00034269
0.00030703
0.00027050
0.00023296
0.00019565
0.00015931
0.00012514
0.00009273
0.00006187
0.00003177
0.00000227
-0.00002666
-0.00005540
-0.00008390
-0.00011168
-0.00013836
-0.00016376
-0.00018794
-0.00021115
-0.00023296
-0.00025361
-0.00027302
-0.00029136
-0.00030846
-0.00032426
-0.00033892
-0.00035274
-0.00036608
-0.00037895
-0.00039130
-0.00040292
-0.00041397
-0.00042461
-0.00043498
-0.00044523
-0.00045528
-0.00046510
-0.00047475
-0.00048422
-0.00049347
-0.00050258
-0.00051159
-0.00052056
-0.00052952
-0.00053851
-0.00054755
-0.00055664
-0.00056580
-0.00057499
-0.00058417
-0.00059330
-0.00060236
-0.00061136
-0.00062029
-0.00062914
-0.00063791
-0.00064658
-0.00065513
-0.00066356
-0.00067185
-0.00068002
-0.00068803
-0.00069590
-0.00070361
-0.00071117
-0.00071857
-0.00072580
-0.00073287
-0.00073977
-0.00074650
-0.00075307
-0.00075946
-0.00076569
-0.00077174
