-0.00015791
-0.00015778
-0.00015787
-0.00015869
-0.00015985
-0.00016185
-0.00016403
-0.00016656
-0.00016872
-0.00017067
-0.00017169
-0.00017219
-0.00017208
-0.00017276
-0.00017392
-0.00017701
-0.00018157
-0.00018639
-0.00019047
-0.00019463
-0.00019620
-0.00019414
-0.00018806
-0.00017655
-0.00016040
-0.00013809
-0.00010935
-0.00007833
-0.00004486
-0.00001965
-0.00000861
-0.00003034
-0.00009667
-0.00022064
-0.00040596
-0.00062054
-0.00081333
-0.00096740
-0.00107010
-0.00110048
-0.00104154
-0.00089027
-0.00069264
-0.00052528
-0.00041056
-0.00033925
-0.00029406
-0.00025641
-0.00021948
-0.00017024
-0.00012063
-0.00008171
-0.00005646
-0.00003562
-0.00001213
0.00001127
0.00004040
0.00007202
0.00012035
0.00017713
0.00022626
0.00026441
0.00027303
0.00023889
0.00013934
-0.00003197
-0.00026762
-0.00053981
-0.00080373
-0.00102149
-0.00117305
-0.00126875
-0.00130798
-0.00130193
-0.00127444
-0.00125687
-0.00128313
-0.00135882
-0.00148274
-0.00161825
-0.00171692
-0.00173937
-0.00167622
-0.00152463
-0.00128487
-0.00098737
-0.00066359
-0.00036736
-0.00010744
0.00013076
0.00038029
0.00062667
0.00082980
0.00096192
0.00100049
0.00096103
0.00086201
0.00075487
0.00067742
0.00059978
0.00049723
0.00032432
0.00008389
-0.00019885
-0.00047370
-0.00069338
-0.00083481
-0.00092269
-0.00098391
-0.00100697
-0.00099138
-0.00094780
-0.00089471
-0.00083361
-0.00073122
-0.00056035
-0.00030070
0.00001330
0.00031884
0.00054355
0.00067205
0.00075443
0.00082299
0.00087625
0.00091161
0.00097338
0.00110993
0.00132501
0.00158631
0.00181624
0.00196097
0.00195853
0.00175389
0.00130323
0.00062574
-0.00023302
-0.00120209
-0.00216950
-0.00303404
-0.00369677
-0.00411279
-0.00427930
-0.00424740
-0.00406495
-0.00373578
-0.00328269
-0.00271388
-0.00204095
-0.00128441
-0.00050906
0.00021355
0.00080844
0.00122076
0.00146539
0.00153006
0.00143029
0.00120568
0.00082657
0.00032773
-0.00025133
-0.00083826
-0.00136399
-0.00174464
-0.00194089
-0.00193568
-0.00173806
-0.00146521
-0.00121941
-0.00099050
-0.00079078
-0.00058681
-0.00038692
-0.00011857
0.00019747
0.00056602
0.00096032
0.00134633
0.00178952
0.00226788
0.00275481
0.00318966
0.00353987
0.00376904
0.00382431
0.00371437
0.00342498
0.00300722
0.00252000
0.00200561
0.00146350
0.00087914
0.00030089
-0.00023783
-0.00067075
-0.00097442
-0.00113122
-0.00113319
-0.00106574
-0.00101553
-0.00112687
-0.00149198
-0.00209305
-0.00289698
-0.00372263
-0.00452230
-0.00522977
-0.00575782
-0.00600929
-0.00594415
-0.00565534
-0.00517045
-0.00464444
-0.00417619
-0.00378552
-0.00349114
-0.00321219
-0.00290947
-0.00241631
-0.00160378
-0.00041638
0.00098281
0.00236234
0.00358000
0.00446032
0.00485330
0.00469414
0.00401290
0.00302175
0.00193704
0.00100143
0.00045274
0.00038964
0.00072492
0.00123775
0.00180834
0.00229316
0.00259431
0.00264360
0.00238631
0.00188880
0.00124060
0.00055285
-0.00008250
-0.00058686
-0.00092122
-0.00106751
-0.00098890
-0.00074722
-0.00038941
-0.00003768
0.00029449
0.00060161
0.00089242
0.00110102
0.00116383
0.00113628
0.00102777
0.00081273
0.00044731
-0.00009701
-0.00080813
-0.00168226
-0.00267765
-0.00373010
-0.00472941
-0.00565805
-0.00659722
-0.00751511
-0.00839898
-0.00919039
-0.00981194
-0.01024077
-0.01045093
-0.01046997
-0.01026069
-0.00980472
-0.00906906
-0.00810088
-0.00691603
-0.00553815
-0.00404310
-0.00251602
-0.00107298
0.00024410
0.00135821
0.00229133
0.00313035
0.00383019
0.00435261
0.00465448
0.00472341
0.00459999
0.00433139
0.00398727
0.00356852
0.00315564
0.00282820
0.00265926
0.00263465
0.00268860
0.00281967
0.00300054
0.00323823
0.00349521
0.00373878
0.00396782
0.00416346
0.00439642
0.00466867
0.00498458
0.00525477
0.00547325
0.00562386
0.00571259
0.00569334
0.00555373
0.00533232
0.00500413
0.00462562
0.00424422
0.00391486
0.00372977
0.00369851
0.00377722
0.00390607
0.00410423
0.00436819
0.00471913
0.00509757
0.00544288
0.00577580
0.00603981
0.00618653
0.00616304
0.00588082
0.00525778
0.00425640
0.00292796
0.00128248
-0.00061150
-0.00266941
-0.00469009
-0.00649794
-0.00796256
-0.00903791
-0.00977408
-0.01017603
-0.01025790
-0.01001828
-0.00952962
-0.00885516
-0.00805702
-0.00717737
-0.00627043
-0.00537446
-0.00449454
-0.00375815
-0.00316111
-0.00268542
-0.00221429
-0.00164017
-0.00089013
0.00004789
0.00104013
0.00200967
0.00289259
0.00369793
0.00437908
0.00487594
0.00515103
0.00518012
0.00496776
0.00450908
0.00379111
0.00274251
0.00136203
-0.00027011
-0.00200455
-0.00364119
-0.00502773
-0.00609207
-0.00682523
-0.00717828
-0.00716220
-0.00681431
-0.00618072
-0.00530851
-0.00421443
-0.00288325
-0.00128523
0.00053326
0.00251816
0.00452845
0.00639629
0.00799048
0.00921110
0.01002657
0.01043571
0.01050038
0.01025519
0.00972053
0.00885919
0.00764284
0.00608014
0.00423990
0.00235748
0.00066098
-0.00071582
-0.00176176
-0.00250447
-0.00295605
-0.00309823
-0.00299556
-0.00274198
-0.00240165
-0.00203287
-0.00164038
-0.00123987
-0.00081510
-0.00040900
-0.00006608
0.00017427
0.00026396
0.00020418
0.00003787
-0.00014749
-0.00029756
-0.00036104
-0.00029478
-0.00005514
0.00037430
0.00095506
0.00162529
0.00231668
0.00296626
0.00343433
0.00363819
0.00355382
0.00322107
0.00273055
0.00217913
0.00162341
0.00107291
0.00055677
0.00010470
-0.00026552
-0.00057040
-0.00080199
-0.00090365
-0.00091964
-0.00093766
-0.00100545
-0.00101074
-0.00087736
-0.00055545
0.00000658
0.00077442
0.00170489
0.00268618
0.00356399
0.00421238
0.00460079
0.00466524
0.00446101
0.00412970
0.00370830
0.00327722
0.00290379
0.00264568
0.00248657
0.00244878
0.00255220
0.00275461
0.00308501
0.00351426
0.00399400
0.00445943
0.00487411
0.00512440
0.00516381
0.00499340
0.00457166
0.00400750
0.00335966
0.00263423
0.00175679
0.00075409
-0.00031333
-0.00132514
-0.00208104
-0.00250848
-0.00253944
-0.00214254
-0.00128538
-0.00003949
0.00136543
0.00284995
0.00429254
0.00556613
0.00659853
0.00736341
0.00780303
0.00786091
0.00759711
0.00709442
0.00642431
0.00558010
0.00452315
0.00333695
0.00202473
0.00066017
-0.00074507
-0.00211317
-0.00340541
-0.00452487
-0.00541209
-0.00600111
-0.00621055
-0.00610312
-0.00567345
-0.00501936
-0.00424624
-0.00335195
-0.00233903
-0.00118245
0.00005495
0.00135786
0.00265833
0.00378386
0.00468174
0.00527553
0.00552988
0.00540556
0.00496872
0.00428167
0.00340529
0.00237431
0.00124898
0.00013403
-0.00103595
-0.00218404
-0.00324872
-0.00410369
-0.00469368
-0.00502130
-0.00515651
-0.00511153
-0.00475796
-0.00420778
-0.00353550
-0.00281035
-0.00205835
-0.00129993
-0.00061126
0.00003371
0.00061223
0.00117154
0.00170834
0.00219423
0.00266365
0.00305194
0.00337996
0.00362483
0.00378251
0.00387186
0.00388741
0.00381292
0.00361252
0.00326486
0.00282128
0.00247215
0.00224759
0.00212844
0.00212554
0.00223422
0.00245102
0.00266597
0.00285042
0.00286669
0.00265466
0.00220902
0.00164058
0.00111796
0.00072222
0.00049679
0.00036503
0.00027435
0.00014349
-0.00003150
-0.00024985
-0.00048140
-0.00063346
-0.00069210
-0.00067675
-0.00066118
-0.00068160
-0.00077316
-0.00101392
-0.00144528
-0.00207653
-0.00285071
-0.00370567
-0.00453242
-0.00526365
-0.00587212
-0.00641468
-0.00699909
-0.00764054
-0.00828093
-0.00878038
-0.00902023
-0.00897740
-0.00870606
-0.00828479
-0.00779908
-0.00734663
-0.00695457
-0.00664757
-0.00641726
-0.00623735
-0.00606091
-0.00579887
-0.00540660
-0.00488521
-0.00430187
-0.00366025
-0.00295402
-0.00219850
-0.00140896
-0.00063964
0.00002790
0.00058794
0.00107971
0.00152187
0.00191845
0.00219096
0.00223626
0.00190067
0.00112313
-0.00003267
-0.00142669
-0.00288899
-0.00422939
-0.00526306
-0.00591505
-0.00616645
-0.00607196
-0.00569705
-0.00513369
-0.00442787
-0.00359291
-0.00268847
-0.00175760
-0.00087303
-0.00006236
0.00063808
0.00119371
0.00164255
0.00200809
0.00225228
0.00232594
0.00230832
0.00227277
0.00223243
0.00213190
0.00196100
0.00174191
0.00149004
0.00123588
0.00096313
0.00065752
0.00032596
0.00003692
-0.00030098
-0.00073011
-0.00133010
-0.00214316
-0.00311620
-0.00421481
-0.00530350
-0.00629769
-0.00710989
-0.00766323
-0.00785844
-0.00774777
-0.00736809
-0.00676046
-0.00609042
-0.00541973
-0.00482861
-0.00429111
-0.00377426
-0.00326985
-0.00278392
-0.00232111
-0.00186787
-0.00147763
-0.00105589
-0.00059288
-0.00007302
0.00045918
0.00098864
0.00147968
0.00184215
0.00210004
0.00221564
0.00217477
0.00188939
0.00141623
0.00083637
0.00019716
-0.00053099
-0.00127656
-0.00202279
-0.00279643
-0.00349909
-0.00417973
-0.00478477
-0.00535667
-0.00586288
-0.00621315
-0.00643638
-0.00658483
-0.00672846
-0.00676105
-0.00668207
-0.00635173
-0.00574518
-0.00496434
-0.00403732
-0.00307221
-0.00199577
-0.00083870
0.00042024
0.00175497
0.00319340
0.00471904
0.00634025
0.00813670
0.01014178
0.01231929
0.01458548
0.01690346
0.01914993
0.02132872
0.02333575
0.02511734
0.02666799
0.02791075
0.02889171
0.02961701
0.03022411
0.03076454
0.03121039
0.03146656
0.03143186
0.03119857
0.03073154
0.03004615
0.02915635
0.02810625
0.02696940
0.02589876
0.02499141
0.02417286
0.02349888
0.02278411
0.02195630
0.02080651
0.01914476
0.01696407
0.01422201
0.01117372
0.00787706
0.00448692
0.00110123
-0.00227123
-0.00564467
-0.00904208
-0.01231910
-0.01542263
-0.01816433
-0.02047943
-0.02234023
-0.02387223
-0.02507006
-0.02580741
-0.02613553
-0.02598214
-0.02547068
-0.02465338
-0.02366827
-0.02259396
-0.02147782
-0.02038904
-0.01933596
-0.01843641
-0.01771316
-0.01717847
-0.01681712
-0.01658926
-0.01649896
-0.01646941
-0.01644727
-0.01632813
-0.01602880
-0.01545037
-0.01444992
-0.01296063
-0.01086509
-0.00812683
-0.00471300
-0.00067981
0.00389115
0.00896020
0.01440204
0.02012522
0.02595234
0.03175409
0.03734841
0.04249423
0.04694700
0.05047181
0.05299164
0.05442881
0.05479816
0.05404636
0.05206902
0.04879824
0.04416919
0.03827812
0.03127317
0.02341075
0.01492035
0.00606532
-0.00284096
-0.01152402
-0.01965386
-0.02702678
-0.03351701
-0.03908567
-0.04373802
-0.04745460
-0.05029821
-0.05233280
-0.05372019
-0.05446532
-0.05457030
-0.05400587
-0.05275628
-0.05089386
-0.04851932
-0.04575519
-0.04267429
-0.03945967
-0.03610860
-0.03263055
-0.02901502
-0.02522285
-0.02124478
-0.01705470
-0.01266125
-0.00801085
-0.00305214
0.00216563
0.00745328
0.01252229
0.01711385
0.02111154
0.02437132
0.02683064
0.02838968
0.02900689
0.02866829
0.02741159
0.02533006
0.02254595
0.01921718
0.01552288
0.01163284
0.00765528
0.00376072
0.00007757
-0.00336753
-0.00664924
-0.00974508
-0.01251522
-0.01484505
-0.01655499
-0.01755709
-0.01780627
-0.01730195
-0.01601940
-0.01393166
-0.01110146
-0.00764432
-0.00377610
0.00034029
0.00452024
0.00860376
0.01248783
0.01607405
0.01927748
0.02192999
0.02385986
0.02495810
0.02528297
0.02489135
0.02386700
0.02232327
0.02044268
0.01844066
0.01643105
0.01461659
0.01312844
0.01210333
0.01163475
0.01176649
0.01244622
0.01355157
0.01501071
0.01667550
0.01840989
0.02008287
0.02165210
0.02303063
0.02412946
0.02490777
0.02538032
0.02556337
0.02540706
0.02489479
0.02398571
0.02261951
0.02073002
0.01823310
0.01516026
0.01148617
0.00733989
0.00270668
-0.00228661
-0.00750663
-0.01279558
-0.01802781
-0.02306106
-0.02777675
-0.03206494
-0.03578019
-0.03881437
-0.04090475
-0.04198969
-0.04196745
-0.04088592
-0.03869542
-0.03534550
-0.03084838
-0.02534645
-0.01909896
-0.01232395
-0.00534607
0.00154844
0.00795470
0.01360530
0.01833932
0.02200164
0.02458797
0.02608436
0.02661546
0.02621908
0.02497683
0.02297356
0.02029347
0.01718642
0.01381535
0.01026641
0.00658201
0.00291328
-0.00054713
-0.00358342
-0.00607327
-0.00800794
-0.00935072
-0.01020883
-0.01060280
-0.01067118
-0.01045236
-0.01001204
-0.00931653
-0.00832438
-0.00703602
-0.00549587
-0.00372979
-0.00171695
0.00052810
0.00302888
0.00576406
0.00876867
0.01200382
0.01537932
0.01869181
0.02169112
0.02420501
0.02613268
0.02733377
0.02768684
0.02720724
0.02590813
0.02380779
0.02095844
0.01748692
0.01357929
0.00942033
0.00518645
0.00105536
-0.00282476
-0.00636099
-0.00949792
-0.01223454
-0.01454010
-0.01642440
-0.01794288
-0.01917541
-0.02025785
-0.02133305
-0.02253460
-0.02387292
-0.02533125
-0.02688723
-0.02854298
-0.03034466
-0.03228066
-0.03425298
-0.03610178
-0.03776763
-0.03921607
-0.04041019
-0.04128605
-0.04178320
-0.04184022
-0.04142562
-0.04057404
-0.03941459
-0.03810025
-0.03668404
-0.03519335
-0.03358562
-0.03190358
-0.03019379
-0.02849432
-0.02688150
-0.02541769
-0.02419415
-0.02324358
-0.02266435
-0.02252262
-0.02283427
-0.02349330
-0.02440748
-0.02554915
-0.02685918
-0.02839276
-0.03012926
-0.03199220
-0.03382372
-0.03560100
-0.03741145
-0.03934153
-0.04136481
-0.04338108
-0.04540617
-0.04741839
-0.04938367
-0.05116492
-0.05263168
-0.05371826
-0.05426171
-0.05409805
-0.05309036
-0.05120420
-0.04849734
-0.04505510
-0.04085059
-0.03580634
-0.02994399
-0.02335571
-0.01620131
-0.00854693
-0.00043641
0.00798144
0.01642805
0.02454893
0.03202068
0.03852399
0.04387479
0.04800968
0.05092291
0.05259962
0.05305847
0.05245591
0.05099276
0.04893035
0.04656100
0.04400828
0.04136231
0.03864265
0.03592409
0.03330972
0.03097028
0.02908326
0.02771247
0.02697369
0.02693285
0.02776821
0.02961373
0.03244621
0.03611029
0.04027247
0.04462832
0.04884468
0.05280501
0.05639944
0.05952897
0.06196348
0.06338363
0.06378485
0.06312893
0.06143238
0.05861623
0.05454714
0.04923248
0.04285676
0.03585869
0.02855720
0.02143116
0.01478908
0.00889255
0.00393617
-0.00003602
-0.00295389
-0.00487744
-0.00577482
-0.00577379
-0.00495045
-0.00341536
-0.00128437
0.00130740
0.00404644
0.00662121
0.00877031
0.01039473
0.01151153
0.01225170
0.01268853
0.01285034
0.01273012
0.01227573
0.01151605
0.01049253
0.00926570
0.00783090
0.00627862
0.00470556
0.00313087
0.00161324
0.00013601
-0.00137220
-0.00308964
-0.00506378
-0.00723073
-0.00948928
-0.01156872
-0.01341244
-0.01494334
-0.01617968
-0.01718050
-0.01803486
-0.01872971
-0.01922937
-0.01951861
-0.01960005
-0.01954686
-0.01941683
-0.01927921
-0.01909514
-0.01892560
-0.01866650
-0.01833574
-0.01786671
-0.01725888
-0.01649972
-0.01557534
-0.01467626
-0.01388380
-0.01330293
-0.01285666
-0.01251929
-0.01229973
-0.01211918
-0.01197203
-0.01177001
-0.01160425
-0.01144388
-0.01142943
-0.01161152
-0.01209763
-0.01303838
-0.01424899
-0.01582346
-0.01750432
-0.01923770
-0.02094791
-0.02250985
-0.02385050
-0.02496629
-0.02598614
-0.02680966
-0.02730833
-0.02741417
-0.02705878
-0.02619321
-0.02470230
-0.02266275
-0.02011364
-0.01708435
-0.01367402
-0.01003161
-0.00621328
-0.00237563
0.00130704
0.00477718
0.00788348
0.01067226
0.01314919
0.01539010
0.01741883
0.01921391
0.02080431
0.02207759
0.02305557
0.02383573
0.02453183
0.02526761
0.02613102
0.02730035
0.02869794
0.03034230
0.03204913
0.03366028
0.03495926
0.03587803
0.03646984
0.03669945
0.03658672
0.03600403
0.03500093
0.03350530
0.03165425
0.02967344
0.02773468
0.02604578
0.02459512
0.02360624
0.02288479
0.02253218
0.02252373
0.02288998
0.02358375
0.02455794
0.02569047
0.02683237
0.02784895
0.02865465
0.02925657
0.02953040
0.02955384
0.02921693
0.02854079
0.02747169
0.02604691
0.02431590
0.02227477
0.02001002
0.01757046
0.01511170
0.01256344
0.01004012
0.00761121
0.00532019
0.00314145
0.00111407
-0.00072095
-0.00238256
-0.00375959
-0.00501651
-0.00619983
-0.00754336
-0.00903845
-0.01078705
-0.01278867
-0.01504574
-0.01761712
-0.02037586
-0.02325437
-0.02618192
-0.02908384
-0.03182652
-0.03436017
-0.03655725
-0.03836693
-0.03976288
-0.04078563
-0.04143789
-0.04165329
-0.04145422
-0.04088047
-0.04004225
-0.03885740
-0.03745010
-0.03573380
-0.03377350
-0.03155339
-0.02902422
-0.02625956
-0.02327449
-0.02018362
-0.01696974
-0.01377922
-0.01047956
-0.00719567
-0.00398690
-0.00096954
0.00181406
0.00432285
0.00655011
0.00849198
0.01009397
0.01141856
0.01241604
0.01310959
0.01350456
0.01365000
0.01362169
0.01348020
0.01328934
0.01312866
0.01311073
0.01323777
0.01352769
0.01390050
0.01425248
0.01463705
0.01502415
0.01541889
0.01566660
0.01568605
0.01537785
0.01471074
0.01370514
0.01225680
0.01034466
0.00787850
0.00494417
0.00151443
-0.00239375
-0.00667260
-0.01120433
-0.01575733
-0.02025249
-0.02440205
-0.02804937
-0.03097907
-0.03298345
-0.03400090
-0.03392282
-0.03275411
-0.03041574
-0.02697114
-0.02243842
-0.01707741
-0.01104796
-0.00467990
0.00167136
0.00762147
0.01288247
0.01730573
0.02082010
0.02344363
0.02512412
0.02592292
0.02583702
0.02499150
0.02356670
0.02166727
0.01940582
0.01678556
0.01400155
0.01101884
0.00799338
0.00509709
0.00245711
0.00021271
-0.00164360
-0.00300374
-0.00397253
-0.00470786
-0.00534417
-0.00594271
-0.00650346
-0.00706137
-0.00753756
-0.00788215
-0.00802039
-0.00787023
-0.00743386
-0.00677590
-0.00609122
-0.00537464
-0.00462195
-0.00378059
-0.00274104
-0.00151006
-0.00008343
0.00146246
0.00304432
0.00460794
0.00608021
0.00735837
0.00830008
0.00886943
0.00910951
0.00905478
0.00871186
0.00805384
0.00708355
0.00590045
0.00458328
0.00310457
0.00147798
-0.00043197
-0.00268332
-0.00530657
-0.00829404
-0.01162258
-0.01527621
-0.01911745
-0.02303773
-0.02688833
-0.03055746
-0.03392780
-0.03685678
-0.03928973
-0.04112553
-0.04234727
-0.04293506
-0.04295319
-0.04247335
-0.04162588
-0.04060894
-0.03958339
-0.03876389
-0.03826557
-0.03810595
-0.03828054
-0.03875959
-0.03948296
-0.04029450
-0.04110923
-0.04167167
-0.04185979
-0.04160646
-0.04084682
-0.03955861
-0.03764266
-0.03522692
-0.03240442
-0.02923566
-0.02571504
-0.02177315
-0.01733447
-0.01233572
-0.00695615
-0.00141123
0.00403320
0.00933686
0.01446838
0.01931020
0.02368958
0.02743710
0.03051190
0.03285226
0.03452212
0.03550310
0.03588964
0.03576907
0.03536124
0.03487750
0.03443703
0.03414777
0.03400949
0.03404327
0.03424020
0.03461498
0.03512720
0.03567626
0.03613427
0.03636888
0.03629456
0.03581829
0.03502083
0.03396964
0.03273630
0.03127631
0.02961603
0.02773554
0.02563350
0.02335730
0.02090109
0.01831849
0.01561023
0.01279990
0.00989062
0.00693539
0.00402087
0.00110796
-0.00180249
-0.00472152
-0.00755253
-0.01024933
-0.01265819
-0.01465678
-0.01621439
-0.01737184
-0.01818465
-0.01864865
-0.01881482
-0.01861041
-0.01806691
-0.01719129
-0.01617686
-0.01511453
-0.01400293
-0.01276110
-0.01133753
-0.00976089
-0.00803612
-0.00625397
-0.00432624
-0.00215480
0.00037120
0.00314323
0.00602498
0.00881601
0.01142878
0.01375215
0.01579453
0.01759925
0.01915970
0.02044578
0.02133276
0.02178141
0.02180285
0.02142422
0.02069000
0.01970715
0.01849090
0.01711733
0.01569598
0.01428672
0.01295448
0.01162226
0.01032054
0.00903465
0.00785083
0.00682952
0.00608584
0.00575177
0.00588736
0.00644928
0.00729112
0.00832492
0.00941545
0.01053848
0.01157507
0.01237940
0.01275265
0.01259309
0.01183750
0.01041868
0.00828127
0.00527976
0.00141184
-0.00325508
-0.00851764
-0.01400694
-0.01939633
-0.02452468
-0.02929614
-0.03363660
-0.03758908
-0.04105924
-0.04398462
-0.04625443
-0.04797788
-0.04911173
-0.04964294
-0.04957141
-0.04888724
-0.04756125
-0.04553754
-0.04287195
-0.03944511
-0.03535066
-0.03070640
-0.02578510
-0.02067425
-0.01544863
-0.01012726
-0.00472282
0.00061427
0.00580891
0.01065508
0.01502194
0.01876988
0.02187663
0.02433774
0.02623982
0.02765336
0.02867101
0.02928992
0.02956997
0.02963612
0.02958323
0.02951551
0.02950542
0.02962461
0.02991231
0.03037514
0.03093794
0.03155768
0.03217294
0.03277126
0.03334108
0.03377914
0.03413679
0.03429421
0.03416822
0.03380874
0.03330951
0.03276499
0.03208863
0.03128111
0.03020255
0.02882831
0.02713849
0.02522266
0.02321721
0.02113208
0.01883953
0.01628558
0.01354329
0.01060340
0.00758750
0.00446767
0.00138616
-0.00152308
-0.00418378
-0.00647822
-0.00832827
-0.00969102
-0.01055693
-0.01090793
-0.01082003
-0.01025871
-0.00940042
-0.00843233
-0.00755518
-0.00685536
-0.00630704
-0.00595310
-0.00575981
-0.00585911
-0.00624496
-0.00701783
-0.00807987
-0.00939091
-0.01082755
-0.01233365
-0.01377765
-0.01491890
-0.01574500
-0.01621253
-0.01640729
-0.01626073
-0.01588454
-0.01526397
-0.01458217
-0.01387538
-0.01315874
-0.01236796
-0.01142751
-0.01036908
-0.00922133
-0.00803406
-0.00681913
-0.00567228
-0.00454551
-0.00339509
-0.00228342
-0.00131560
-0.00063270
-0.00020148
-0.00007165
-0.00026008
-0.00076459
-0.00150624
-0.00243481
-0.00356532
-0.00480825
-0.00611305
-0.00737561
-0.00852749
-0.00948256
-0.01022583
-0.01080029
-0.01117872
-0.01134495
-0.01127795
-0.01105819
-0.01068099
-0.01022589
-0.00977093
-0.00930922
-0.00886476
-0.00839288
-0.00795237
-0.00755596
-0.00725794
-0.00713407
-0.00723495
-0.00761079
-0.00826163
-0.00910124
-0.00999657
-0.01085800
-0.01157969
-0.01219312
-0.01274349
-0.01325738
-0.01374042
-0.01419304
-0.01473103
-0.01539938
-0.01617838
-0.01682941
-0.01714251
-0.01704341
-0.01653525
-0.01563477
-0.01436166
-0.01275471
-0.01083620
-0.00868090
-0.00634941
-0.00395468
-0.00153466
0.00089386
0.00330024
0.00566867
0.00789511
0.00991507
0.01170236
0.01327869
0.01472131
0.01608128
0.01738325
0.01858469
0.01961115
0.02036901
0.02094417
0.02132998
0.02152376
0.02158923
0.02158239
0.02155596
0.02154029
0.02154477
0.02155403
0.02152912
0.02140401
0.02109357
0.02053038
0.01970590
0.01862293
0.01722747
0.01551890
0.01348349
0.01122944
0.00887580
0.00653884
0.00435040
0.00236387
0.00052329
-0.00119079
-0.00274952
-0.00421926
-0.00561474
-0.00697315
-0.00826827
-0.00947499
-0.01053005
-0.01140843
-0.01212139
-0.01257052
-0.01276247
-0.01270673
-0.01247340
-0.01201468
-0.01134852
-0.01050412
-0.00948456
-0.00843020
-0.00745370
-0.00669016
-0.00617277
-0.00594510
-0.00606274
-0.00653078
-0.00731947
-0.00828426
-0.00934912
-0.01034889
-0.01122878
-0.01184572
-0.01222005
-0.01244431
-0.01255468
-0.01251072
-0.01217092
-0.01156274
-0.01064798
-0.00939101
-0.00761868
-0.00539039
-0.00270826
0.00018890
0.00310893
0.00590845
0.00851971
0.01087807
0.01286380
0.01447999
0.01559522
0.01619372
0.01620790
0.01568212
0.01462219
0.01321184
0.01155879
0.00976914
0.00789031
0.00604353
0.00432862
0.00276068
0.00143399
0.00028956
-0.00065494
-0.00149632
-0.00202909
-0.00224006
-0.00206582
-0.00155021
-0.00072581
0.00034423
0.00160926
0.00307664
0.00465114
0.00639366
0.00821814
0.01020436
0.01219238
0.01415407
0.01601559
0.01781881
0.01943780
0.02087876
0.02208166
0.02305251
0.02388971
0.02465294
0.02539390
0.02608603
0.02679946
0.02738771
0.02791752
0.02831418
0.02868357
0.02904912
0.02932784
0.02942033
0.02924619
0.02884573
0.02820820
0.02743297
0.02654611
0.02562007
0.02457959
0.02344138
0.02217129
0.02079203
0.01928741
0.01773090
0.01625497
0.01487080
0.01365975
0.01261237
0.01173931
0.01096621
0.01028111
0.00955646
0.00879808
0.00804995
0.00737709
0.00687116
0.00661989
0.00668094
0.00704398
0.00766334
0.00840967
0.00917502
0.00984228
0.01044489
0.01102789
0.01172235
0.01249109
0.01323278
0.01382726
0.01422243
0.01435868
0.01419049
0.01375202
0.01310822
0.01238632
0.01157430
0.01068323
0.00963196
0.00839557
0.00693512
0.00520259
0.00317666
0.00092568
-0.00144117
-0.00386235
-0.00634624
-0.00894533
-0.01170109
-0.01460981
-0.01752732
-0.02033287
-0.02298466
-0.02546754
-0.02767681
-0.02952030
-0.03099823
-0.03215176
-0.03296765
-0.03338614
-0.03333663
-0.03281113
-0.03190973
-0.03067224
-0.02915583
-0.02740900
-0.02550660
-0.02352418
-0.02152220
-0.01950050
-0.01744117
-0.01539548
-0.01342440
-0.01159912
-0.00991209
-0.00839027
-0.00703018
-0.00582838
-0.00478356
-0.00387968
-0.00304508
-0.00223606
-0.00145303
-0.00067877
0.00003790
0.00069946
0.00134057
0.00203283
0.00280125
0.00359183
0.00434322
0.00506114
0.00575031
0.00643748
0.00713279
0.00784911
0.00856851
0.00926307
0.00995513
0.01062614
0.01131487
0.01207511
0.01289076
0.01366563
0.01431516
0.01483822
0.01523242
0.01553024
0.01572138
0.01582406
0.01582476
0.01570554
0.01550836
0.01526707
0.01503355
0.01480755
0.01458432
0.01436352
0.01410570
0.01377222
0.01335771
0.01284065
0.01224307
0.01158674
0.01081104
0.00987486
0.00867699
0.00723250
0.00559938
0.00384276
0.00203669
0.00015269
-0.00186106
-0.00408738
-0.00651705
-0.00912674
-0.01186543
-0.01468177
-0.01749466
-0.02020958
-0.02287077
-0.02544798
-0.02796733
-0.03043705
-0.03281189
-0.03498920
-0.03688605
-0.03847179
-0.03971003
-0.04052657
-0.04084083
-0.04063472
-0.03992121
-0.03879207
-0.03731152
-0.03551931
-0.03343788
-0.03115506
-0.02871949
-0.02613910
-0.02351575
-0.02093292
-0.01847589
-0.01618971
-0.01406429
-0.01199080
-0.00991768
-0.00784137
-0.00577559
-0.00384084
-0.00214605
-0.00069418
0.00056752
0.00164601
0.00260842
0.00347296
0.00421570
0.00481585
0.00534514
0.00584301
0.00628491
0.00666252
0.00691931
0.00692089
0.00654412
0.00577497
0.00459838
0.00305256
0.00126890
-0.00069106
-0.00275238
-0.00477728
-0.00664457
-0.00838643
-0.01004910
-0.01169519
-0.01328710
-0.01481013
-0.01624070
-0.01755448
-0.01880754
-0.01995793
-0.02099269
-0.02184827
-0.02253508
-0.02299947
-0.02323091
-0.02319752
-0.02286553
-0.02218068
-0.02115778
-0.01992864
-0.01851901
-0.01695044
-0.01516117
-0.01314119
-0.01093512
-0.00866932
-0.00642591
-0.00425126
-0.00217572
-0.00024994
0.00145606
0.00297265
0.00427759
0.00535616
0.00613455
0.00658290
0.00673359
0.00659994
0.00619096
0.00552440
0.00469346
0.00369744
0.00259274
0.00153910
0.00061055
-0.00026700
-0.00111231
-0.00195119
-0.00280665
-0.00355176
-0.00410165
-0.00440576
-0.00451758
-0.00448309
-0.00438896
-0.00429309
-0.00427723
-0.00438637
-0.00455202
-0.00474499
-0.00497678
-0.00528779
-0.00569796
-0.00616875
-0.00654824
-0.00677879
-0.00682657
-0.00671917
-0.00648582
-0.00608170
-0.00545876
-0.00460052
-0.00362931
-0.00264985
-0.00178141
-0.00095927
-0.00015726
0.00059532
0.00119063
0.00159935
0.00189483
0.00212925
0.00236384
0.00256883
0.00279939
0.00299482
0.00326192
0.00357799
0.00399245
0.00452325
0.00515294
0.00586421
0.00663794
0.00745460
0.00827282
0.00915509
0.00995501
0.01055817
0.01082218
0.01080627
0.01049654
0.01002411
0.00948517
0.00885575
0.00816734
0.00734759
0.00638083
0.00523320
0.00400185
0.00273104
0.00153907
0.00046662
-0.00043350
-0.00123259
-0.00192671
-0.00256774
-0.00312134
-0.00359098
-0.00408799
-0.00464289
-0.00538484
-0.00622756
-0.00712544
-0.00798457
-0.00886210
-0.00974067
-0.01068250
-0.01161791
-0.01246677
-0.01315630
-0.01360791
-0.01386689
-0.01399643
-0.01407078
-0.01411811
-0.01412825
-0.01406352
-0.01397392
-0.01387786
-0.01376453
-0.01361875
-0.01342610
-0.01320273
-0.01300469
-0.01287634
-0.01268274
-0.01234328
-0.01182354
-0.01119648
-0.01051457
-0.00980543
-0.00917333
-0.00865579
-0.00820953
-0.00774156
-0.00719146
-0.00648103
-0.00568565
-0.00488582
-0.00424949
-0.00378362
-0.00343914
-0.00314008
-0.00286462
-0.00259983
-0.00222687
-0.00170783
-0.00101870
-0.00025024
0.00061922
0.00152400
0.00249502
0.00357251
0.00483045
0.00635363
0.00812822
0.01008592
0.01205215
0.01399536
0.01592938
0.01786259
0.01974949
0.02162710
0.02336936
0.02496589
0.02642380
0.02776991
0.02898981
0.03006141
0.03093196
0.03159523
0.03206627
0.03231424
0.03243972
0.03243822
0.03235578
0.03215188
0.03187709
0.03164049
0.03151317
0.03149483
0.03148930
0.03148406
0.03142216
0.03130453
0.03104288
0.03074941
0.03044805
0.03012154
0.02973292
0.02928227
0.02877428
0.02812089
0.02732455
0.02632799
0.02518225
0.02395141
0.02273725
0.02159714
0.02056394
0.01958848
0.01861804
0.01773402
0.01696996
0.01637215
0.01588444
0.01559852
0.01557570
0.01582031
0.01632748
0.01701406
0.01775649
0.01854873
0.01944408
0.02043204
0.02148229
0.02254471
0.02359244
0.02435841
0.02482584
0.02494004
0.02473468
0.02432461
0.02360416
0.02272268
0.02165014
0.02042451
0.01904057
0.01753776
0.01591729
0.01426732
0.01269235
0.01113063
0.00957674
0.00797383
0.00637414
0.00487149
0.00341425
0.00202302
0.00064423
-0.00068988
-0.00198529
-0.00317622
-0.00423542
-0.00511309
-0.00585869
-0.00658807
-0.00730867
-0.00803743
-0.00882389
-0.00969402
-0.01052535
-0.01129018
-0.01197421
-0.01276371
-0.01368334
-0.01469780
-0.01571589
-0.01638718
-0.01658510
-0.01634465
-0.01599167
-0.01569145
-0.01553912
-0.01549153
-0.01546724
-0.01545179
-0.01545767
-0.01556747
-0.01574631
-0.01597637
-0.01625554
-0.01654088
-0.01675660
-0.01689307
-0.01702225
-0.01709139
-0.01722120
-0.01740830
-0.01773383
-0.01813289
-0.01854133
-0.01899607
-0.01946712
-0.02004599
-0.02067099
-0.02138604
-0.02212293
-0.02288072
-0.02357594
-0.02416948
-0.02470262
-0.02512770
-0.02561898
-0.02616501
-0.02674027
-0.02722375
-0.02763385
-0.02799583
-0.02838918
-0.02880523
-0.02917807
-0.02949987
-0.02970400
-0.02981756
-0.02981305
-0.02970038
-0.02943910
-0.02903445
-0.02850851
-0.02789034
-0.02717863
-0.02635503
-0.02537197
-0.02408678
-0.02251506
-0.02077883
-0.01907217
-0.01744475
-0.01585773
-0.01417599
-0.01228349
-0.01012328
-0.00782681
-0.00552777
-0.00328556
-0.00113053
0.00093684
0.00290070
0.00484754
0.00674519
0.00858991
0.01028773
0.01180447
0.01311415
0.01423106
0.01516214
0.01597591
0.01680022
0.01765443
0.01851161
0.01933503
0.02019661
0.02101428
0.02175770
0.02239898
0.02308543
0.02380532
0.02451104
0.02515754
0.02566633
0.02611173
0.02643668
0.02659465
0.02651318
0.02625328
0.02587817
0.02545022
0.02494521
0.02441566
0.02394112
0.02347529
0.02295248
0.02232686
0.02166448
0.02090438
0.02007575
0.01913073
0.01812638
0.01711996
0.01617015
0.01524963
0.01425337
0.01322862
0.01224437
0.01140929
0.01061860
0.00983748
0.00905194
0.00835171
0.00772671
0.00712066
0.00653743
0.00607488
0.00570030
0.00541239
0.00518981
0.00495860
0.00469541
0.00440775
0.00419708
0.00395762
0.00369326
0.00331224
0.00287590
0.00246442
0.00207374
0.00178430
0.00153982
0.00140026
0.00122409
0.00100413
0.00063627
0.00018999
-0.00026698
-0.00075350
-0.00136074
-0.00214020
-0.00306539
-0.00418851
-0.00544159
-0.00686953
-0.00844423
-0.01020182
-0.01205470
-0.01400936
-0.01585360
-0.01748592
-0.01884084
-0.01988663
-0.02060613
-0.02105682
-0.02139676
-0.02168942
-0.02194884
-0.02202620
-0.02196834
-0.02168944
-0.02128973
-0.02082559
-0.02027317
-0.01965748
-0.01906576
-0.01861557
-0.01833087
-0.01817351
-0.01807370
-0.01797488
-0.01785605
-0.01775198
-0.01774993
-0.01798578
-0.01848758
-0.01921287
-0.02004198
-0.02092518
-0.02178247
-0.02257181
-0.02332087
-0.02408296
-0.02492253
-0.02575902
-0.02655516
-0.02727197
-0.02802448
-0.02881453
-0.02958115
-0.03022161
-0.03071374
-0.03104280
-0.03118771
-0.03116985
-0.03098962
-0.03066763
-0.03023701
-0.02979711
-0.02929256
-0.02874441
-0.02816694
-0.02752319
-0.02683965
-0.02612016
-0.02528627
-0.02423683
-0.02297796
-0.02151520
-0.01992627
-0.01830797
-0.01672594
-0.01526485
-0.01389611
-0.01259082
-0.01125773
-0.00983408
-0.00824736
-0.00650472
-0.00467763
-0.00288765
-0.00121060
0.00036125
0.00187509
0.00338894
0.00492926
0.00654592
0.00825115
0.01008169
0.01201035
0.01400075
0.01598221
0.01788762
0.01971974
0.02147509
0.02316314
0.02473327
0.02614043
0.02737804
0.02846718
0.02945356
0.03034045
0.03105172
0.03150410
0.03169055
0.03161612
0.03129753
0.03075992
0.03007850
0.02924093
0.02819822
0.02695547
0.02554128
0.02400169
0.02233067
0.02051734
0.01858236
0.01663835
0.01476847
0.01295245
0.01113735
0.00924216
0.00727906
0.00535169
0.00357301
0.00200654
0.00071196
-0.00031882
-0.00113183
-0.00178534
-0.00239405
-0.00299754
-0.00362540
-0.00427711
-0.00492547
-0.00562902
-0.00638143
-0.00715340
-0.00791722
-0.00870300
-0.00951459
-0.01037096
-0.01122519
-0.01205945
-0.01285652
-0.01359887
-0.01424737
-0.01481162
-0.01530313
-0.01569838
-0.01599573
-0.01616572
-0.01618649
-0.01607151
-0.01582127
-0.01544938
-0.01488395
-0.01412328
-0.01311620
-0.01197488
-0.01066286
-0.00917183
-0.00757589
-0.00586317
-0.00404877
-0.00227508
-0.00062988
0.00085022
0.00215304
0.00338111
0.00460176
0.00583136
0.00705500
0.00825292
0.00948610
0.01072303
0.01200567
0.01328305
0.01447656
0.01556368
0.01650417
0.01723858
0.01777726
0.01817608
0.01842690
0.01859118
0.01858174
0.01846118
0.01818045
0.01783294
0.01747642
0.01705570
0.01655909
0.01599770
0.01552149
0.01512962
0.01486986
0.01474419
0.01469773
0.01467560
0.01460035
0.01440720
0.01405183
0.01355010
0.01286561
0.01210625
0.01132041
0.01050867
0.00949831
0.00826912
0.00690987
0.00546690
0.00405334
0.00259440
0.00107493
-0.00062005
-0.00247312
-0.00442809
-0.00619363
-0.00763528
-0.00866724
-0.00934549
-0.00981719
-0.01013944
-0.01026075
-0.01010587
-0.00976023
-0.00918637
-0.00840099
-0.00745857
-0.00646286
-0.00543839
-0.00435482
-0.00334464
-0.00243834
-0.00171952
-0.00109392
-0.00053693
-0.00003563
0.00036467
0.00079671
0.00123831
0.00170990
0.00216451
0.00263933
0.00316148
0.00372822
0.00435203
0.00504632
0.00583453
0.00659613
0.00734671
0.00812912
0.00907508
0.01015934
0.01133977
0.01250085
0.01356493
0.01460369
0.01563658
0.01670800
0.01772491
0.01865395
0.01941934
0.02009002
0.02066533
0.02110051
0.02129987
0.02133081
0.02117075
0.02091040
0.02058501
0.02020566
0.01979329
0.01927827
0.01868376
0.01795117
0.01723566
0.01663482
0.01624999
0.01595118
0.01569686
0.01535866
0.01497686
0.01462422
0.01430072
0.01408621
0.01390293
0.01377101
0.01363628
0.01355685
0.01342046
0.01322962
0.01289222
0.01246194
0.01198657
0.01141512
0.01077847
0.01012212
0.00950037
0.00885267
0.00811649
0.00718179
0.00609871
0.00491786
0.00375321
0.00266112
0.00168772
0.00079406
0.00000754
-0.00068790
-0.00133207
-0.00196905
-0.00260774
-0.00316716
-0.00365388
-0.00401433
-0.00419942
-0.00419074
-0.00404834
-0.00381273
-0.00348178
-0.00307348
-0.00261246
-0.00208515
-0.00146893
-0.00080467
-0.00011535
0.00055616
0.00128226
0.00206928
0.00286785
0.00356781
0.00413816
0.00457961
0.00483291
0.00482180
0.00459680
0.00415554
0.00350276
0.00265256
0.00164012
0.00061867
-0.00034409
-0.00119475
-0.00201407
-0.00284775
-0.00378574
-0.00481549
-0.00590687
-0.00701182
-0.00813455
-0.00929480
-0.01048588
-0.01171207
-0.01289691
-0.01410524
-0.01533611
-0.01659400
-0.01783926
-0.01903949
-0.02013202
-0.02109431
-0.02190815
-0.02253362
-0.02299913
-0.02330783
-0.02350555
-0.02354753
-0.02346986
-0.02321911
-0.02282040
-0.02225187
-0.02151618
-0.02066176
-0.01976382
-0.01891094
-0.01811802
-0.01739968
-0.01662244
-0.01570588
-0.01462584
-0.01345331
-0.01224371
-0.01107022
-0.00994324
-0.00886762
-0.00786718
-0.00693352
-0.00611566
-0.00535893
-0.00457977
-0.00368056
-0.00270689
-0.00173541
-0.00087294
-0.00015132
0.00043536
0.00086096
0.00122353
0.00148692
0.00163071
0.00158230
0.00128482
0.00078349
0.00017791
-0.00043605
-0.00104615
-0.00156437
-0.00200419
-0.00235369
-0.00268541
-0.00295340
-0.00314342
-0.00331054
-0.00348663
-0.00370418
-0.00393049
-0.00407858
-0.00404058
-0.00389161
-0.00368515
-0.00352135
-0.00347328
-0.00353596
-0.00367697
-0.00382840
-0.00400631
-0.00418516
-0.00437469
-0.00453403
-0.00471362
-0.00488468
-0.00507726
-0.00530143
-0.00548515
-0.00563992
-0.00580121
-0.00603013
-0.00635756
-0.00675734
-0.00715273
-0.00757330
-0.00793624
-0.00821942
-0.00847532
-0.00873071
-0.00899618
-0.00922191
-0.00939246
-0.00942206
-0.00934334
-0.00913627
-0.00888603
-0.00863237
-0.00840466
-0.00819890
-0.00793381
-0.00755496
-0.00703058
-0.00640905
-0.00572137
-0.00504090
-0.00441041
-0.00385520
-0.00326820
-0.00266200
-0.00203484
-0.00138587
-0.00078639
-0.00018672
0.00039773
0.00093985
0.00141220
0.00189276
0.00235720
0.00282148
0.00334044
0.00388537
0.00438967
0.00487654
0.00535948
0.00584325
0.00633621
0.00679889
0.00732057
0.00784696
0.00836327
0.00889077
0.00947933
0.01007927
0.01059803
0.01101225
0.01132114
0.01160707
0.01190313
0.01222521
0.01249863
0.01270622
0.01282727
0.01288092
0.01295143
0.01301959
0.01308038
0.01302960
0.01280299
0.01241141
0.01194416
0.01148510
0.01111025
0.01081161
0.01052707
0.01020405
0.00983970
0.00947765
0.00907062
0.00868203
0.00833093
0.00796228
0.00757072
0.00718236
0.00689695
0.00665174
0.00638689
0.00600846
0.00559513
0.00515492
0.00477499
0.00442921
0.00405378
0.00361670
0.00316144
0.00273577
0.00231584
0.00188062
0.00144740
0.00101654
0.00054808
0.00009321
-0.00028551
-0.00056692
-0.00081460
-0.00104981
-0.00129192
-0.00146112
-0.00154614
-0.00160791
-0.00168282
-0.00174725
-0.00180460
-0.00188607
-0.00203320
-0.00228572
-0.00265121
-0.00307382
-0.00354359
-0.00403414
-0.00449528
-0.00494105
-0.00538509
-0.00578978
-0.00619198
-0.00661023
-0.00702585
-0.00748714
-0.00803174
-0.00863726
-0.00923988
-0.00984410
-0.01050632
-0.01125942
-0.01201526
-0.01267432
-0.01317665
-0.01353062
-0.01373028
-0.01382745
-0.01385319
-0.01383850
-0.01377199
-0.01364021
-0.01341480
-0.01314786
-0.01287397
-0.01264074
-0.01249886
-0.01242921
-0.01241123
-0.01239250
-0.01234051
-0.01221739
-0.01202253
-0.01176743
-0.01153051
-0.01131700
-0.01118823
-0.01105867
-0.01088576
-0.01055237
-0.01004123
-0.00936495
-0.00860952
-0.00774714
-0.00677952
-0.00576003
-0.00462204
-0.00335840
-0.00187622
-0.00024495
0.00146770
0.00313823
0.00473439
0.00626957
0.00780279
0.00936021
0.01092960
0.01251258
0.01404532
0.01554102
0.01695758
0.01832991
0.01961715
0.02081339
0.02184710
0.02270786
0.02339818
0.02390136
0.02417650
0.02419103
0.02396977
0.02353171
0.02296910
0.02215918
0.02115225
0.02001012
0.01884896
0.01773413
0.01671180
0.01571943
0.01462541
0.01346144
0.01218826
0.01087640
0.00952203
0.00818654
0.00686615
0.00561357
0.00442385
0.00332866
0.00229054
0.00140686
0.00065522
-0.00011232
-0.00094469
-0.00178830
-0.00261641
-0.00342988
-0.00407719
-0.00456664
-0.00494319
-0.00526117
-0.00549449
-0.00568323
-0.00573103
-0.00569843
-0.00552947
-0.00529696
-0.00500623
-0.00465794
-0.00424520
-0.00369442
-0.00301761
-0.00216865
-0.00117771
-0.00007725
0.00098058
0.00192939
0.00271283
0.00344295
0.00420159
0.00501130
0.00595348
0.00700043
0.00809179
0.00915233
0.01014559
0.01095119
0.01157112
0.01205304
0.01238538
0.01246676
0.01234532
0.01211300
0.01185132
0.01155056
0.01108845
0.01048361
0.00978615
0.00908508
0.00834556
0.00747816
0.00646796
0.00540977
0.00439338
0.00352131
0.00280147
0.00219525
0.00169716
0.00119500
0.00074337
0.00038874
0.00017062
0.00004562
-0.00001707
-0.00007908
-0.00013984
-0.00019557
-0.00031858
-0.00042208
-0.00060702
-0.00083294
-0.00115492
-0.00146883
-0.00168825
-0.00185214
-0.00198436
-0.00216531
-0.00242122
-0.00276028
-0.00308736
-0.00352039
-0.00403067
-0.00466360
-0.00538395
-0.00622182
-0.00713099
-0.00809265
-0.00912402
-0.01020679
-0.01140660
-0.01266401
-0.01399885
-0.01534506
-0.01669328
-0.01796406
-0.01913255
-0.02014431
-0.02102370
-0.02182426
-0.02245371
-0.02294434
-0.02335646
-0.02371822
-0.02397470
-0.02424089
-0.02448165
-0.02471572
-0.02480460
-0.02461436
-0.02418745
-0.02349282
-0.02272803
-0.02201114
-0.02145802
-0.02094345
-0.02045700
-0.01992439
-0.01935554
-0.01870082
-0.01797071
-0.01711984
-0.01603216
-0.01474658
-0.01334505
-0.01199350
-0.01073895
-0.00966397
-0.00872250
-0.00784817
-0.00696730
-0.00608034
-0.00525468
-0.00452403
-0.00385382
-0.00319525
-0.00259431
-0.00195048
-0.00124115
-0.00049119
0.00020144
0.00080316
0.00138341
0.00198259
0.00257735
0.00309969
0.00355953
0.00398681
0.00439809
0.00472808
0.00503786
0.00530711
0.00554384
0.00575270
0.00593849
0.00617117
0.00650335
0.00697166
0.00751825
0.00820205
0.00895089
0.00970601
0.01039830
0.01111328
0.01191691
0.01281981
0.01376334
0.01473802
0.01576828
0.01670655
0.01750627
0.01809117
0.01857949
0.01892879
0.01912416
0.01921737
0.01922429
0.01917237
0.01905390
0.01887064
0.01862020
0.01834800
0.01800332
0.01762892
0.01712634
0.01655769
0.01598530
0.01540754
0.01478255
0.01414183
0.01347473
0.01268226
0.01179658
0.01081543
0.00988136
0.00887604
0.00784602
0.00670752
0.00546056
0.00411933
0.00275429
0.00142129
0.00016798
-0.00098681
-0.00204768
-0.00308284
-0.00415604
-0.00518334
-0.00611458
-0.00685717
-0.00744577
-0.00795577
-0.00841847
-0.00881791
-0.00922026
-0.00954905
-0.00976504
-0.00989626
-0.00995484
-0.00996823
-0.00993083
-0.00983192
-0.00963760
-0.00933728
-0.00894710
-0.00853876
-0.00812868
-0.00770854
-0.00719355
-0.00658755
-0.00593136
-0.00530131
-0.00467373
-0.00407162
-0.00353755
-0.00310471
-0.00270298
-0.00235732
-0.00204263
-0.00166141
-0.00116303
-0.00054517
0.00016248
0.00098570
0.00186509
0.00273466
0.00357691
0.00441600
0.00525805
0.00608827
0.00688176
0.00763686
0.00831470
0.00894134
0.00953600
0.01001966
0.01029643
0.01039279
0.01038313
0.01032040
0.01027545
0.01028642
0.01038574
0.01055406
0.01074125
0.01088861
0.01097874
0.01096791
0.01083397
0.01054087
0.01015624
0.00975631
0.00932966
0.00885410
0.00833179
0.00778322
0.00721215
0.00659578
0.00596726
0.00538353
0.00484178
0.00428102
0.00366264
0.00295745
0.00216620
0.00140110
0.00077389
0.00032885
0.00002014
-0.00021697
-0.00044169
-0.00064623
-0.00083498
-0.00096615
-0.00106187
-0.00114412
-0.00126464
-0.00144641
-0.00170575
-0.00199779
-0.00223101
-0.00239609
-0.00253334
-0.00271244
-0.00299610
-0.00340195
-0.00386075
-0.00435599
-0.00479219
-0.00508834
-0.00525706
-0.00532485
-0.00534283
-0.00533639
-0.00532188
-0.00527739
-0.00517935
-0.00498838
-0.00470624
-0.00437197
-0.00411933
-0.00393106
-0.00384716
-0.00382204
-0.00388062
-0.00399598
-0.00419779
-0.00444930
-0.00472058
-0.00499079
-0.00522330
-0.00544544
-0.00564970
-0.00581965
-0.00586603
-0.00578776
-0.00556548
-0.00527430
-0.00500969
-0.00485934
-0.00476565
-0.00468472
-0.00448975
-0.00411677
-0.00366860
-0.00322468
-0.00276672
-0.00219621
-0.00157764
-0.00089863
-0.00026516
0.00028417
0.00079328
0.00138677
0.00211758
0.00294470
0.00388028
0.00482871
0.00583107
0.00679649
0.00767361
0.00840785
0.00908646
0.00975695
0.01039900
0.01093040
0.01122827
0.01131664
0.01113850
0.01073586
0.01013312
0.00950245
0.00880113
0.00806984
0.00733285
0.00655049
0.00583307
0.00513920
0.00441623
0.00352216
0.00249460
0.00138365
0.00033057
-0.00058843
-0.00131965
-0.00197307
-0.00264556
-0.00337891
-0.00415041
-0.00484965
-0.00544576
-0.00586330
-0.00626596
-0.00668525
-0.00722106
-0.00788566
-0.00860493
-0.00923642
-0.00974136
-0.01020289
-0.01067972
-0.01119700
-0.01163509
-0.01201057
-0.01228305
-0.01244350
-0.01252657
-0.01254735
-0.01251647
-0.01241392
-0.01221488
-0.01189423
-0.01148080
-0.01094228
-0.01037384
-0.00978030
-0.00908748
-0.00828319
-0.00745199
-0.00660704
-0.00572290
-0.00475838
-0.00369464
-0.00258172
-0.00143422
-0.00028540
0.00089314
0.00200695
0.00305932
0.00401447
0.00497083
0.00590031
0.00678984
0.00759823
0.00838825
0.00915175
0.00981232
0.01036176
0.01073092
0.01092817
0.01098448
0.01093430
0.01079750
0.01059232
0.01033976
0.01006760
0.00974184
0.00939593
0.00905905
0.00873648
0.00838021
0.00799701
0.00760443
0.00722188
0.00689838
0.00652944
0.00610475
0.00556028
0.00490100
0.00420027
0.00355563
0.00295022
0.00228430
0.00150815
0.00064773
-0.00022465
-0.00106202
-0.00179528
-0.00250426
-0.00331755
-0.00428101
-0.00531421
-0.00633811
-0.00725423
-0.00807087
-0.00883917
-0.00953857
-0.01017435
-0.01078751
-0.01139992
-0.01197632
-0.01259117
-0.01325157
-0.01393592
-0.01459757
-0.01528219
-0.01597849
-0.01662507
-0.01713810
-0.01752279
-0.01777244
-0.01789497
-0.01793748
-0.01791275
-0.01783420
-0.01768390
-0.01745885
-0.01716565
-0.01684660
-0.01650184
-0.01615579
-0.01575022
-0.01534875
-0.01498109
-0.01463833
-0.01430222
-0.01391977
-0.01350989
-0.01310188
-0.01272081
-0.01233667
-0.01191103
-0.01144911
-0.01093479
-0.01032179
-0.00966774
-0.00902096
-0.00840888
-0.00783712
-0.00727754
-0.00667045
-0.00598705
-0.00526615
-0.00457676
-0.00399110
-0.00351128
-0.00311274
-0.00274054
-0.00242506
-0.00215615
-0.00189533
-0.00163098
-0.00139143
-0.00127882
-0.00134822
-0.00153996
-0.00179174
-0.00200937
-0.00212560
-0.00211866
-0.00197857
-0.00173269
-0.00143655
-0.00114964
-0.00090199
-0.00070380
-0.00049571
-0.00025670
0.00002559
0.00027076
0.00045323
0.00061238
0.00081137
0.00112470
0.00158397
0.00213931
0.00272729
0.00333343
0.00394102
0.00452750
0.00517264
0.00592419
0.00674576
0.00757637
0.00840990
0.00925757
0.01005865
0.01076033
0.01137316
0.01195936
0.01253984
0.01311589
0.01365684
0.01413172
0.01451693
0.01483882
0.01510398
0.01536638
0.01564885
0.01594412
0.01624658
0.01652553
0.01677605
0.01697711
0.01707949
0.01707270
0.01705217
0.01709972
0.01721492
0.01730198
0.01735522
0.01740293
0.01745467
0.01747819
0.01750068
0.01755756
0.01763063
0.01763602
0.01753042
0.01729372
0.01697743
0.01670082
0.01651094
0.01720756
0.01718893
0.01722077
0.01726097
0.01727013
0.01719902
0.01701122
0.01669133
0.01628618
0.01580533
0.01534738
0.01494586
0.01463401
0.01443436
0.01431455
0.01424781
0.01420308
0.01417565
0.01417000
0.01421238
0.01431892
0.01449455
0.01469330
0.01492517
0.01513710
0.01537173
0.01558964
0.01575434
0.01581655
0.01571112
0.01545247
0.01507870
0.01470582
0.01427391
0.01376648
0.01310155
0.01222442
0.01114738
0.00997456
0.00879401
0.00767663
0.00660048
0.00546421
0.00427069
0.00299411
0.00167034
0.00030420
-0.00106204
-0.00241482
-0.00371082
-0.00493830
-0.00607949
-0.00715866
-0.00821929
-0.00925651
-0.01028474
-0.01121415
-0.01200139
-0.01261413
-0.01316770
-0.01369201
-0.01418915
-0.01467763
-0.01519376
-0.01569483
-0.01615214
-0.01661170
-0.01707861
-0.01761604
-0.01816435
-0.01868545
-0.01917380
-0.01968318
-0.02019365
-0.02070973
-0.02127684
-0.02186960
-0.02244970
-0.02301629
-0.02356238
-0.02399040
-0.02427337
-0.02446070
-0.02460405
-0.02472335
-0.02485329
-0.02494752
-0.02490324
-0.02472285
-0.02440389
-0.02402630
-0.02358422
-0.02313241
-0.02269515
-0.02228545
-0.02191093
-0.02151719
-0.02106513
-0.02052803
-0.01995231
-0.01927030
-0.01850339
-0.01768644
-0.01683738
-0.01596221
-0.01507030
-0.01418085
-0.01325179
-0.01226608
-0.01121625
-0.01017891
-0.00920288
-0.00833032
-0.00750827
-0.00669973
-0.00593367
-0.00522093
-0.00454470
-0.00386913
-0.00322261
-0.00260159
-0.00194009
-0.00118164
-0.00036204
0.00046281
0.00124130
0.00198471
0.00271803
0.00340692
0.00401575
0.00455620
0.00506803
0.00555268
0.00605007
0.00660719
0.00721931
0.00782397
0.00836715
0.00884660
0.00930115
0.00973668
0.01013727
0.01051833
0.01085618
0.01112022
0.01133647
0.01159402
0.01191928
0.01231354
0.01272826
0.01309770
0.01339009
0.01361578
0.01376285
0.01383155
0.01383381
0.01377390
0.01368142
0.01358880
0.01351913
0.01347052
0.01340607
0.01324982
0.01300666
0.01273130
0.01243203
0.01208957
0.01166986
0.01115551
0.01057815
0.01000071
0.00945159
0.00893452
0.00842175
0.00791676
0.00742752
0.00692284
0.00638911
0.00587246
0.00541243
0.00500360
0.00464635
0.00432553
0.00405798
0.00385314
0.00370219
0.00358643
0.00349494
0.00342277
0.00337865
0.00337507
0.00342302
0.00351486
0.00361189
0.00367847
0.00370569
0.00373774
0.00379032
0.00385183
0.00389660
0.00392077
0.00391042
0.00388957
0.00387893
0.00389865
0.00393252
0.00393336
0.00388660
0.00379472
0.00366992
0.00352800
0.00338297
0.00324463
0.00311714
0.00299868
0.00288060
0.00274806
0.00258132
0.00236113
0.00207723
0.00174298
0.00140735
0.00109320
0.00079473
0.00050237
0.00019363
-0.00013236
-0.00047191
-0.00081337
-0.00114981
-0.00147466
-0.00182627
-0.00222654
-0.00265827
-0.00308039
-0.00345306
-0.00375174
-0.00399457
-0.00422002
-0.00445253
-0.00469445
-0.00492381
-0.00511678
-0.00525016
-0.00533771
-0.00540086
-0.00543016
-0.00543594
-0.00543279
-0.00542504
-0.00541713
-0.00541270
-0.00540907
-0.00540810
-0.00538796
-0.00534739
-0.00530128
-0.00526371
-0.00524218
-0.00524698
-0.00527169
-0.00530511
-0.00533126
-0.00533949
-0.00532287
-0.00528374
-0.00523245
-0.00517268
-0.00510860
-0.00504837
-0.00498975
-0.00491176
-0.00480546
-0.00467586
-0.00453640
-0.00439928
-0.00427064
-0.00414238
-0.00400874
-0.00385799
-0.00369233
-0.00351786
-0.00333500
-0.00313880
-0.00292579
-0.00269786
-0.00245862
-0.00222383
-0.00200257
-0.00178935
-0.00157887
-0.00137740
-0.00118849
-0.00100761
-0.00082512
-0.00064201
-0.00046899
-0.00031993
-0.00020177
-0.00010756
-0.00002823
0.00004082
0.00010223
0.00015144
0.00018439
0.00020308
0.00021427
0.00022907
0.00024705
0.00026926
0.00029414
0.00032195
0.00035142
0.00038242
0.00041228
0.00043786
0.00045871
0.00047680
0.00049472
0.00051551
0.00054085
0.00057047
0.00060491
0.00064232
0.00068117
0.00071982
0.00075677
0.00078916
0.00081398
0.00083060
0.00084248
0.00084980
0.00085344
0.00085532
0.00085412
0.00084834
0.00083836
0.00082583
0.00081109
0.00079575
0.00077858
0.00075981
0.00073954
0.00071796
0.00069635
0.00067542
0.00065540
0.00063517
0.00061459
0.00059421
0.00057485
0.00055535
0.00053546
0.00051508
0.00049475
0.00047488
0.00045624
0.00043928
0.00042345
0.00040873
0.00039454
0.00038053
0.00036675
0.00035338
0.00034062
0.00032859
0.00031719
0.00030617
0.00029560
0.00028542
0.00027569
0.00026640
0.00025759
0.00024923
0.00024139
0.00023417
0.00022744
0.00022112
0.00021513
0.00020958
0.00020449
0.00019993
0.00019591
0.00019244
0.00018946
0.00018695
0.00018482
0.00018301
0.00018142
0.00018004
0.00017885
0.00017781
0.00017688
0.00017603
0.00017523
0.00017448
0.00017376
0.00017306
0.00017240
0.00017177
0.00017117
0.00017060
0.00017006
0.00016954
0.00016903
0.00016853
0.00016803
0.00016752
0.00016701
0.00016648
0.00016594
0.00016538
0.00016480
0.00016421
0.00016360
0.00016298
0.00016235
0.00016169
0.00016103
