0.00005474
0.00005492
0.00005492
0.00005479
0.00005477
0.00005525
0.00005675
0.00005989
0.00006518
0.00007284
0.00008226
0.00009195
0.00010018
0.00010597
0.00010876
0.00010777
0.00010186
0.00008984
0.00007178
0.00004772
0.00001800
-0.00001486
-0.00004693
-0.00007408
-0.00009569
-0.00011179
-0.00012023
-0.00011880
-0.00010871
-0.00009182
-0.00006955
-0.00004212
-0.00000856
0.00003066
0.00007251
0.00011127
0.00014018
0.00015649
0.00015996
0.00014599
0.00011079
0.00005261
-0.00002891
-0.00012873
-0.00023622
-0.00033803
-0.00042153
-0.00047166
-0.00047681
-0.00043847
-0.00036801
-0.00026979
-0.00014936
-0.00002338
0.00009030
0.00017803
0.00023189
0.00024490
0.00021081
0.00013002
0.00001003
-0.00013612
-0.00028781
-0.00042141
-0.00051765
-0.00055730
-0.00052141
-0.00039819
-0.00020147
0.00003949
0.00029837
0.00055199
0.00077157
0.00093115
0.00101895
0.00102957
0.00096707
0.00085019
0.00070259
0.00054450
0.00038372
0.00021306
0.00001784
-0.00021430
-0.00048141
-0.00076967
-0.00105506
-0.00130450
-0.00148225
-0.00156212
-0.00152054
-0.00135227
-0.00107117
-0.00070671
-0.00029578
0.00011318
0.00047567
0.00076740
0.00097017
0.00106869
0.00106797
0.00098452
0.00083940
0.00065723
0.00045844
0.00025935
0.00008043
-0.00005879
-0.00014310
-0.00016565
-0.00013511
-0.00006230
0.00003782
0.00014840
0.00025309
0.00034044
0.00039677
0.00041407
0.00038123
0.00027628
0.00010164
-0.00011712
-0.00034655
-0.00055161
-0.00070700
-0.00079454
-0.00080470
-0.00073806
-0.00060834
-0.00043452
-0.00024056
-0.00006270
0.00007074
0.00015484
0.00019896
0.00021740
0.00022579
0.00023172
0.00022711
0.00020568
0.00017491
0.00013985
0.00009076
0.00001541
-0.00009148
-0.00021671
-0.00033377
-0.00042321
-0.00046981
-0.00045709
-0.00038419
-0.00026517
-0.00012532
0.00000852
0.00012445
0.00022203
0.00030410
0.00036598
0.00040383
0.00042010
0.00041910
0.00039330
0.00033730
0.00025560
0.00015524
0.00004232
-0.00008364
-0.00021578
-0.00033697
-0.00042702
-0.00046366
-0.00043847
-0.00036163
-0.00024824
-0.00011311
0.00003060
0.00017355
0.00030867
0.00041795
0.00048199
0.00048452
0.00042373
0.00032160
0.00020972
0.00011164
0.00004092
0.00000070
-0.00000824
0.00001084
0.00004795
0.00009611
0.00014383
0.00017459
0.00017429
0.00013586
0.00005811
-0.00004431
-0.00014904
-0.00023956
-0.00029888
-0.00031291
-0.00027920
-0.00021827
-0.00015576
-0.00010180
-0.00005858
-0.00002081
0.00000919
0.00001770
-0.00000051
-0.00004362
-0.00010083
-0.00015262
-0.00018563
-0.00018624
-0.00014730
-0.00008264
-0.00000654
0.00007647
0.00015730
0.00021920
0.00023920
0.00021007
0.00013756
0.00002879
-0.00011223
-0.00026929
-0.00040974
-0.00051623
-0.00059087
-0.00064039
-0.00067374
-0.00069619
-0.00070766
-0.00070561
-0.00069655
-0.00068969
-0.00068218
-0.00065649
-0.00059780
-0.00050164
-0.00037571
-0.00022505
-0.00005540
0.00011819
0.00026743
0.00036192
0.00039695
0.00038934
0.00035619
0.00032111
0.00030752
0.00032218
0.00036633
0.00044354
0.00053964
0.00063773
0.00072298
0.00077963
0.00079779
0.00077837
0.00073408
0.00067259
0.00059306
0.00050054
0.00040342
0.00030469
0.00020197
0.00009788
-0.00000707
-0.00011778
-0.00023535
-0.00034742
-0.00043488
-0.00049009
-0.00051235
-0.00050328
-0.00046737
-0.00041310
-0.00033967
-0.00024829
-0.00014960
-0.00005798
0.00001270
0.00004759
0.00003193
-0.00004095
-0.00016643
-0.00033154
-0.00051124
-0.00067026
-0.00076935
-0.00079138
-0.00075020
-0.00067225
-0.00057613
-0.00046833
-0.00034861
-0.00022116
-0.00009682
0.00002688
0.00016346
0.00032388
0.00050279
0.00069823
0.00090527
0.00110082
0.00126064
0.00136145
0.00138336
0.00131441
0.00116332
0.00095396
0.00071548
0.00047873
0.00027364
0.00012378
0.00002919
-0.00002014
-0.00003834
-0.00004498
-0.00006393
-0.00010801
-0.00016849
-0.00023664
-0.00031529
-0.00040265
-0.00048691
-0.00055452
-0.00059967
-0.00062410
-0.00063219
-0.00063195
-0.00063665
-0.00066090
-0.00070087
-0.00074654
-0.00078617
-0.00080675
-0.00079430
-0.00074102
-0.00064817
-0.00051769
-0.00035708
-0.00018548
-0.00002203
0.00012367
0.00024865
0.00034248
0.00039711
0.00041194
0.00039854
0.00036922
0.00033118
0.00030115
0.00029501
0.00031915
0.00037382
0.00044376
0.00050305
0.00053358
0.00052569
0.00047929
0.00039428
0.00026429
0.00009423
-0.00010078
-0.00029769
-0.00046081
-0.00055268
-0.00054750
-0.00044186
-0.00025501
-0.00001527
0.00024466
0.00048662
0.00067659
0.00079155
0.00081905
0.00075217
0.00059538
0.00037329
0.00012420
-0.00011278
-0.00031344
-0.00046876
-0.00056916
-0.00061172
-0.00060409
-0.00055753
-0.00048099
-0.00037606
-0.00025333
-0.00013281
-0.00003202
0.00003998
0.00008359
0.00009981
0.00009044
0.00006518
0.00003803
0.00001535
0.00000114
-0.00000421
-0.00000342
0.00000019
0.00000333
0.00000295
-0.00000382
-0.00001910
-0.00004210
-0.00006860
-0.00009476
-0.00011718
-0.00013343
-0.00013416
-0.00011062
-0.00006331
0.00000638
0.00009286
0.00018224
0.00025274
0.00028454
0.00027175
0.00021901
0.00013734
0.00005091
-0.00001912
-0.00006629
-0.00008975
-0.00008903
-0.00007568
-0.00006981
-0.00008307
-0.00012000
-0.00017859
-0.00025324
-0.00033383
-0.00040174
-0.00044250
-0.00044227
-0.00038846
-0.00028496
-0.00015216
-0.00002637
0.00006444
0.00010608
0.00010343
0.00007473
0.00003159
-0.00000888
-0.00003649
-0.00005011
-0.00005042
-0.00003912
-0.00002336
-0.00000986
-0.00000385
-0.00000790
-0.00001685
-0.00002399
-0.00002444
-0.00001247
0.00002141
0.00008004
0.00014704
0.00019417
0.00021561
0.00021239
0.00018475
0.00013027
0.00005592
-0.00001848
-0.00008257
-0.00013112
-0.00015314
-0.00013729
-0.00008699
-0.00001436
0.00007028
0.00015532
0.00022757
0.00027244
0.00029142
0.00029459
0.00028781
0.00027136
0.00025900
0.00026971
0.00032002
0.00041927
0.00056858
0.00075597
0.00094579
0.00110008
0.00118855
0.00119688
0.00111768
0.00096162
0.00075700
0.00052677
0.00029481
0.00009441
-0.00005063
-0.00013474
-0.00017137
-0.00017831
-0.00016708
-0.00014940
-0.00014583
-0.00017329
-0.00023077
-0.00031090
-0.00039660
-0.00046968
-0.00050978
-0.00050205
-0.00044312
-0.00033727
-0.00019857
-0.00004093
0.00012313
0.00027874
0.00040978
0.00049933
0.00053640
0.00051751
0.00044747
0.00033689
0.00020757
0.00008733
-0.00000335
-0.00005900
-0.00008896
-0.00010120
-0.00010064
-0.00009587
-0.00009567
-0.00010193
-0.00011213
-0.00011595
-0.00009950
-0.00004600
0.00005137
0.00018631
0.00033755
0.00046717
0.00055503
0.00059564
0.00058932
0.00054424
0.00047230
0.00037662
0.00025553
0.00012567
0.00001788
-0.00005357
-0.00009925
-0.00013995
-0.00019055
-0.00024880
-0.00030022
-0.00033722
-0.00035781
-0.00036167
-0.00035239
-0.00033326
-0.00031179
-0.00029725
-0.00029714
-0.00031570
-0.00036121
-0.00043043
-0.00050680
-0.00057158
-0.00060722
-0.00060101
-0.00055150
-0.00046783
-0.00035904
-0.00023433
-0.00010910
-0.00000208
0.00007692
0.00012934
0.00015959
0.00017831
0.00019725
0.00022360
0.00026212
0.00031068
0.00035524
0.00037658
0.00036761
0.00033910
0.00030148
0.00025742
0.00021013
0.00015804
0.00010074
0.00004697
0.00000307
-0.00003310
-0.00005545
-0.00005777
-0.00004471
-0.00003037
-0.00002729
-0.00003832
-0.00006484
-0.00011506
-0.00019552
-0.00029497
-0.00039047
-0.00046673
-0.00051979
-0.00054303
-0.00053111
-0.00048179
-0.00039842
-0.00029823
-0.00020777
-0.00014018
-0.00009366
-0.00006295
-0.00004273
-0.00003184
-0.00002683
-0.00001953
-0.00000868
0.00000985
0.00004584
0.00010498
0.00017919
0.00026037
0.00034466
0.00042800
0.00050418
0.00056892
0.00061914
0.00065257
0.00066494
0.00064527
0.00059575
0.00052969
0.00045661
0.00037882
0.00029365
0.00019856
0.00009575
-0.00001040
-0.00011504
-0.00020787
-0.00027688
-0.00031260
-0.00030594
-0.00025799
-0.00017645
-0.00007403
0.00002357
0.00008565
0.00009614
0.00005718
-0.00001892
-0.00011238
-0.00020052
-0.00025677
-0.00026242
-0.00021244
-0.00012373
-0.00001951
0.00007841
0.00015601
0.00020834
0.00022458
0.00019571
0.00012589
0.00003789
-0.00003896
-0.00009632
-0.00013068
-0.00013961
-0.00013229
-0.00012081
-0.00011830
-0.00014334
-0.00020964
-0.00031438
-0.00043191
-0.00053279
-0.00060626
-0.00065300
-0.00067594
-0.00067413
-0.00064312
-0.00057346
-0.00046613
-0.00034339
-0.00023405
-0.00015560
-0.00010741
-0.00007519
-0.00004422
-0.00000628
0.00004480
0.00010191
0.00014918
0.00018001
0.00019053
0.00018282
0.00017005
0.00016876
0.00018888
0.00021996
0.00024529
0.00026271
0.00027611
0.00027606
0.00026165
0.00024009
0.00021263
0.00017155
0.00011112
0.00003150
-0.00006345
-0.00016662
-0.00026057
-0.00032581
-0.00034407
-0.00030142
-0.00020026
-0.00006073
0.00009677
0.00025164
0.00038290
0.00046316
0.00047392
0.00042563
0.00033679
0.00022941
0.00012760
0.00004506
-0.00001316
-0.00004598
-0.00005359
-0.00003518
0.00000670
0.00006516
0.00012013
0.00014940
0.00014235
0.00009293
0.00000327
-0.00010278
-0.00018866
-0.00022769
-0.00021600
-0.00017034
-0.00012111
-0.00009425
-0.00010333
-0.00015438
-0.00024047
-0.00034916
-0.00046015
-0.00053971
-0.00056104
-0.00051546
-0.00041495
-0.00028269
-0.00014750
-0.00003319
0.00004676
0.00009037
0.00010184
0.00008432
0.00004152
-0.00002535
-0.00011265
-0.00021238
-0.00031513
-0.00040752
-0.00047367
-0.00049662
-0.00046959
-0.00040099
-0.00030124
-0.00017935
-0.00004672
0.00008313
0.00019750
0.00029342
0.00037877
0.00046371
0.00055152
0.00063435
0.00069966
0.00073987
0.00075313
0.00074032
0.00070745
0.00065891
0.00059171
0.00050562
0.00040740
0.00029783
0.00018409
0.00007328
-0.00003990
-0.00016193
-0.00028357
-0.00038942
-0.00047875
-0.00055721
-0.00061724
-0.00064961
-0.00065759
-0.00064817
-0.00061809
-0.00056610
-0.00049790
-0.00042797
-0.00037257
-0.00034140
-0.00033074
-0.00033157
-0.00032877
-0.00030497
-0.00025257
-0.00017352
-0.00007526
0.00003226
0.00012680
0.00017978
0.00017319
0.00010014
-0.00003365
-0.00020983
-0.00040390
-0.00058511
-0.00072380
-0.00078872
-0.00075583
-0.00062801
-0.00041632
-0.00014176
0.00015221
0.00041661
0.00062411
0.00075458
0.00079357
0.00073650
0.00059394
0.00039770
0.00018997
0.00000888
-0.00011644
-0.00016989
-0.00014815
-0.00005628
0.00008320
0.00023173
0.00035490
0.00042925
0.00044709
0.00041764
0.00035020
0.00025833
0.00016001
0.00007206
0.00000770
-0.00003305
-0.00005580
-0.00005904
-0.00003492
0.00001879
0.00010074
0.00019914
0.00029986
0.00039274
0.00047559
0.00054148
0.00058603
0.00061248
0.00063062
0.00064866
0.00066064
0.00065525
0.00063329
0.00060051
0.00055398
0.00049343
0.00042617
0.00034964
0.00025328
0.00013381
-0.00001659
-0.00020480
-0.00043076
-0.00068830
-0.00096003
-0.00123380
-0.00149686
-0.00172632
-0.00189100
-0.00196564
-0.00193765
-0.00179841
-0.00154154
-0.00117855
-0.00074998
-0.00030926
0.00010159
0.00044760
0.00069159
0.00080668
0.00078697
0.00065534
0.00045407
0.00022529
-0.00000036
-0.00019688
-0.00034630
-0.00044848
-0.00052271
-0.00059245
-0.00066716
-0.00074043
-0.00079154
-0.00079224
-0.00070811
-0.00050501
-0.00016526
0.00029815
0.00084818
0.00142957
0.00198195
0.00244700
0.00277385
0.00292252
0.00287873
0.00266192
0.00230507
0.00185915
0.00138417
0.00093512
0.00055100
0.00026298
0.00008708
0.00000437
-0.00003860
-0.00009972
-0.00023992
-0.00051081
-0.00092395
-0.00145166
-0.00204830
-0.00265474
-0.00319573
-0.00358542
-0.00375041
-0.00365281
-0.00329756
-0.00272668
-0.00202005
-0.00127435
-0.00058797
-0.00004449
0.00031176
0.00047493
0.00046385
0.00031118
0.00006579
-0.00021074
-0.00046215
-0.00064798
-0.00074139
-0.00073353
-0.00062958
-0.00044295
-0.00018872
0.00012021
0.00047277
0.00085972
0.00127253
0.00170012
0.00212482
0.00252029
0.00286158
0.00311685
0.00325697
0.00326651
0.00314843
0.00292236
0.00262828
0.00230896
0.00199985
0.00171867
0.00148035
0.00130521
0.00121434
0.00122992
0.00134672
0.00152940
0.00173291
0.00191855
0.00203597
0.00202601
0.00184297
0.00147310
0.00094686
0.00033321
-0.00027234
-0.00076913
-0.00107288
-0.00114318
-0.00099787
-0.00071826
-0.00040521
-0.00015724
-0.00005653
-0.00015388
-0.00044348
-0.00084848
-0.00124512
-0.00149780
-0.00149833
-0.00120066
-0.00063921
0.00007624
0.00079943
0.00137280
0.00165989
0.00158745
0.00117906
0.00054695
-0.00014607
-0.00074959
-0.00116542
-0.00135264
-0.00134582
-0.00124939
-0.00120578
-0.00134686
-0.00174815
-0.00238996
-0.00316537
-0.00393348
-0.00455418
-0.00490629
-0.00491626
-0.00456425
-0.00387457
-0.00289654
-0.00168617
-0.00030390
0.00115737
0.00255723
0.00371653
0.00443963
0.00454990
0.00392976
0.00256852
0.00061042
-0.00166345
-0.00389443
-0.00571902
-0.00682977
-0.00704777
-0.00637184
-0.00496823
-0.00311205
-0.00111244
0.00074160
0.00222338
0.00320561
0.00365609
0.00360865
0.00314845
0.00239870
0.00149880
0.00058695
-0.00021610
-0.00081601
-0.00114309
-0.00115761
-0.00086336
-0.00031770
0.00038554
0.00114137
0.00186149
0.00248049
0.00296532
0.00332671
0.00360074
0.00381622
0.00396709
0.00400797
0.00386587
0.00347244
0.00279662
0.00186751
0.00078395
-0.00028875
-0.00115466
-0.00165010
-0.00169252
-0.00130359
-0.00059515
0.00026784
0.00111911
0.00185183
0.00244366
0.00294461
0.00343081
0.00394245
0.00444631
0.00484946
0.00501918
0.00483192
0.00423444
0.00327944
0.00211333
0.00092373
-0.00010334
-0.00082991
-0.00119810
-0.00125195
-0.00111988
-0.00096773
-0.00094666
-0.00115661
-0.00162518
-0.00232350
-0.00318779
-0.00415402
-0.00517602
-0.00621547
-0.00721221
-0.00808708
-0.00873088
-0.00901399
-0.00880904
-0.00801226
-0.00659240
-0.00463107
-0.00232941
0.00003288
0.00213989
0.00369063
0.00445601
0.00432776
0.00334835
0.00168857
-0.00039105
-0.00256685
-0.00450359
-0.00589635
-0.00649977
-0.00615775
-0.00483547
-0.00263864
0.00017465
0.00322793
0.00608864
0.00833259
0.00961285
0.00972370
0.00863586
0.00650031
0.00361900
0.00038597
-0.00278375
-0.00551854
-0.00752981
-0.00863461
-0.00875940
-0.00793629
-0.00627918
-0.00395670
-0.00117391
0.00184096
0.00484490
0.00758574
0.00980629
0.01128390
0.01188193
0.01157108
0.01044497
0.00869897
0.00658310
0.00434631
0.00218725
0.00021796
-0.00152093
-0.00301586
-0.00424896
-0.00516328
-0.00565196
-0.00559364
-0.00489278
-0.00353104
-0.00162785
0.00056839
0.00271467
0.00442706
0.00535318
0.00525933
0.00410746
0.00207792
-0.00045474
-0.00301534
-0.00514723
-0.00651992
-0.00699649
-0.00665560
-0.00574679
-0.00458539
-0.00343349
-0.00243941
-0.00161911
-0.00087035
-0.00003386
0.00104033
0.00240930
0.00398460
0.00556431
0.00688455
0.00767208
0.00771225
0.00690814
0.00531812
0.00312978
0.00061611
-0.00190737
-0.00413792
-0.00583448
-0.00686109
-0.00719807
-0.00691693
-0.00615414
-0.00507449
-0.00382790
-0.00252896
-0.00126605
-0.00011914
0.00083047
0.00150818
0.00186810
0.00190612
0.00166657
0.00124532
0.00078049
0.00041915
0.00027426
0.00038554
0.00071848
0.00116174
0.00153591
0.00164112
0.00130540
0.00043125
-0.00096808
-0.00275151
-0.00466395
-0.00638503
-0.00758142
-0.00799227
-0.00750440
-0.00618369
-0.00425509
-0.00204496
0.00011837
0.00199178
0.00347290
0.00460399
0.00553064
0.00642059
0.00737978
0.00841111
0.00941985
0.01023191
0.01065884
0.01056930
0.00993075
0.00882734
0.00744028
0.00598325
0.00464155
0.00352241
0.00263491
0.00189672
0.00116722
0.00032825
-0.00067262
-0.00180399
-0.00296136
-0.00399586
-0.00477029
-0.00524538
-0.00551205
-0.00575247
-0.00616516
-0.00687402
-0.00786720
-0.00897670
-0.00990884
-0.01033396
-0.00998525
-0.00874250
-0.00667214
-0.00399568
-0.00106137
0.00172858
0.00401856
0.00556172
0.00625937
0.00616603
0.00544945
0.00432592
0.00298294
0.00154236
0.00006571
-0.00142196
-0.00291057
-0.00435558
-0.00564347
-0.00660247
-0.00702824
-0.00672578
-0.00558049
-0.00362088
-0.00103436
0.00185678
0.00464324
0.00690494
0.00830186
0.00864796
0.00794976
0.00640544
0.00435746
0.00220878
0.00033833
-0.00097245
-0.00159681
-0.00157245
-0.00109173
-0.00045911
0.00000154
0.00002799
-0.00051724
-0.00160084
-0.00300834
-0.00441378
-0.00547253
-0.00591099
-0.00559997
-0.00459374
-0.00312215
-0.00153224
-0.00018702
0.00062734
0.00075043
0.00016402
-0.00102742
-0.00262295
-0.00435040
-0.00591541
-0.00705238
-0.00755758
-0.00731054
-0.00629195
-0.00459682
-0.00242673
-0.00006688
0.00215747
0.00393006
0.00500361
0.00527242
0.00480331
0.00384075
0.00276143
0.00197319
0.00181895
0.00248353
0.00393397
0.00590850
0.00797771
0.00965916
0.01054953
0.01041904
0.00925606
0.00727281
0.00484542
0.00240219
0.00032579
-0.00110618
-0.00175584
-0.00162718
-0.00083947
0.00042240
0.00195507
0.00354778
0.00501736
0.00621930
0.00702603
0.00731026
0.00695562
0.00589156
0.00413351
0.00181602
-0.00081022
-0.00341756
-0.00568920
-0.00738355
-0.00836882
-0.00867475
-0.00848580
-0.00806245
-0.00764725
-0.00738530
-0.00729087
-0.00726510
-0.00714227
-0.00676265
-0.00604521
-0.00500779
-0.00376764
-0.00250367
-0.00137411
-0.00047547
0.00017175
0.00063486
0.00103313
0.00149965
0.00213627
0.00297126
0.00394612
0.00493256
0.00578221
0.00634787
0.00652147
0.00626151
0.00560422
0.00464377
0.00348763
0.00223199
0.00095819
-0.00028178
-0.00146708
-0.00258779
-0.00361229
-0.00448013
-0.00511028
-0.00542018
-0.00534736
-0.00486359
-0.00398169
-0.00274781
-0.00123264
0.00046764
0.00222186
0.00387736
0.00529318
0.00635296
0.00696064
0.00704318
0.00656387
0.00552468
0.00396491
0.00197387
-0.00030527
-0.00267505
-0.00487280
-0.00659213
-0.00753982
-0.00749164
-0.00635982
-0.00423414
-0.00139219
0.00174058
0.00466068
0.00689157
0.00807834
0.00805362
0.00691317
0.00499433
0.00278326
0.00079323
-0.00056901
-0.00110849
-0.00085997
-0.00005644
0.00095308
0.00182028
0.00229772
0.00230846
0.00194033
0.00139399
0.00088793
0.00054969
0.00036924
0.00020938
-0.00015184
-0.00094047
-0.00229761
-0.00422054
-0.00653380
-0.00891451
-0.01096160
-0.01229081
-0.01263113
-0.01188250
-0.01013746
-0.00764555
-0.00475770
-0.00184860
0.00075175
0.00281078
0.00420891
0.00493574
0.00505815
0.00469360
0.00400714
0.00318581
0.00241223
0.00183851
0.00156839
0.00165832
0.00211396
0.00287547
0.00381890
0.00477434
0.00554575
0.00595780
0.00591040
0.00539637
0.00448171
0.00328664
0.00195991
0.00064585
-0.00054619
-0.00156387
-0.00239914
-0.00306781
-0.00359389
-0.00398630
-0.00422285
-0.00427261
-0.00413080
-0.00383204
-0.00344071
-0.00303084
-0.00267096
-0.00240679
-0.00224419
-0.00213334
-0.00198735
-0.00172188
-0.00126913
-0.00058863
0.00032715
0.00143586
0.00265132
0.00385460
0.00490997
0.00570017
0.00614108
0.00619856
0.00589526
0.00529029
0.00445085
0.00342397
0.00223266
0.00091544
-0.00046873
-0.00184526
-0.00311967
-0.00418712
-0.00496253
-0.00539314
-0.00546427
-0.00520964
-0.00468985
-0.00397535
-0.00313565
-0.00222309
-0.00126185
-0.00024740
0.00084719
0.00206054
0.00340578
0.00482974
0.00619423
0.00728006
0.00784420
0.00768797
0.00672424
0.00502096
0.00280653
0.00043582
-0.00169053
-0.00325107
-0.00406614
-0.00412267
-0.00357888
-0.00272126
-0.00188121
-0.00136264
-0.00137033
-0.00197256
-0.00310133
-0.00458903
-0.00621554
-0.00775555
-0.00899484
-0.00973581
-0.00982281
-0.00916747
-0.00776973
-0.00572989
-0.00325772
-0.00065295
0.00175043
0.00366029
0.00488292
0.00536336
0.00519675
0.00460990
0.00391624
0.00343347
0.00339952
0.00391334
0.00489058
0.00609382
0.00719515
0.00784351
0.00775282
0.00678791
0.00500448
0.00262640
-0.00001416
-0.00252909
-0.00454525
-0.00578079
-0.00609625
-0.00550731
-0.00417129
-0.00233946
-0.00031525
0.00160801
0.00320884
0.00435920
0.00503558
0.00531157
0.00530898
0.00513321
0.00483261
0.00438622
0.00373234
0.00279539
0.00153842
-0.00000554
-0.00173111
-0.00346161
-0.00499109
-0.00613969
-0.00680393
-0.00699014
-0.00680392
-0.00641620
-0.00602200
-0.00578406
-0.00578017
-0.00595413
-0.00614785
-0.00616818
-0.00585559
-0.00513613
-0.00405897
-0.00278468
-0.00152070
-0.00044663
0.00033691
0.00082574
0.00110871
0.00135034
0.00172968
0.00238130
0.00334700
0.00455603
0.00582840
0.00692059
0.00760767
0.00772899
0.00722607
0.00615834
0.00469146
0.00307227
0.00156808
0.00040640
-0.00027039
-0.00042648
-0.00012926
0.00046452
0.00115566
0.00174135
0.00205501
0.00201157
0.00161228
0.00093347
0.00010757
-0.00073544
-0.00151212
-0.00219054
-0.00278228
-0.00331968
-0.00384759
-0.00439283
-0.00494553
-0.00546462
-0.00586694
-0.00605469
-0.00596048
-0.00556319
-0.00487926
-0.00395403
-0.00285495
-0.00165954
-0.00044783
0.00069598
0.00166496
0.00233945
0.00261605
0.00242967
0.00179151
0.00081864
-0.00027756
-0.00123129
-0.00178258
-0.00174290
-0.00105441
0.00018970
0.00175962
0.00333899
0.00460398
0.00530521
0.00531186
0.00462933
0.00339387
0.00182994
0.00020504
-0.00123601
-0.00233447
-0.00303173
-0.00334084
-0.00331171
-0.00301733
-0.00252408
-0.00184141
-0.00092484
0.00028758
0.00183119
0.00367778
0.00572033
0.00776837
0.00957715
0.01090259
0.01155302
0.01143080
0.01055613
0.00906710
0.00719343
0.00520160
0.00333907
0.00179039
0.00065106
-0.00008506
-0.00051677
-0.00079285
-0.00106106
-0.00144361
-0.00201691
-0.00279893
-0.00375420
-0.00482019
-0.00593955
-0.00707271
-0.00818621
-0.00923470
-0.01014401
-0.01080848
-0.01110931
-0.01095258
-0.01029082
-0.00912606
-0.00752154
-0.00560609
-0.00354946
-0.00152298
0.00032890
0.00189874
0.00311267
0.00393011
0.00434396
0.00437713
0.00406802
0.00345875
0.00260164
0.00156226
0.00040349
-0.00081919
-0.00204936
-0.00320981
-0.00420404
-0.00494222
-0.00535233
-0.00538551
-0.00503271
-0.00433064
-0.00336248
-0.00224586
-0.00110872
-0.00006328
0.00079399
0.00140046
0.00174947
0.00187630
0.00184955
0.00176241
0.00170744
0.00176080
0.00196671
0.00234295
0.00291161
0.00368859
0.00466009
0.00578452
0.00698013
0.00812240
0.00905036
0.00960264
0.00964709
0.00910524
0.00796641
0.00629141
0.00423625
0.00202258
-0.00010732
-0.00192974
-0.00327412
-0.00405426
-0.00426314
-0.00398109
-0.00335997
-0.00257006
-0.00177231
-0.00109989
-0.00064642
-0.00045270
-0.00050424
-0.00073972
-0.00107729
-0.00142145
-0.00167393
-0.00176026
-0.00166173
-0.00142370
-0.00112979
-0.00086950
-0.00071940
-0.00072242
-0.00086302
-0.00106309
-0.00120328
-0.00116905
-0.00087602
-0.00029616
0.00052628
0.00148784
0.00244301
0.00322906
0.00369515
0.00374014
0.00334000
0.00255484
0.00151487
0.00039002
-0.00064739
-0.00145090
-0.00193828
-0.00210570
-0.00202209
-0.00180901
-0.00158207
-0.00140210
-0.00125845
-0.00107250
-0.00073770
-0.00016331
0.00068623
0.00177921
0.00300739
0.00419842
0.00516541
0.00574058
0.00581594
0.00537275
0.00448525
0.00330465
0.00201706
0.00080175
-0.00019922
-0.00089603
-0.00125021
-0.00127758
-0.00103150
-0.00057670
0.00003237
0.00075737
0.00156754
0.00242060
0.00326524
0.00403410
0.00462421
0.00491928
0.00482063
0.00426666
0.00327165
0.00192363
0.00037371
-0.00118662
-0.00258213
-0.00367951
-0.00440506
-0.00475371
-0.00478470
-0.00460380
-0.00433358
-0.00407751
-0.00388230
-0.00373784
-0.00359753
-0.00341108
-0.00315468
-0.00284874
-0.00254470
-0.00231416
-0.00223863
-0.00236189
-0.00266423
-0.00307603
-0.00349126
-0.00378392
-0.00384349
-0.00359924
-0.00302882
-0.00218778
-0.00120618
-0.00024729
0.00053168
0.00101518
0.00114228
0.00092163
0.00042756
-0.00022479
-0.00089370
-0.00143375
-0.00173706
-0.00175684
-0.00150818
-0.00104877
-0.00046174
0.00016141
0.00074785
0.00125361
0.00165920
0.00196048
0.00215692
0.00224744
0.00223716
0.00213827
0.00196013
0.00171990
0.00144366
0.00115837
0.00089762
0.00069451
0.00056593
0.00050204
0.00047202
0.00043985
0.00036890
0.00024277
0.00009487
0.00001044
0.00009785
0.00044300
0.00109111
0.00203186
0.00318431
0.00439303
0.00543849
0.00608743
0.00616248
0.00559470
0.00444268
0.00287906
0.00114098
-0.00052684
-0.00192442
-0.00292408
-0.00348251
-0.00361941
-0.00341271
-0.00298460
-0.00247864
-0.00202888
-0.00174568
-0.00171081
-0.00194708
-0.00241656
-0.00302908
-0.00366108
-0.00417047
-0.00443105
-0.00436466
-0.00396721
-0.00330837
-0.00251400
-0.00173325
-0.00110503
-0.00071383
-0.00056747
-0.00059789
-0.00068985
-0.00071872
-0.00058260
-0.00022786
0.00032955
0.00102458
0.00177439
0.00250022
0.00313412
0.00362500
0.00394545
0.00410018
0.00410360
0.00396547
0.00369316
0.00329335
0.00278227
0.00218699
0.00156069
0.00097996
0.00051613
0.00019983
0.00003065
-0.00000888
0.00005577
0.00019059
0.00036755
0.00057950
0.00082155
0.00106770
0.00126702
0.00136996
0.00135263
0.00122946
0.00105278
0.00089300
0.00081868
0.00087706
0.00106475
0.00131954
0.00153050
0.00156474
0.00131277
0.00072787
-0.00015107
-0.00121290
-0.00229912
-0.00322635
-0.00383655
-0.00404850
-0.00386320
-0.00335396
-0.00263380
-0.00183193
-0.00108018
-0.00047176
-0.00003015
0.00026453
0.00044430
0.00053609
0.00054866
0.00048455
0.00035211
0.00016686
-0.00003868
-0.00021617
-0.00031603
-0.00030270
-0.00017806
0.00001613
0.00023273
0.00042430
0.00055453
0.00061502
0.00062533
0.00062421
0.00065154
0.00072525
0.00082531
0.00089111
0.00085012
0.00065094
0.00028926
-0.00016184
-0.00057346
-0.00081618
-0.00080412
-0.00052575
-0.00004861
0.00049405
0.00093990
0.00114179
0.00101502
0.00056323
-0.00013711
-0.00097659
-0.00183974
-0.00262145
-0.00323202
-0.00362059
-0.00377920
-0.00372534
-0.00349073
-0.00310390
-0.00258863
-0.00198234
-0.00133795
-0.00071505
-0.00016934
0.00024118
0.00046778
0.00048564
0.00030094
-0.00005063
-0.00050955
-0.00100568
-0.00146754
-0.00182814
-0.00205870
-0.00215587
-0.00212466
-0.00197984
-0.00175436
-0.00149151
-0.00121677
-0.00093088
-0.00061548
-0.00024166
0.00021227
0.00075407
0.00136660
0.00200059
0.00258642
0.00304740
0.00331857
0.00336830
0.00320759
0.00288068
0.00246553
0.00205772
0.00175018
0.00161564
0.00167860
0.00191148
0.00225047
0.00260825
0.00290205
0.00308828
0.00316776
0.00317366
0.00314809
0.00312497
0.00310316
0.00303686
0.00285551
0.00249003
0.00189822
0.00107553
0.00008399
-0.00094754
-0.00185819
-0.00249025
-0.00274051
-0.00259502
-0.00213304
-0.00150153
-0.00087577
-0.00043119
-0.00028294
-0.00043978
-0.00082652
-0.00133022
-0.00183019
-0.00222143
-0.00243427
-0.00244800
-0.00228274
-0.00198172
-0.00160531
-0.00120976
-0.00082396
-0.00044988
-0.00008736
0.00027194
0.00063109
0.00096634
0.00123312
0.00137970
0.00137848
0.00123026
0.00095278
0.00058654
0.00017053
-0.00027407
-0.00072902
-0.00117135
-0.00157079
-0.00188408
-0.00206453
-0.00206699
-0.00186079
-0.00143737
-0.00082808
-0.00011065
0.00061802
0.00125746
0.00170506
0.00189164
0.00181065
0.00152289
0.00113279
0.00076199
0.00050687
0.00040126
0.00042278
0.00051881
0.00062780
0.00070538
0.00072892
0.00069222
0.00061094
0.00050646
0.00039170
0.00027207
0.00014913
0.00003105
-0.00006494
-0.00012332
-0.00013015
-0.00005671
0.00012107
0.00040206
0.00076128
0.00114992
0.00150146
0.00174585
0.00183337
0.00175117
0.00152588
0.00121254
0.00089281
0.00063781
0.00048192
0.00042388
0.00043121
0.00045619
0.00045461
0.00040442
0.00029758
0.00013500
-0.00006849
-0.00028678
-0.00050405
-0.00071979
-0.00093299
-0.00115419
-0.00140521
-0.00169093
-0.00197658
-0.00220000
-0.00229627
-0.00222496
-0.00198716
-0.00164335
-0.00129116
-0.00101926
-0.00089679
-0.00096662
-0.00123576
-0.00166962
-0.00219526
-0.00271601
-0.00312107
-0.00331593
-0.00324468
-0.00289771
-0.00232596
-0.00162590
-0.00091815
-0.00031530
0.00010942
0.00032876
0.00037577
0.00032859
0.00027750
0.00030613
0.00045722
0.00072026
0.00103745
0.00131369
0.00143718
0.00131100
0.00088891
0.00019396
-0.00069750
-0.00166986
-0.00258561
-0.00331991
-0.00379183
-0.00397160
-0.00386653
-0.00351653
-0.00297559
-0.00228432
-0.00147564
-0.00058134
0.00036990
0.00133691
0.00225254
0.00305271
0.00368028
0.00409412
0.00427353
0.00421770
0.00396021
0.00355886
0.00306249
0.00250276
0.00189628
0.00125523
0.00060853
0.00000384
-0.00050597
-0.00088396
-0.00110533
-0.00114875
-0.00100552
-0.00069583
-0.00027234
0.00019682
0.00064383
0.00100405
0.00122984
0.00128956
0.00117792
0.00092096
0.00056888
0.00018189
-0.00017936
-0.00044958
-0.00056409
-0.00048372
-0.00021387
0.00018355
0.00060446
0.00093431
0.00106528
0.00092063
0.00049058
-0.00017307
-0.00097657
-0.00179571
-0.00250012
-0.00298886
-0.00320744
-0.00315430
-0.00288085
-0.00247313
-0.00202106
-0.00159975
-0.00125630
-0.00100640
-0.00083351
-0.00071155
-0.00061743
-0.00053103
-0.00044421
-0.00036454
-0.00030762
-0.00029022
-0.00032058
-0.00038481
-0.00044091
-0.00042886
-0.00030473
-0.00005400
0.00033328
0.00083988
0.00140542
0.00194660
0.00237310
0.00260715
0.00260507
0.00236163
0.00190984
0.00131475
0.00065875
0.00003519
-0.00046696
-0.00079412
-0.00092694
-0.00088377
-0.00072483
-0.00053508
-0.00039859
-0.00038461
-0.00052696
-0.00083004
-0.00128224
-0.00184863
-0.00247357
-0.00308687
-0.00363317
-0.00407682
-0.00437944
-0.00450374
-0.00442962
-0.00416407
-0.00372958
-0.00314960
-0.00245568
-0.00167859
-0.00084800
-0.00000171
0.00081335
0.00156060
0.00220900
0.00271558
0.00304725
0.00318723
0.00314224
0.00293247
0.00258134
0.00211258
0.00154756
0.00090284
0.00017661
-0.00063276
-0.00150246
-0.00237204
-0.00313736
-0.00367637
-0.00389363
-0.00373921
-0.00321998
-0.00241051
-0.00143643
-0.00045663
0.00037410
0.00094248
0.00119796
0.00116523
0.00092448
0.00059284
0.00028183
0.00005949
-0.00004906
-0.00004469
0.00005670
0.00023781
0.00047668
0.00073658
0.00098192
0.00118256
0.00130492
0.00130761
0.00116434
0.00089500
0.00055780
0.00023567
0.00001040
-0.00007097
-0.00000872
0.00014767
0.00031586
0.00040282
0.00033738
0.00009094
-0.00031000
-0.00077649
-0.00117179
-0.00135905
-0.00125587
-0.00085162
-0.00020823
0.00054895
0.00126214
0.00178485
0.00202497
0.00197047
0.00168874
0.00127620
0.00081182
0.00035272
-0.00007977
-0.00049212
-0.00089600
-0.00130425
-0.00170874
-0.00208194
-0.00238997
-0.00260325
-0.00269973
-0.00267388
-0.00252776
-0.00226917
-0.00190894
-0.00144988
-0.00089930
-0.00027074
0.00041952
0.00113723
0.00182118
0.00239834
0.00280562
0.00301647
0.00303312
0.00288607
0.00263808
0.00237116
0.00215596
0.00203429
0.00201101
0.00205982
0.00212772
0.00215255
0.00208732
0.00189638
0.00155773
0.00108002
0.00052433
-0.00002735
-0.00050761
-0.00086282
-0.00104560
-0.00102071
-0.00076705
-0.00030247
0.00032232
0.00103130
0.00171463
0.00224916
0.00253513
0.00251461
0.00218727
0.00162198
0.00093610
0.00025594
-0.00031156
-0.00069680
-0.00088161
-0.00090935
-0.00086590
-0.00084533
-0.00091705
-0.00111074
-0.00140653
-0.00174351
-0.00201961
-0.00212514
-0.00198697
-0.00159549
-0.00101465
-0.00035651
0.00025817
0.00074318
0.00106120
0.00122290
0.00126871
0.00124721
0.00120299
0.00116850
0.00115827
0.00117035
0.00118626
0.00118391
0.00114984
0.00107429
0.00094911
0.00077509
0.00055321
0.00027475
-0.00007035
-0.00047982
-0.00092734
-0.00135919
-0.00171321
-0.00194784
-0.00205062
-0.00203891
-0.00195322
-0.00185603
-0.00181289
-0.00185080
-0.00195555
-0.00207747
-0.00213807
-0.00205120
-0.00174151
-0.00117221
-0.00036460
0.00059942
0.00160858
0.00254399
0.00330111
0.00380496
0.00402141
0.00396964
0.00370658
0.00330382
0.00282609
0.00233764
0.00189704
0.00153977
0.00127128
0.00107797
0.00094440
0.00086671
0.00084473
0.00088237
0.00098707
0.00116050
0.00141212
0.00175879
0.00220647
0.00273511
0.00329758
0.00383312
0.00427359
0.00456550
0.00468632
0.00463600
0.00443757
0.00414667
0.00383476
0.00356511
0.00338231
0.00329339
0.00326685
0.00325451
0.00320818
0.00308486
0.00285241
0.00249863
0.00204037
0.00152020
0.00099262
0.00051166
0.00012284
-0.00014517
-0.00027130
-0.00025353
-0.00011878
0.00009294
0.00034752
0.00060967
0.00085082
0.00106252
0.00126257
0.00147543
0.00169586
0.00189025
0.00200728
0.00198913
0.00179501
0.00141318
0.00085673
0.00017251
-0.00055979
-0.00124549
-0.00178476
-0.00207829
-0.00206568
-0.00174454
-0.00115932
-0.00038128
0.00049488
0.00136646
0.00214183
0.00274884
0.00314972
0.00334653
0.00339224
0.00336708
0.00333823
0.00335413
0.00344354
0.00361630
0.00387190
0.00419290
0.00455008
0.00490888
0.00523192
0.00548207
0.00563536
0.00568227
0.00562910
0.00547755
0.00522696
0.00488716
0.00447471
0.00401053
0.00351071
0.00298872
0.00245860
0.00193467
0.00143677
0.00098842
0.00061826
0.00036287
0.00024397
0.00025691
0.00038128
0.00058367
0.00083008
0.00108024
0.00129617
0.00145279
0.00154654
0.00159985
0.00164981
0.00173422
0.00188912
0.00213878
0.00248253
0.00289500
0.00333611
0.00374537
0.00404985
0.00419917
0.00418154
0.00398838
0.00360468
0.00301807
0.00221874
0.00121086
0.00002496
-0.00128899
-0.00266160
-0.00400206
-0.00520566
-0.00617626
-0.00684507
-0.00718173
-0.00719644
-0.00693200
-0.00645065
-0.00582064
-0.00511507
-0.00440610
-0.00375205
-0.00320427
-0.00280465
-0.00257655
-0.00252738
-0.00265213
-0.00294210
-0.00338630
-0.00396456
-0.00464537
-0.00539203
-0.00616480
-0.00692650
-0.00764929
-0.00830776
-0.00889272
-0.00939982
-0.00982649
-0.01016501
-0.01042231
-0.01062069
-0.01078460
-0.01093942
-0.01110434
-0.01129230
-0.01150807
-0.01174263
-0.01197972
-0.01218775
-0.01232644
-0.01236907
-0.01230798
-0.01215212
-0.01192864
-0.01166589
-0.01138745
-0.01111723
-0.01085891
-0.01060500
-0.01034244
-0.01005681
-0.00972668
-0.00933040
-0.00883660
-0.00820140
-0.00738463
-0.00636229
-0.00512816
-0.00369579
-0.00210344
-0.00041840
0.00127065
0.00287247
0.00430005
0.00547779
0.00635062
0.00688692
0.00709601
0.00701589
0.00669884
0.00620918
0.00562392
0.00501780
0.00445207
0.00397774
0.00363438
0.00343736
0.00338148
0.00346558
0.00368186
0.00401034
0.00442381
0.00487749
0.00532089
0.00570129
0.00597703
0.00611750
0.00610878
0.00595685
0.00567746
0.00530625
0.00488483
0.00444913
0.00403460
0.00366965
0.00338642
0.00320823
0.00314685
0.00320402
0.00335100
0.00352760
0.00367745
0.00375379
0.00371615
0.00354281
0.00323053
0.00279908
0.00227785
0.00170131
0.00110339
0.00051092
-0.00006293
-0.00060839
-0.00111747
-0.00158397
-0.00199705
-0.00233926
-0.00259709
-0.00276268
-0.00283450
-0.00282264
-0.00274848
-0.00264819
-0.00256881
-0.00254168
-0.00258269
-0.00268870
-0.00284785
-0.00303132
-0.00318973
-0.00327045
-0.00323014
-0.00303303
-0.00265943
-0.00212833
-0.00149391
-0.00083421
-0.00023605
0.00023500
0.00053855
0.00065285
0.00058640
0.00037479
0.00007486
-0.00025604
-0.00057394
-0.00084694
-0.00104882
-0.00116081
-0.00117720
-0.00111661
-0.00100221
-0.00084878
-0.00067527
-0.00050445
-0.00036187
-0.00027616
-0.00026706
-0.00034777
-0.00051781
-0.00075729
-0.00103021
-0.00129229
-0.00149869
-0.00160343
-0.00156877
-0.00137755
-0.00103522
-0.00055823
0.00002488
0.00068315
0.00138877
0.00212138
0.00287690
0.00366960
0.00451356
0.00540262
0.00631272
0.00722073
0.00810256
0.00892350
0.00964181
0.01022632
0.01066830
0.01097798
0.01116718
0.01125331
0.01125443
0.01116947
0.01097991
0.01066845
0.01022418
0.00963834
0.00888051
0.00792473
0.00677649
0.00548003
0.00409658
0.00269819
0.00134665
0.00009023
-0.00104923
-0.00208633
-0.00304662
-0.00395615
-0.00484264
-0.00572953
-0.00663223
-0.00753992
-0.00843528
-0.00930417
-0.01013544
-0.01091437
-0.01164413
-0.01235709
-0.01308769
-0.01384915
-0.01463633
-0.01541966
-0.01615273
-0.01677698
-0.01723649
-0.01750087
-0.01756575
-0.01745183
-0.01719776
-0.01685831
-0.01647984
-0.01608061
-0.01564888
-0.01514770
-0.01452101
-0.01371237
-0.01268152
-0.01142327
-0.00995063
-0.00829533
-0.00651751
-0.00467980
-0.00282263
-0.00097329
0.00085238
0.00264242
0.00437988
0.00605061
0.00763931
0.00912137
0.01048003
0.01170871
0.01280587
0.01378751
0.01468437
0.01552404
0.01631877
0.01705771
0.01771114
0.01821502
0.01848866
0.01846706
0.01811142
0.01741146
0.01639274
0.01511238
0.01363643
0.01202079
0.01029921
0.00848951
0.00659587
0.00462310
0.00259196
0.00053307
-0.00150487
-0.00344397
-0.00520422
-0.00670854
-0.00790524
-0.00878149
-0.00937182
-0.00973846
-0.00994654
-0.01006192
-0.01013496
-0.01019422
-0.01025441
-0.01031814
-0.01037623
-0.01042271
-0.01045044
-0.01043937
-0.01035372
-0.01015557
-0.00980910
-0.00926981
-0.00850411
-0.00751369
-0.00634178
-0.00505983
-0.00376363
-0.00255755
-0.00152327
-0.00071122
-0.00013811
0.00022486
0.00044528
0.00061205
0.00080773
0.00107894
0.00143231
0.00185159
0.00232249
0.00281667
0.00330024
0.00374013
0.00410296
0.00438273
0.00461062
0.00484480
0.00516132
0.00563136
0.00628521
0.00711569
0.00808699
0.00913904
0.01018994
0.01114892
0.01192489
0.01243307
0.01260994
0.01241568
0.01184227
0.01091542
0.00969739
0.00826923
0.00672326
0.00517073
0.00371835
0.00245114
0.00142968
0.00067073
0.00014796
-0.00019498
-0.00043698
-0.00066196
-0.00093189
-0.00127871
-0.00169762
-0.00215868
-0.00262626
-0.00307255
-0.00347232
-0.00381407
-0.00408827
-0.00428839
-0.00440560
-0.00442113
-0.00432378
-0.00411641
-0.00380967
-0.00341691
-0.00297463
-0.00253822
-0.00216399
-0.00189180
-0.00172654
-0.00164860
-0.00161048
-0.00154064
-0.00137005
-0.00105278
-0.00057793
0.00003543
0.00075421
0.00155177
0.00240398
0.00328680
0.00417816
0.00505234
0.00588203
0.00665618
0.00737230
0.00802999
0.00861898
0.00910933
0.00947298
0.00969967
0.00980365
0.00981266
0.00976397
0.00968541
0.00957315
0.00939662
0.00912210
0.00870480
0.00808555
0.00721852
0.00609062
0.00473244
0.00321901
0.00165383
0.00014478
-0.00122299
-0.00239548
-0.00335098
-0.00410215
-0.00468279
-0.00513094
-0.00547490
-0.00573164
-0.00591132
-0.00601982
-0.00604872
-0.00598619
-0.00582676
-0.00556847
-0.00521773
-0.00479168
-0.00431347
-0.00380738
-0.00329179
-0.00277487
-0.00226446
-0.00176927
-0.00130102
-0.00087474
-0.00050328
-0.00019357
0.00005488
0.00024893
0.00040400
0.00054883
0.00069753
0.00083330
0.00092833
0.00095162
0.00087076
0.00066195
0.00030782
-0.00020413
-0.00085686
-0.00160356
-0.00238165
-0.00311321
-0.00371730
-0.00413141
-0.00432138
-0.00428041
-0.00403293
-0.00362455
-0.00310910
-0.00254442
-0.00197352
-0.00143062
-0.00094267
-0.00053290
-0.00021895
0.00000139
0.00014740
0.00024470
0.00032719
0.00043190
0.00060224
0.00086383
0.00122885
0.00169631
0.00224525
0.00284726
0.00346834
0.00405908
0.00456529
0.00493728
0.00513718
0.00516543
0.00503974
0.00477682
0.00439041
0.00390016
0.00332658
0.00267121
0.00192916
0.00109357
0.00016818
-0.00082883
-0.00186662
-0.00289518
-0.00385442
-0.00468590
-0.00533957
-0.00577867
-0.00598652
-0.00595623
-0.00569916
-0.00524893
-0.00464962
-0.00394880
-0.00318589
-0.00238703
-0.00157055
-0.00072218
0.00019619
0.00122185
0.00237130
0.00363575
0.00498474
0.00638063
0.00779700
0.00921321
0.01061244
0.01197173
0.01325644
0.01441964
0.01540816
0.01617823
0.01670325
0.01697221
0.01699413
0.01681248
0.01648778
0.01608785
0.01566946
0.01525973
0.01486189
0.01445457
0.01400702
0.01348372
0.01284166
0.01204719
0.01108390
0.00995464
0.00868296
0.00731147
0.00589026
0.00447338
0.00311602
0.00186610
0.00076618
-0.00015979
-0.00090435
-0.00146291
-0.00184912
-0.00209295
-0.00222108
-0.00224939
-0.00217882
-0.00200195
-0.00173033
-0.00139036
-0.00100576
-0.00059714
-0.00018284
0.00022323
0.00060505
0.00094352
0.00123025
0.00146896
0.00166851
0.00182877
0.00194604
0.00201211
0.00201083
0.00191652
0.00170596
0.00136753
0.00091235
0.00038298
-0.00015621
-0.00063505
-0.00097626
-0.00110826
-0.00099368
-0.00064394
-0.00011120
0.00052909
0.00119093
0.00177256
0.00218619
0.00237263
0.00229243
0.00192205
0.00128101
0.00042166
-0.00059199
-0.00169828
-0.00284221
-0.00397677
-0.00504717
-0.00598146
-0.00670248
-0.00714811
-0.00728027
-0.00709587
-0.00661020
-0.00584496
-0.00484558
-0.00368748
-0.00245161
-0.00121561
-0.00004399
0.00101139
0.00190527
0.00260220
0.00306293
0.00325835
0.00316725
0.00276185
0.00202372
0.00096085
-0.00038687
-0.00195158
-0.00364590
-0.00537750
-0.00704517
-0.00854602
-0.00980205
-0.01077232
-0.01144549
-0.01184269
-0.01201444
-0.01202891
-0.01194503
-0.01180132
-0.01162612
-0.01144535
-0.01128445
-0.01116884
-0.01112074
-0.01115833
-0.01130073
-0.01156565
-0.01195171
-0.01243376
-0.01297136
-0.01350592
-0.01397878
-0.01433603
-0.01452700
-0.01451037
-0.01426494
-0.01380866
-0.01318722
-0.01245166
-0.01165222
-0.01082480
-0.00998583
-0.00913996
-0.00828874
-0.00742678
-0.00654654
-0.00565335
-0.00476882
-0.00391703
-0.00311994
-0.00239001
-0.00172145
-0.00109636
-0.00049200
0.00011211
0.00072824
0.00135720
0.00198354
0.00257545
0.00309061
0.00347977
0.00369159
0.00367705
0.00340965
0.00288269
0.00210773
0.00111441
-0.00004917
-0.00132482
-0.00264835
-0.00395016
-0.00516720
-0.00624212
-0.00713820
-0.00784345
-0.00834544
-0.00865185
-0.00878412
-0.00877923
-0.00869723
-0.00859078
-0.00847352
-0.00832982
-0.00813667
-0.00788344
-0.00756631
-0.00717323
-0.00670891
-0.00620130
-0.00567526
-0.00514687
-0.00464544
-0.00419781
-0.00381690
-0.00351399
-0.00330233
-0.00319378
-0.00320130
-0.00333090
-0.00359704
-0.00399536
-0.00448590
-0.00500860
-0.00549025
-0.00587233
-0.00610884
-0.00617242
-0.00606841
-0.00584276
-0.00555736
-0.00526913
-0.00502363
-0.00484237
-0.00471661
-0.00462277
-0.00452892
-0.00440234
-0.00420760
-0.00392248
-0.00356943
-0.00319105
-0.00282603
-0.00249310
-0.00219240
-0.00190362
-0.00158133
-0.00117737
-0.00064960
0.00002378
0.00084216
0.00177933
0.00278816
0.00381147
0.00480177
0.00572900
0.00657021
0.00729955
0.00787702
0.00827193
0.00848623
0.00853741
0.00844203
0.00821063
0.00785947
0.00741612
0.00692514
0.00644450
0.00602896
0.00571202
0.00549708
0.00536925
0.00528185
0.00516830
0.00495240
0.00457484
0.00401187
0.00327286
0.00239523
0.00142721
0.00041379
-0.00060372
-0.00158308
-0.00248396
-0.00328423
-0.00397910
-0.00457393
-0.00507723
-0.00549832
-0.00584841
-0.00612638
-0.00630606
-0.00635193
-0.00624414
-0.00598713
-0.00559173
-0.00507654
-0.00445367
-0.00373294
-0.00292849
-0.00205715
-0.00114443
-0.00022347
0.00068961
0.00158239
0.00244087
0.00324149
0.00395947
0.00458131
0.00510506
0.00554668
0.00593908
0.00631405
0.00669052
0.00707594
0.00746456
0.00783733
0.00817042
0.00844192
0.00863840
0.00875282
0.00878053
0.00871931
0.00857010
0.00832671
0.00797526
0.00751020
0.00693616
0.00627872
0.00557622
0.00485880
0.00415565
0.00350224
0.00293611
0.00249518
0.00220538
0.00206907
0.00206928
0.00217336
0.00233315
0.00250196
0.00264549
0.00274138
0.00277993
0.00275235
0.00265342
0.00249436
0.00230106
0.00210415
0.00193097
0.00181041
0.00177160
0.00183714
0.00201803
0.00231301
0.00270263
0.00314955
0.00358614
0.00392819
0.00410529
0.00407289
0.00381905
0.00336345
0.00275831
0.00208693
0.00143599
0.00087611
0.00045322
0.00019701
0.00012685
0.00024337
0.00053392
0.00097556
0.00154319
0.00220701
0.00293589
0.00370367
0.00448891
0.00525604
0.00595632
0.00653442
0.00694531
0.00715955
0.00716232
0.00695936
0.00658132
0.00608823
0.00555351
0.00504099
0.00459163
0.00422314
0.00393259
0.00369901
0.00350603
0.00335462
0.00324831
0.00318423
0.00315621
0.00315590
0.00317465
0.00319933
0.00320149
0.00314434
0.00299491
0.00272461
0.00231514
0.00176179
0.00108655
0.00034829
-0.00038542
-0.00105525
-0.00161532
-0.00202993
-0.00227650
-0.00235410
-0.00227834
-0.00207929
-0.00179359
-0.00145875
-0.00111157
-0.00079369
-0.00053903
-0.00036483
-0.00028049
-0.00029200
-0.00040470
-0.00062218
-0.00094212
-0.00135085
-0.00181973
-0.00228857
-0.00268660
-0.00296895
-0.00310916
-0.00309088
-0.00291057
-0.00259103
-0.00218674
-0.00176631
-0.00138435
-0.00107256
-0.00084386
-0.00067576
-0.00052045
-0.00031865
-0.00001201
0.00044972
0.00110040
0.00194421
0.00295130
0.00407156
0.00524861
0.00642337
0.00753721
0.00853007
0.00934514
0.00995378
0.01034119
0.01050784
0.01047311
0.01026223
0.00991345
0.00947799
0.00900107
0.00851035
0.00802779
0.00756800
0.00712731
0.00669966
0.00627113
0.00582592
0.00536079
0.00487521
0.00438292
0.00390355
0.00344765
0.00301464
0.00258334
0.00212506
0.00161815
0.00104777
0.00041534
-0.00026048
-0.00095078
-0.00162956
-0.00226635
-0.00283080
-0.00329843
-0.00366219
-0.00394101
-0.00415996
-0.00433569
-0.00447816
-0.00459895
-0.00471041
-0.00482160
-0.00493403
-0.00504782
-0.00515854
-0.00525753
-0.00533609
-0.00539207
-0.00543185
-0.00545212
-0.00543683
-0.00537962
-0.00528556
-0.00516887
-0.00505297
-0.00495327
-0.00486163
-0.00477017
-0.00469179
-0.00465470
-0.00468153
-0.00476364
-0.00486808
-0.00495101
-0.00496678
-0.00487153
-0.00462905
-0.00421775
-0.00363213
-0.00289244
-0.00203536
-0.00110752
-0.00016900
0.00071926
0.00152264
0.00222805
0.00283300
0.00335336
0.00382002
0.00426506
0.00470630
0.00514229
0.00555930
0.00593866
0.00626331
0.00652774
0.00674750
0.00694506
0.00714584
0.00736709
0.00760987
0.00785039
0.00805551
0.00819016
0.00821314
0.00808661
0.00778195
0.00728718
0.00661722
0.00580494
0.00489100
0.00392844
0.00298141
0.00211149
0.00136768
0.00079780
0.00042959
0.00026257
0.00027691
0.00044602
0.00072839
0.00107259
0.00143962
0.00180464
0.00214100
0.00243606
0.00269009
0.00289810
0.00303907
0.00308565
0.00301092
0.00279008
0.00239717
0.00182465
0.00110169
0.00028461
-0.00056913
-0.00142356
-0.00225682
-0.00306008
-0.00384546
-0.00463327
-0.00542795
-0.00620941
-0.00692687
-0.00752305
-0.00794216
-0.00814438
-0.00811314
-0.00786284
-0.00744300
-0.00692361
-0.00636484
-0.00580372
-0.00525438
-0.00471461
-0.00416777
-0.00358902
-0.00294717
-0.00222874
-0.00144935
-0.00065349
0.00010090
0.00075998
0.00128553
0.00165582
0.00188446
0.00201745
0.00210661
0.00218834
0.00226999
0.00234913
0.00242508
0.00248720
0.00251011
0.00246929
0.00234208
0.00211416
0.00178773
0.00138319
0.00092512
0.00044090
-0.00004244
-0.00051029
-0.00094366
-0.00132616
-0.00165132
-0.00191490
-0.00211221
-0.00223485
-0.00227814
-0.00224027
-0.00214216
-0.00201991
-0.00189917
-0.00179115
-0.00171556
-0.00169117
-0.00172417
-0.00180118
-0.00189889
-0.00200123
-0.00211742
-0.00225184
-0.00239976
-0.00255563
-0.00271144
-0.00285600
-0.00297156
-0.00305093
-0.00309155
-0.00309820
-0.00308384
-0.00306206
-0.00304721
-0.00304730
-0.00307171
-0.00312068
-0.00318561
-0.00325418
-0.00331681
-0.00337625
-0.00342474
-0.00344288
-0.00341783
-0.00334339
-0.00322474
-0.00306569
-0.00286687
-0.00263519
-0.00237649
-0.00210452
-0.00183307
-0.00156603
-0.00131032
-0.00107296
-0.00086161
-0.00067854
-0.00053530
-0.00045322
-0.00045993
-0.00058266
-0.00084129
-0.00125030
-0.00182614
-0.00257182
-0.00347005
-0.00449380
-0.00559599
-0.00670939
-0.00777373
-0.00874875
-0.00960692
-0.01034801
-0.01098352
-0.01152175
-0.01195579
-0.01226476
-0.01244000
-0.01247273
-0.01235193
-0.01207494
-0.01165292
-0.01111863
-0.01052812
-0.00993992
-0.00938947
-0.00888255
-0.00841277
-0.00797113
-0.00754545
-0.00711369
-0.00664141
-0.00609731
-0.00546985
-0.00476959
-0.00402396
-0.00327262
-0.00255914
-0.00192929
-0.00141560
-0.00102530
-0.00074887
-0.00057736
-0.00050596
-0.00053637
-0.00067895
-0.00093140
-0.00127697
-0.00169108
-0.00213920
-0.00257906
-0.00296565
-0.00326229
-0.00344295
-0.00348982
-0.00340374
-0.00320331
-0.00291408
-0.00257560
-0.00222653
-0.00188484
-0.00155229
-0.00122630
-0.00091220
-0.00062643
-0.00038445
-0.00020649
-0.00012873
-0.00018129
-0.00037384
-0.00069678
-0.00112188
-0.00161959
-0.00215299
-0.00267298
-0.00312351
-0.00345939
-0.00365573
-0.00371343
-0.00365719
-0.00352664
-0.00335593
-0.00316484
-0.00296998
-0.00277248
-0.00256913
-0.00235625
-0.00213201
-0.00189217
-0.00162494
-0.00132882
-0.00101934
-0.00071749
-0.00044371
-0.00021201
-0.00002511
0.00012241
0.00024711
0.00036560
0.00047947
0.00059238
0.00070944
0.00083273
0.00095100
0.00104034
0.00109027
0.00110396
0.00109960
0.00111126
0.00117302
0.00132342
0.00159775
0.00201200
0.00256279
0.00321865
0.00392864
0.00463914
0.00531223
0.00592199
0.00644363
0.00686785
0.00718403
0.00738007
0.00746169
0.00743852
0.00731753
0.00711495
0.00685632
0.00656929
0.00627950
0.00601106
0.00579070
0.00563111
0.00553593
0.00550017
0.00551093
0.00555880
0.00563524
0.00573521
0.00584556
0.00593757
0.00597888
0.00594226
0.00580385
0.00554236
0.00514829
0.00463631
0.00404113
0.00340347
0.00276679
0.00218010
0.00167113
0.00124485
0.00088986
0.00059385
0.00034501
0.00013855
-0.00002669
-0.00016729
-0.00030229
-0.00043644
-0.00056585
-0.00068417
-0.00077951
-0.00083830
-0.00084064
-0.00076739
-0.00060973
-0.00037285
-0.00006000
0.00032988
0.00080238
0.00135429
0.00196655
0.00262047
0.00330072
0.00398891
0.00465992
0.00528363
0.00583684
0.00631241
0.00670611
0.00700565
0.00720671
0.00731828
0.00736822
0.00738900
0.00740773
0.00744133
0.00750196
0.00760435
0.00774753
0.00790818
0.00805755
0.00817250
0.00823291
0.00821801
0.00811456
0.00792124
0.00764156
0.00727789
0.00683533
0.00631344
0.00571760
0.00505348
0.00432819
0.00356533
0.00280051
0.00207709
0.00143675
0.00091114
0.00051613
0.00024354
0.00007816
-0.00000476
-0.00005270
-0.00012256
-0.00026244
-0.00048811
-0.00078222
-0.00110791
-0.00142751
-0.00171067
-0.00193936
-0.00211631
-0.00224142
-0.00229013
-0.00223978
-0.00207969
-0.00181244
-0.00144072
-0.00098041
-0.00047018
0.00005914
0.00057924
0.00106059
0.00147209
0.00178437
0.00197662
0.00204220
0.00199736
0.00187959
0.00173837
0.00162248
0.00156728
0.00159124
0.00168815
0.00183291
0.00199467
0.00214829
0.00227396
0.00235618
0.00239027
0.00238104
0.00233929
0.00227034
0.00216884
0.00202768
0.00183804
0.00158975
0.00128085
0.00092110
0.00054412
0.00019627
-0.00008270
-0.00027040
-0.00035921
-0.00035156
-0.00026781
-0.00013894
0.00000661
0.00013799
0.00020772
0.00018513
0.00007534
-0.00010100
-0.00032679
-0.00057395
-0.00080507
-0.00099007
-0.00110895
-0.00114364
-0.00109102
-0.00096356
-0.00078330
-0.00057806
-0.00037379
-0.00018509
-0.00001458
0.00014543
0.00030987
0.00049220
0.00070290
0.00095466
0.00124828
0.00155506
0.00184636
0.00209992
0.00229324
0.00240956
0.00245219
0.00243733
0.00238085
0.00229436
0.00218097
0.00203305
0.00184293
0.00161345
0.00136105
0.00111279
0.00089984
0.00074248
0.00064276
0.00059780
0.00060458
0.00064270
0.00068182
0.00071016
0.00072578
0.00073418
0.00074946
0.00079607
0.00090327
0.00109637
0.00138129
0.00173050
0.00209316
0.00242491
0.00269857
0.00289520
0.00300060
0.00301292
0.00294443
0.00282044
0.00267503
0.00252678
0.00238158
0.00224278
0.00211713
0.00201965
0.00196642
0.00195602
0.00197950
0.00202276
0.00206367
0.00209035
0.00208462
0.00201050
0.00182212
0.00147839
0.00095107
0.00023849
-0.00063485
-0.00161710
-0.00265362
-0.00369515
-0.00468502
-0.00556234
-0.00627760
-0.00680706
-0.00715467
-0.00733936
-0.00739688
-0.00737341
-0.00730920
-0.00723352
-0.00716024
-0.00708543
-0.00699731
-0.00688300
-0.00673771
-0.00655939
-0.00636119
-0.00616091
-0.00596396
-0.00577479
-0.00559236
-0.00540367
-0.00519390
-0.00495576
-0.00469391
-0.00441877
-0.00414719
-0.00390408
-0.00371714
-0.00361589
-0.00361899
-0.00372425
-0.00390753
-0.00413144
-0.00435949
-0.00455776
-0.00469417
-0.00474983
-0.00472892
-0.00465426
-0.00454376
-0.00440209
-0.00423561
-0.00404716
-0.00383282
-0.00357822
-0.00327761
-0.00293731
-0.00257394
-0.00221683
-0.00189976
-0.00164198
-0.00143672
-0.00126438
-0.00110816
-0.00095000
-0.00076971
-0.00055089
-0.00028211
0.00003097
0.00036320
0.00067265
0.00092434
0.00109157
0.00115246
0.00110275
0.00096156
0.00076257
0.00054370
0.00036054
0.00027135
0.00031209
0.00048668
0.00077536
0.00114291
0.00154295
0.00191558
0.00218970
0.00230692
0.00224296
0.00198632
0.00154118
0.00093927
0.00023270
-0.00051539
-0.00124033
-0.00187854
-0.00236689
-0.00265245
-0.00270183
-0.00251023
-0.00210341
-0.00153300
-0.00087726
-0.00022189
0.00035212
0.00078209
0.00103931
0.00112949
0.00108356
0.00095702
0.00081275
0.00070767
0.00068679
0.00077360
0.00096607
0.00125090
0.00160646
0.00199587
0.00238179
0.00273742
0.00304360
0.00329443
0.00349281
0.00365405
0.00380397
0.00395070
0.00408307
0.00419782
0.00429634
0.00438712
0.00448438
0.00460197
0.00473968
0.00488497
0.00501326
0.00508922
0.00507896
0.00495656
0.00471013
0.00434295
0.00386669
0.00330096
0.00268263
0.00207200
0.00153415
0.00111071
0.00081711
0.00064980
0.00058700
0.00059058
0.00061008
0.00058739
0.00047990
0.00027236
-0.00003021
-0.00040397
-0.00081372
-0.00122360
-0.00159538
-0.00190155
-0.00213261
-0.00229677
-0.00241939
-0.00253340
-0.00265789
-0.00279744
-0.00294592
-0.00309311
-0.00322612
-0.00332905
-0.00338942
-0.00341371
-0.00342750
-0.00346124
-0.00354809
-0.00372092
-0.00399962
-0.00437587
-0.00481097
-0.00525602
-0.00566253
-0.00598840
-0.00620241
-0.00628112
-0.00621896
-0.00602900
-0.00573627
-0.00536570
-0.00493805
-0.00447836
-0.00401643
-0.00358506
-0.00322391
-0.00296052
-0.00280314
-0.00274609
-0.00276370
-0.00281796
-0.00286562
-0.00286655
-0.00279257
-0.00263544
-0.00241136
-0.00214074
-0.00184725
-0.00156189
-0.00130748
-0.00110522
-0.00097466
-0.00092019
-0.00093961
-0.00103162
-0.00118796
-0.00139237
-0.00162065
-0.00184482
-0.00203608
-0.00217480
-0.00224915
-0.00225837
-0.00221219
-0.00212491
-0.00201381
-0.00190206
-0.00179967
-0.00170294
-0.00161570
-0.00154590
-0.00150231
-0.00148900
-0.00150567
-0.00154456
-0.00159463
-0.00164062
-0.00167308
-0.00170140
-0.00173300
-0.00177700
-0.00185169
-0.00198214
-0.00219044
-0.00247789
-0.00282121
-0.00318402
-0.00352802
-0.00382867
-0.00406842
-0.00424629
-0.00437446
-0.00446804
-0.00453454
-0.00458016
-0.00460595
-0.00459945
-0.00455076
-0.00444983
-0.00429096
-0.00408094
-0.00384502
-0.00361292
-0.00342749
-0.00332753
-0.00332315
-0.00339923
-0.00351886
-0.00364007
-0.00372085
-0.00372581
-0.00363822
-0.00346059
-0.00320745
-0.00289881
-0.00255709
-0.00220227
-0.00184833
-0.00150686
-0.00118899
-0.00090400
-0.00064709
-0.00040442
-0.00016829
0.00006241
0.00029277
0.00053472
0.00079922
0.00109256
0.00141274
0.00175263
0.00210656
0.00246651
0.00281773
0.00315002
0.00346117
0.00374626
0.00400013
0.00423843
0.00449128
0.00477429
0.00508770
0.00542988
0.00579374
0.00615974
0.00650631
0.00680627
0.00703481
0.00717431
0.00722481
0.00720362
0.00713450
0.00704478
0.00696058
0.00689909
0.00686803
0.00686585
0.00687973
0.00689173
0.00689049
0.00687552
0.00685850
0.00685918
0.00688902
0.00695613
0.00707188
0.00723617
0.00743588
0.00763726
0.00779858
0.00789086
0.00789797
0.00782578
0.00769311
0.00752125
0.00733442
0.00715325
0.00700259
0.00689985
0.00683770
0.00679085
0.00673135
0.00663515
0.00648551
0.00627138
0.00598750
0.00564598
0.00527137
0.00488622
0.00451307
0.00416645
0.00385018
0.00357670
0.00336517
0.00322725
0.00315415
0.00312516
0.00311524
0.00309847
0.00305969
0.00299257
0.00289481
0.00276874
0.00262286
0.00246134
0.00227958
0.00207777
0.00186366
0.00164430
0.00141900
0.00117780
0.00091176
0.00062641
0.00034318
0.00008190
-0.00015753
-0.00038754
-0.00060982
-0.00082215
-0.00102149
-0.00120721
-0.00136720
-0.00148253
-0.00153500
-0.00150742
-0.00139670
-0.00121916
-0.00100065
-0.00077552
-0.00057430
-0.00041185
-0.00029430
-0.00021079
-0.00014450
-0.00008133
-0.00001535
0.00005903
0.00014233
0.00022107
0.00026732
0.00026201
0.00020133
0.00009391
-0.00004877
-0.00021557
-0.00038980
-0.00055723
-0.00070503
-0.00082296
-0.00090431
-0.00095944
-0.00101991
-0.00110560
-0.00122292
-0.00137820
-0.00157356
-0.00180889
-0.00207940
-0.00237268
-0.00268136
-0.00300576
-0.00334113
-0.00367186
-0.00397379
-0.00421743
-0.00438005
-0.00445123
-0.00442909
-0.00432012
-0.00414373
-0.00393840
-0.00375187
-0.00362501
-0.00359177
-0.00366825
-0.00385913
-0.00414034
-0.00445498
-0.00474642
-0.00496397
-0.00506457
-0.00502741
-0.00485256
-0.00455307
-0.00415109
-0.00367929
-0.00317300
-0.00266266
-0.00217039
-0.00170731
-0.00128025
-0.00089547
-0.00056150
-0.00028068
-0.00005257
0.00013286
0.00028959
0.00042694
0.00055794
0.00069941
0.00086348
0.00105061
0.00126022
0.00148106
0.00169313
0.00187811
0.00202543
0.00212662
0.00217285
0.00216085
0.00210134
0.00202650
0.00197936
0.00200214
0.00211449
0.00230301
0.00254712
0.00282867
0.00312272
0.00338972
0.00359264
0.00371972
0.00378099
0.00378877
0.00375655
0.00369551
0.00360999
0.00350316
0.00337422
0.00321931
0.00303944
0.00283225
0.00259415
0.00233154
0.00205867
0.00179977
0.00157602
0.00139822
0.00126536
0.00116973
0.00109618
0.00102730
0.00094260
0.00082927
0.00069686
0.00056044
0.00044249
0.00035669
0.00029708
0.00025870
0.00024173
0.00024440
0.00026812
0.00031331
0.00037837
0.00045432
0.00052422
0.00057189
0.00058271
0.00054152
0.00043910
0.00027558
0.00006173
-0.00018981
-0.00046707
-0.00076116
-0.00105247
-0.00130936
-0.00151255
-0.00164599
-0.00169488
-0.00166319
-0.00157482
-0.00145485
-0.00131961
-0.00117930
-0.00103969
-0.00091842
-0.00084088
-0.00082405
-0.00086587
-0.00095186
-0.00107682
-0.00124201
-0.00143551
-0.00163294
-0.00180720
-0.00193844
-0.00202564
-0.00206902
-0.00207221
-0.00203957
-0.00197650
-0.00189958
-0.00182991
-0.00178738
-0.00177956
-0.00180142
-0.00185020
-0.00192038
-0.00200141
-0.00207988
-0.00214456
-0.00218405
-0.00217820
-0.00210740
-0.00196998
-0.00177348
-0.00153160
-0.00126585
-0.00100125
-0.00076118
-0.00057455
-0.00046979
-0.00045816
-0.00054220
-0.00072029
-0.00098054
-0.00129469
-0.00162772
-0.00194797
-0.00222256
-0.00242551
-0.00254596
-0.00258647
-0.00255834
-0.00247343
-0.00234454
-0.00218525
-0.00200370
-0.00180507
-0.00159770
-0.00139716
-0.00120942
-0.00103773
-0.00089225
-0.00078106
-0.00070739
-0.00066782
-0.00065201
-0.00064022
-0.00060056
-0.00050247
-0.00034545
-0.00015670
0.00003630
0.00021397
0.00035956
0.00045938
0.00050590
0.00050672
0.00047921
0.00044267
0.00040817
0.00037533
0.00034373
0.00031266
0.00027572
0.00021945
0.00013326
0.00002030
-0.00010813
-0.00024333
-0.00037375
-0.00048552
-0.00056971
-0.00062331
-0.00065764
-0.00069099
-0.00073134
-0.00076837
-0.00079377
-0.00080008
-0.00077690
-0.00070423
-0.00057246
-0.00038862
-0.00016536
0.00007160
0.00029515
0.00048458
0.00062654
0.00071900
0.00076566
0.00077983
0.00078026
0.00078235
0.00077694
0.00074427
0.00067308
0.00056346
0.00042607
0.00027168
0.00011237
-0.00003058
-0.00014092
-0.00021503
-0.00025281
-0.00026623
-0.00027232
-0.00027958
-0.00029027
-0.00030446
-0.00032416
-0.00034874
-0.00037778
-0.00041598
-0.00047886
-0.00057502
-0.00071231
-0.00091335
-0.00119577
-0.00155708
-0.00197004
-0.00239717
-0.00280542
-0.00315904
-0.00342680
-0.00359732
-0.00368269
-0.00371817
-0.00373322
-0.00373315
-0.00372110
-0.00371256
-0.00372692
-0.00377511
-0.00385394
-0.00395039
-0.00404660
-0.00411878
-0.00415602
-0.00415791
-0.00412877
-0.00408243
-0.00403639
-0.00400587
-0.00400499
-0.00403793
-0.00409193
-0.00414655
-0.00417716
-0.00416220
-0.00408148
-0.00392405
-0.00368958
-0.00338978
-0.00304611
-0.00268036
-0.00230157
-0.00191348
-0.00152470
-0.00113934
-0.00075886
-0.00038844
-0.00004105
0.00026598
0.00052170
0.00071742
0.00084570
0.00090803
0.00091569
0.00088425
0.00082580
0.00075471
0.00068457
0.00063260
0.00061135
0.00062229
0.00067352
0.00078130
0.00095652
0.00119576
0.00148833
0.00181603
0.00214409
0.00244096
0.00269433
0.00289370
0.00303536
0.00313165
0.00319436
0.00323323
0.00324880
0.00323073
0.00316299
0.00303397
0.00283068
0.00255409
0.00223410
0.00190434
0.00159552
0.00133116
0.00112873
0.00099304
0.00091216
0.00087151
0.00086070
0.00086864
0.00089456
0.00095113
0.00104392
0.00117234
0.00133129
0.00150580
0.00167939
0.00183414
0.00195120
0.00201639
0.00203633
0.00203029
0.00201402
0.00200547
0.00202915
0.00209699
0.00220010
0.00231802
0.00243076
0.00252791
0.00259891
0.00263531
0.00263920
0.00261620
0.00256949
0.00251577
0.00248050
0.00247513
0.00249747
0.00254196
0.00260145
0.00266769
0.00272723
0.00277118
0.00280179
0.00281985
0.00281940
0.00278403
0.00270241
0.00257355
0.00240943
0.00223134
0.00205746
0.00190067
0.00176293
0.00164605
0.00155512
0.00149029
0.00144596
0.00140706
0.00135735
0.00128927
0.00120480
0.00111555
0.00103673
0.00096538
0.00089159
0.00081518
0.00073494
0.00065706
0.00058977
0.00054704
0.00054606
0.00058983
0.00066505
0.00074916
0.00081038
0.00081745
0.00073527
0.00053679
0.00022197
-0.00018963
-0.00067151
-0.00117643
-0.00164220
-0.00201959
-0.00228405
-0.00243196
-0.00247757
-0.00244210
-0.00235110
-0.00222570
-0.00208603
-0.00194725
-0.00181972
-0.00171380
-0.00164048
-0.00160728
-0.00161104
-0.00164463
-0.00170349
-0.00177912
-0.00186261
-0.00194104
-0.00200613
-0.00207007
-0.00215200
-0.00225815
-0.00238637
-0.00252869
-0.00268320
-0.00284358
-0.00299045
-0.00310514
-0.00316711
-0.00317481
-0.00314178
-0.00308119
-0.00300160
-0.00289891
-0.00275751
-0.00256004
-0.00231075
-0.00203393
-0.00176242
-0.00152913
-0.00135371
-0.00124364
-0.00118471
-0.00115351
-0.00112694
-0.00108130
-0.00099342
-0.00085324
-0.00067451
-0.00047726
-0.00026968
-0.00004942
0.00018453
0.00042796
0.00067047
0.00090842
0.00114199
0.00137273
0.00160238
0.00182573
0.00203356
0.00222496
0.00240037
0.00254749
0.00265434
0.00271508
0.00272886
0.00269789
0.00263505
0.00255595
0.00247802
0.00241180
0.00235317
0.00229192
0.00221678
0.00211876
0.00199485
0.00184611
0.00167876
0.00150337
0.00132901
0.00117093
0.00104525
0.00096449
0.00093273
0.00094896
0.00100031
0.00106698
0.00112921
0.00117234
0.00119509
0.00120394
0.00120295
0.00118357
0.00113783
0.00107610
0.00101206
0.00095428
0.00090530
0.00086252
0.00082516
0.00079293
0.00076397
0.00073736
0.00071170
0.00068584
0.00065879
0.00063856
0.00063508
0.00064475
0.00065852
0.00067298
0.00069183
0.00071905
0.00075397
0.00080451
0.00088185
0.00099652
0.00114255
0.00130251
0.00145685
0.00158602
0.00168355
0.00175243
0.00177979
0.00174101
0.00162831
0.00144693
0.00122188
0.00098718
0.00076794
0.00058182
0.00044426
0.00036654
0.00035033
0.00038710
0.00046173
0.00057132
0.00071665
0.00088862
0.00108424
0.00130099
0.00152627
0.00174491
0.00193992
0.00209302
0.00218303
0.00220052
0.00215528
0.00206315
0.00194131
0.00181336
0.00170068
0.00161107
0.00152729
0.00143082
0.00132204
0.00121102
0.00111059
0.00102730
0.00095406
0.00088546
0.00081869
0.00075272
0.00068947
0.00063353
0.00058568
0.00052906
0.00044467
0.00032642
0.00017939
0.00001589
-0.00015244
-0.00031880
-0.00047443
-0.00060193
-0.00068469
-0.00072034
-0.00070649
-0.00063910
-0.00051701
-0.00034678
-0.00014837
0.00005677
0.00025463
0.00042827
0.00055957
0.00064230
0.00067160
0.00063964
0.00053423
0.00035843
0.00013612
-0.00009755
-0.00031122
-0.00048134
-0.00059627
-0.00065348
-0.00066073
-0.00064042
-0.00061762
-0.00061553
-0.00064929
-0.00071150
-0.00078173
-0.00083800
-0.00086959
-0.00087942
-0.00087071
-0.00084371
-0.00080600
-0.00077270
-0.00075624
-0.00076799
-0.00080529
-0.00084626
-0.00086512
-0.00085274
-0.00081006
-0.00074940
-0.00068816
-0.00064809
-0.00064730
-0.00070260
-0.00083173
-0.00103858
-0.00131353
-0.00163555
-0.00197796
-0.00231322
-0.00261893
-0.00287756
-0.00308144
-0.00324124
-0.00336710
-0.00346456
-0.00353781
-0.00357960
-0.00357969
-0.00353934
-0.00346622
-0.00336911
-0.00325862
-0.00315053
-0.00305611
-0.00296691
-0.00287232
-0.00277184
-0.00266313
-0.00252187
-0.00232300
-0.00206121
-0.00175945
-0.00145461
-0.00118312
-0.00096692
-0.00081492
-0.00073260
-0.00071563
-0.00075934
-0.00085768
-0.00098456
-0.00110234
-0.00117448
-0.00117972
-0.00111689
-0.00100015
-0.00084626
-0.00067064
-0.00049382
-0.00032912
-0.00017353
-0.00002071
0.00013415
0.00028800
0.00042760
0.00054595
0.00064907
0.00074403
0.00084256
0.00095519
0.00108468
0.00122935
0.00138007
0.00152785
0.00165600
0.00173781
0.00175063
0.00168829
0.00156021
0.00138391
0.00118843
0.00100639
0.00085441
0.00073845
0.00066509
0.00063615
0.00064303
0.00066200
0.00066731
0.00063571
0.00056254
0.00045977
0.00033796
0.00021049
0.00010414
0.00004111
0.00003009
0.00006793
0.00013338
0.00020687
0.00027439
0.00031508
0.00031631
0.00027734
0.00019627
0.00007689
-0.00007328
-0.00024508
-0.00042440
-0.00059462
-0.00073720
-0.00083231
-0.00087257
-0.00086305
-0.00081109
-0.00072264
-0.00061386
-0.00051163
-0.00044991
-0.00045425
-0.00053237
-0.00067136
-0.00083862
-0.00099716
-0.00112093
-0.00118960
-0.00118709
-0.00110631
-0.00095658
-0.00075931
-0.00054650
-0.00035058
-0.00018581
-0.00006111
0.00003170
0.00011431
0.00019858
0.00029245
0.00040674
0.00054767
0.00070998
0.00088269
0.00105969
0.00124594
0.00144307
0.00164133
0.00182377
0.00197979
0.00210453
0.00219733
0.00225777
0.00229242
0.00230685
0.00230163
0.00228098
0.00224449
0.00219257
0.00213029
0.00206689
0.00200590
0.00195085
0.00189813
0.00184749
0.00180262
0.00176140
0.00171594
0.00164977
0.00155000
0.00141114
0.00124498
0.00107196
0.00090482
0.00074611
0.00058048
0.00038543
0.00015191
-0.00011398
-0.00039661
-0.00067175
-0.00090063
-0.00105894
-0.00114377
-0.00116786
-0.00115768
-0.00113459
-0.00110610
-0.00108093
-0.00107088
-0.00108618
-0.00112227
-0.00116424
-0.00119473
-0.00119701
-0.00116992
-0.00112809
-0.00108431
-0.00104477
-0.00101830
-0.00100859
-0.00101777
-0.00105208
-0.00111034
-0.00118831
-0.00128035
-0.00138788
-0.00151100
-0.00164574
-0.00178162
-0.00189961
-0.00199374
-0.00206708
-0.00211716
-0.00213935
-0.00213270
-0.00210280
-0.00205612
-0.00199723
-0.00192187
-0.00182416
-0.00170256
-0.00156133
-0.00141419
-0.00127184
-0.00114280
-0.00104245
-0.00098227
-0.00095627
-0.00094989
-0.00095802
-0.00097918
-0.00098805
-0.00095479
-0.00086686
-0.00073705
-0.00059036
-0.00043940
-0.00029566
-0.00017640
-0.00009378
-0.00004693
-0.00002842
-0.00002325
-0.00002035
-0.00001724
-0.00001250
-0.00000428
0.00000855
0.00002501
0.00003999
0.00004530
0.00003769
0.00002164
0.00001002
0.00002168
0.00006950
0.00015607
0.00027792
0.00041677
0.00054038
0.00062034
0.00064969
0.00062836
0.00055284
0.00042401
0.00026177
0.00008711
-0.00008980
-0.00025504
-0.00039779
-0.00050637
-0.00057628
-0.00060532
-0.00058538
-0.00051561
-0.00040821
-0.00027778
-0.00013265
0.00000862
0.00011798
0.00017909
0.00018399
0.00013484
0.00003706
-0.00010442
-0.00027989
-0.00046772
-0.00062582
-0.00072038
-0.00075608
-0.00075385
-0.00073416
-0.00069985
-0.00064434
-0.00056715
-0.00046976
-0.00035480
-0.00022414
-0.00007512
0.00009870
0.00028933
0.00047989
0.00065703
0.00081134
0.00092989
0.00099494
0.00099840
0.00095203
0.00088062
0.00081901
0.00079687
0.00082567
0.00090383
0.00101939
0.00115456
0.00128993
0.00141239
0.00150330
0.00155697
0.00158305
0.00159571
0.00161041
0.00163296
0.00166565
0.00171854
0.00179628
0.00188731
0.00197362
0.00204525
0.00208976
0.00208885
0.00204034
0.00194903
0.00181637
0.00163942
0.00142060
0.00117033
0.00090573
0.00065599
0.00045265
0.00031587
0.00025168
0.00025619
0.00032479
0.00044932
0.00059994
0.00073192
0.00081217
0.00082436
0.00077296
0.00068187
0.00058118
0.00049187
0.00042583
0.00038107
0.00035214
0.00032905
0.00030055
0.00026191
0.00020510
0.00011295
-0.00000927
-0.00014259
-0.00026897
-0.00037779
-0.00046557
-0.00053875
-0.00060539
-0.00067134
-0.00073469
-0.00078693
-0.00081529
-0.00081648
-0.00079455
-0.00075978
-0.00071752
-0.00066871
-0.00061715
-0.00056847
-0.00052525
-0.00048100
-0.00043368
-0.00038730
-0.00035386
-0.00035348
-0.00038280
-0.00042427
-0.00047007
-0.00052473
-0.00059176
-0.00066764
-0.00074725
-0.00083161
-0.00091743
-0.00099984
-0.00107322
-0.00114115
-0.00119823
-0.00123152
-0.00123667
-0.00121885
-0.00117901
-0.00111837
-0.00103879
-0.00094524
-0.00085028
-0.00075915
-0.00067543
-0.00060223
-0.00054699
-0.00052642
-0.00054879
-0.00061125
-0.00070299
-0.00080623
-0.00091058
-0.00100175
-0.00106664
-0.00109458
-0.00108131
-0.00103720
-0.00097848
-0.00092544
-0.00088239
-0.00084647
-0.00081938
-0.00080421
-0.00080025
-0.00080677
-0.00082729
-0.00085524
-0.00087670
-0.00088111
-0.00086943
-0.00085209
-0.00083732
-0.00082027
-0.00078976
-0.00074327
-0.00067491
-0.00057708
-0.00044876
-0.00029916
-0.00014317
0.00000162
0.00011344
0.00016328
0.00014471
0.00007023
-0.00004450
-0.00018544
-0.00033083
-0.00045418
-0.00053030
-0.00054577
-0.00050084
-0.00040767
-0.00028917
-0.00016573
-0.00005542
0.00002904
0.00008883
0.00012579
0.00013513
0.00012054
0.00008739
0.00003564
-0.00002847
-0.00009543
-0.00016716
-0.00024998
-0.00034622
-0.00044771
-0.00053165
-0.00057055
-0.00055369
-0.00049225
-0.00040310
-0.00030176
-0.00020209
-0.00011047
-0.00002438
0.00005388
0.00011396
0.00015513
0.00019401
0.00024674
0.00031560
0.00038733
0.00043735
0.00044221
0.00039098
0.00029297
0.00016460
0.00001400
-0.00015561
-0.00034534
-0.00055060
-0.00075226
-0.00093152
-0.00107745
-0.00117428
-0.00121030
-0.00119517
-0.00113978
-0.00104595
-0.00092057
-0.00077537
-0.00062857
-0.00050673
-0.00042368
-0.00038025
-0.00036674
-0.00035973
-0.00034319
-0.00031058
-0.00024930
-0.00015440
-0.00002622
0.00013421
0.00031741
0.00050793
0.00068716
0.00083862
0.00095560
0.00103305
0.00106686
0.00106296
0.00103935
0.00101533
0.00100137
0.00100406
0.00103126
0.00108424
0.00116917
0.00128602
0.00142266
0.00156313
0.00168479
0.00176892
0.00181415
0.00183417
0.00184605
0.00186379
0.00189790
0.00194581
0.00199710
0.00204660
0.00209359
0.00214034
0.00218942
0.00224890
0.00232633
0.00242332
0.00253133
0.00262749
0.00268645
0.00270226
0.00267700
0.00260867
0.00250459
0.00238767
0.00227762
0.00219164
0.00214600
0.00214400
0.00217462
0.00221716
0.00225450
0.00226270
0.00223178
0.00217002
0.00209716
0.00202878
0.00197726
0.00195374
0.00196285
0.00199946
0.00205430
0.00211369
0.00216426
0.00220013
0.00221125
0.00218846
0.00213468
0.00204814
0.00192720
0.00178046
0.00161339
0.00142841
0.00123438
0.00104376
0.00086225
0.00070237
0.00058411
0.00051888
0.00050697
0.00054191
0.00060331
0.00067080
0.00073782
0.00080244
0.00085771
0.00089547
0.00090533
0.00088809
0.00085842
0.00082440
0.00078945
0.00075210
0.00069751
0.00060269
0.00047132
0.00031861
0.00016221
0.00002156
-0.00009614
-0.00019239
-0.00025976
-0.00028561
-0.00026972
-0.00022281
-0.00015615
-0.00007618
0.00001496
0.00011483
0.00021339
0.00029113
0.00033248
0.00032829
0.00027701
0.00019588
0.00010349
0.00000682
-0.00009266
-0.00018155
-0.00023590
-0.00025061
-0.00023810
-0.00020949
-0.00016648
-0.00011015
-0.00004494
0.00001734
0.00006437
0.00008836
0.00008827
0.00006507
0.00001579
-0.00005622
-0.00014177
-0.00023065
-0.00030709
-0.00036051
-0.00038881
-0.00039602
-0.00038624
-0.00035956
-0.00031151
-0.00023146
-0.00011492
0.00002672
0.00017791
0.00031727
0.00042113
0.00047150
0.00046566
0.00040585
0.00030123
0.00017953
0.00006885
-0.00000743
-0.00002002
0.00005678
0.00023282
0.00050074
0.00083217
0.00118119
0.00148587
0.00169004
0.00176567
0.00171706
0.00157363
0.00137340
0.00115594
0.00095670
0.00080142
0.00070831
0.00067885
0.00069892
0.00073977
0.00076693
0.00076314
0.00072550
0.00066111
0.00057921
0.00048275
0.00037754
0.00027748
0.00018905
0.00010601
0.00003327
-0.00001979
-0.00005025
-0.00005653
-0.00004408
-0.00002538
-0.00000311
0.00001959
0.00003609
0.00003831
0.00001653
-0.00004713
-0.00016307
-0.00033028
-0.00053391
-0.00075719
-0.00098622
-0.00119709
-0.00137143
-0.00150226
-0.00159362
-0.00165941
-0.00171974
-0.00178988
-0.00187886
-0.00197858
-0.00206538
-0.00212105
-0.00213535
-0.00211162
-0.00206119
-0.00200295
-0.00196793
-0.00198780
-0.00207143
-0.00221517
-0.00241322
-0.00264050
-0.00287366
-0.00309675
-0.00328908
-0.00344137
-0.00354286
-0.00358979
-0.00359891
-0.00359863
-0.00361447
-0.00364712
-0.00368025
-0.00370254
-0.00370665
-0.00368719
-0.00363396
-0.00354447
-0.00342704
-0.00330986
-0.00321775
-0.00314685
-0.00307354
-0.00297105
-0.00283169
-0.00266300
-0.00247641
-0.00228458
-0.00210421
-0.00195037
-0.00183543
-0.00175871
-0.00171453
-0.00169843
-0.00169277
-0.00168723
-0.00168230
-0.00168346
-0.00169386
-0.00171750
-0.00175436
-0.00179166
-0.00181048
-0.00178932
-0.00173437
-0.00167212
-0.00161204
-0.00155388
-0.00150093
-0.00146048
-0.00144097
-0.00144324
-0.00145032
-0.00144825
-0.00144235
-0.00143551
-0.00142340
-0.00140313
-0.00136997
-0.00132302
-0.00127420
-0.00122963
-0.00118839
-0.00115626
-0.00112952
-0.00110651
-0.00108594
-0.00105451
-0.00099855
-0.00091409
-0.00080714
-0.00068396
-0.00054383
-0.00039133
-0.00023936
-0.00011101
-0.00001823
0.00004261
0.00007695
0.00008793
0.00008413
0.00008807
0.00011988
0.00018255
0.00025697
0.00032370
0.00036781
0.00038469
0.00037718
0.00035086
0.00031139
0.00026292
0.00021593
0.00018152
0.00016827
0.00017448
0.00019207
0.00020734
0.00021474
0.00021816
0.00021936
0.00021646
0.00021222
0.00021287
0.00022130
0.00023895
0.00026070
0.00027814
0.00028318
0.00027500
0.00026273
0.00026247
0.00028773
0.00034533
0.00043892
0.00056755
0.00072340
0.00089495
0.00106105
0.00120218
0.00130621
0.00136628
0.00139233
0.00140097
0.00141553
0.00145134
0.00150149
0.00154769
0.00157060
0.00155644
0.00149944
0.00140429
0.00128701
0.00117284
0.00108278
0.00102618
0.00100295
0.00100516
0.00102530
0.00106120
0.00110307
0.00114167
0.00117441
0.00120104
0.00122445
0.00124585
0.00126190
0.00126876
0.00126715
0.00127154
0.00129463
0.00133705
0.00138434
0.00141412
0.00141277
0.00138355
0.00133416
0.00126491
0.00117707
0.00107505
0.00096932
0.00086733
0.00078546
0.00074367
0.00075615
0.00082036
0.00092131
0.00104290
0.00116289
0.00125475
0.00130554
0.00129923
0.00122268
0.00107981
0.00088745
0.00067411
0.00047439
0.00031901
0.00022504
0.00018560
0.00017947
0.00018071
0.00016970
0.00013292
0.00006261
-0.00004190
-0.00016802
-0.00029507
-0.00040877
-0.00050322
-0.00057875
-0.00064489
-0.00070511
-0.00075638
-0.00079527
-0.00082404
-0.00083869
-0.00082714
-0.00078420
-0.00071300
-0.00062565
-0.00053733
-0.00045969
-0.00039074
-0.00031974
-0.00023290
-0.00012938
-0.00001539
0.00010360
0.00021989
0.00031206
0.00036039
0.00036843
0.00034676
0.00031216
0.00028458
0.00027745
0.00030349
0.00035813
0.00042598
0.00048989
0.00053279
0.00054415
0.00052883
0.00049707
0.00045093
0.00038225
0.00029086
0.00019479
0.00011577
0.00006500
0.00003820
0.00002765
0.00002408
0.00001557
-0.00001425
-0.00007671
-0.00017740
-0.00031169
-0.00045958
-0.00060354
-0.00072408
-0.00081143
-0.00087169
-0.00091903
-0.00096355
-0.00101210
-0.00107324
-0.00114927
-0.00124478
-0.00136029
-0.00148344
-0.00159714
-0.00169391
-0.00177077
-0.00182778
-0.00184981
-0.00182254
-0.00175152
-0.00165198
-0.00154297
-0.00143795
-0.00133525
-0.00123274
-0.00113342
-0.00103244
-0.00092628
-0.00081581
-0.00070303
-0.00059212
-0.00049296
-0.00041368
-0.00036215
-0.00034837
-0.00037962
-0.00045039
-0.00054154
-0.00063731
-0.00072509
-0.00078729
-0.00081438
-0.00080903
-0.00078121
-0.00074319
-0.00070341
-0.00066636
-0.00062962
-0.00057873
-0.00049247
-0.00035796
-0.00017252
0.00004876
0.00028952
0.00053254
0.00076389
0.00097118
0.00114217
0.00126902
0.00136244
0.00144082
0.00150838
0.00155277
0.00156411
0.00154214
0.00149168
0.00142845
0.00137034
0.00133104
0.00131876
0.00134038
0.00139973
0.00148821
0.00159233
0.00170167
0.00180287
0.00187672
0.00190939
0.00189776
0.00184729
0.00176141
0.00164920
0.00152311
0.00139323
0.00126646
0.00114688
0.00103641
0.00093474
0.00083720
0.00073729
0.00063702
0.00054089
0.00045474
0.00038405
0.00032996
0.00027971
0.00022245
0.00016277
0.00011809
0.00009891
0.00009244
0.00008400
0.00006220
0.00001610
-0.00006691
-0.00018018
-0.00029765
-0.00038192
-0.00040321
-0.00036282
-0.00026449
-0.00012159
0.00004501
0.00021959
0.00037643
0.00049060
0.00054876
0.00053775
0.00045997
0.00032553
0.00015033
-0.00004106
-0.00023174
-0.00041007
-0.00056569
-0.00069146
-0.00078366
-0.00083499
-0.00083685
-0.00078431
-0.00067709
-0.00052164
-0.00033499
-0.00014074
0.00004095
0.00020633
0.00035635
0.00049283
0.00062125
0.00074391
0.00085104
0.00092864
0.00096576
0.00095656
0.00090509
0.00082711
0.00074130
0.00065706
0.00058501
0.00052825
0.00048495
0.00046049
0.00045583
0.00047101
0.00050030
0.00053228
0.00056078
0.00057786
0.00058018
0.00058025
0.00058850
0.00059906
0.00060347
0.00061302
0.00064334
0.00069735
0.00076646
0.00083903
0.00091328
0.00098455
0.00105217
0.00112279
0.00118034
0.00120775
0.00120401
0.00118065
0.00114357
0.00110300
0.00107422
0.00106827
0.00108762
0.00113265
0.00120027
0.00127784
0.00134519
0.00139015
0.00142167
0.00145038
0.00148337
0.00152677
0.00157766
0.00162250
0.00165380
0.00166991
0.00166537
0.00162568
0.00154393
0.00142311
0.00127199
0.00110627
0.00093974
0.00078898
0.00066312
0.00055726
0.00046407
0.00038394
0.00031934
0.00026221
0.00020299
0.00014328
0.00009462
0.00006648
0.00006066
0.00007429
0.00010130
0.00013359
0.00016515
0.00019145
0.00021134
0.00022420
0.00022493
0.00020788
0.00018031
0.00015058
0.00012189
0.00010188
0.00010155
0.00013117
0.00019201
0.00027639
0.00037262
0.00046493
0.00052575
0.00054162
0.00051355
0.00044654
0.00035586
0.00025864
0.00016540
0.00008418
0.00002393
-0.00000787
-0.00000275
0.00003756
0.00010078
0.00017759
0.00026609
0.00036535
0.00046646
0.00055966
0.00063823
0.00070650
0.00077128
0.00083736
0.00091098
0.00099012
0.00106203
0.00111041
0.00112215
0.00109597
0.00103700
0.00095080
0.00083060
0.00066902
0.00047179
0.00026102
0.00007193
-0.00007465
-0.00016937
-0.00021335
-0.00021533
-0.00018970
-0.00015215
-0.00011331
-0.00008030
-0.00005654
-0.00004697
-0.00006105
-0.00010418
-0.00017611
-0.00027752
-0.00040385
-0.00054272
-0.00067232
-0.00077987
-0.00086799
-0.00093874
-0.00100068
-0.00105665
-0.00110480
-0.00113969
-0.00115071
-0.00113150
-0.00107953
-0.00100187
-0.00090985
-0.00081452
-0.00072670
-0.00066247
-0.00063509
-0.00065302
-0.00071321
-0.00081138
-0.00094615
-0.00110981
-0.00128049
-0.00143629
-0.00156777
-0.00166760
-0.00172588
-0.00173665
-0.00170228
-0.00162114
-0.00149705
-0.00134415
-0.00117920
-0.00102070
-0.00088709
-0.00079592
-0.00075737
-0.00077322
-0.00083662
-0.00093757
-0.00106465
-0.00119780
-0.00130626
-0.00136744
-0.00137813
-0.00135401
-0.00132355
-0.00131145
-0.00132564
-0.00136686
-0.00143063
-0.00152172
-0.00164665
-0.00179777
-0.00195710
-0.00209752
-0.00219156
-0.00222143
-0.00218173
-0.00207855
-0.00192581
-0.00175169
-0.00157591
-0.00141211
-0.00127022
-0.00115256
-0.00105922
-0.00099531
-0.00096641
-0.00096350
-0.00095780
-0.00092660
-0.00085951
-0.00076577
-0.00067395
-0.00060292
-0.00056072
-0.00055238
-0.00058549
-0.00064995
-0.00072415
-0.00079814
-0.00085711
-0.00088808
-0.00089461
-0.00088125
-0.00085218
-0.00081551
-0.00077802
-0.00073164
-0.00066745
-0.00057738
-0.00046055
-0.00032042
-0.00015723
0.00002149
0.00019547
0.00034649
0.00046764
0.00055152
0.00060080
0.00062742
0.00064034
0.00064005
0.00062705
0.00060878
0.00058720
0.00056071
0.00053585
0.00052272
0.00052659
0.00054450
0.00055873
0.00054910
0.00050914
0.00044182
0.00036100
0.00027264
0.00018043
0.00010037
0.00005207
0.00004177
0.00006415
0.00010643
0.00015165
0.00019082
0.00021938
0.00023417
0.00023855
0.00022859
0.00019592
0.00013536
0.00005143
-0.00004223
-0.00012872
-0.00019253
-0.00022899
-0.00023534
-0.00021689
-0.00018668
-0.00015540
-0.00012199
-0.00007817
-0.00003605
-0.00001867
-0.00003260
-0.00006831
-0.00011606
-0.00016600
-0.00020411
-0.00022775
-0.00024788
-0.00026266
-0.00027028
-0.00026514
-0.00024543
-0.00021221
-0.00017081
-0.00013003
-0.00008658
-0.00003604
0.00001569
0.00005673
0.00007994
0.00008347
0.00007441
0.00006625
0.00006846
0.00008356
0.00010587
0.00012548
0.00014064
0.00015414
0.00017332
0.00019998
0.00023035
0.00027564
0.00035472
0.00046673
0.00059580
0.00073130
0.00086535
0.00098895
0.00109396
0.00118017
0.00124969
0.00130292
0.00134141
0.00136553
0.00137896
0.00138175
0.00136972
0.00133214
0.00126020
0.00115021
0.00100498
0.00083185
0.00063797
0.00043783
0.00025827
0.00011863
0.00001671
-0.00006026
-0.00012541
-0.00019370
-0.00027673
-0.00037514
-0.00048844
-0.00061532
-0.00075380
-0.00090102
-0.00105320
-0.00120672
-0.00135191
-0.00148169
-0.00159825
-0.00171841
-0.00184945
-0.00198151
-0.00209603
-0.00217608
-0.00221986
-0.00222271
-0.00218614
-0.00213228
-0.00208304
-0.00205305
-0.00205828
-0.00210173
-0.00216620
-0.00223465
-0.00229912
-0.00235759
-0.00240538
-0.00243055
-0.00241601
-0.00236026
-0.00227497
-0.00217201
-0.00206122
-0.00194655
-0.00182516
-0.00169839
-0.00157750
-0.00146843
-0.00136526
-0.00125466
-0.00113216
-0.00100372
-0.00087580
-0.00075284
-0.00063724
-0.00052906
-0.00042437
-0.00031817
-0.00021611
-0.00012312
-0.00003136
0.00006983
0.00019071
0.00033406
0.00049713
0.00067858
0.00086525
0.00104410
0.00120787
0.00134492
0.00144315
0.00151242
0.00156054
0.00158675
0.00159495
0.00158289
0.00155586
0.00153494
0.00153410
0.00155642
0.00159868
0.00164644
0.00168209
0.00169018
0.00166510
0.00160231
0.00150780
0.00140601
0.00132089
0.00125963
0.00122218
0.00121048
0.00121892
0.00123878
0.00127002
0.00130497
0.00132240
0.00130513
0.00125026
0.00116784
0.00107926
0.00100037
0.00092863
0.00085440
0.00078275
0.00072227
0.00067805
0.00063943
0.00060398
0.00058198
0.00057785
0.00058604
0.00060388
0.00062716
0.00064588
0.00065353
0.00064972
0.00062968
0.00059534
0.00055328
0.00051149
0.00048503
0.00047860
0.00048419
0.00048761
0.00048284
0.00047849
0.00048542
0.00051167
0.00055159
0.00059957
0.00064992
0.00068870
0.00069773
0.00066081
0.00057101
0.00044113
0.00029005
0.00012867
-0.00003851
-0.00020523
-0.00035948
-0.00049285
-0.00060003
-0.00067935
-0.00074187
-0.00080627
-0.00088243
-0.00095891
-0.00101601
-0.00104979
-0.00106267
-0.00105053
-0.00099816
-0.00090088
-0.00077231
-0.00062963
-0.00049535
-0.00037959
-0.00028373
-0.00021082
-0.00016447
-0.00014636
-0.00014711
-0.00015012
-0.00014371
-0.00012489
-0.00009795
-0.00006511
-0.00002016
0.00004841
0.00015257
0.00029334
0.00046012
0.00063897
0.00081547
0.00097047
0.00108046
0.00112397
0.00110096
0.00103132
0.00094108
0.00085024
0.00077157
0.00071751
0.00070487
0.00073820
0.00080711
0.00089278
0.00097621
0.00104855
0.00110096
0.00113190
0.00114241
0.00112985
0.00109183
0.00102321
0.00092339
0.00080497
0.00067997
0.00055085
0.00042307
0.00030219
0.00019412
0.00010795
0.00003898
-0.00002621
-0.00009008
-0.00014578
-0.00018413
-0.00020277
-0.00020717
-0.00020815
-0.00020930
-0.00021466
-0.00022380
-0.00023065
-0.00022838
-0.00020925
-0.00017305
-0.00011435
-0.00002950
0.00007877
0.00020815
0.00035574
0.00051221
0.00065766
0.00076110
0.00081949
0.00085059
0.00087651
0.00090821
0.00094363
0.00097549
0.00099636
0.00100012
0.00098832
0.00096991
0.00095338
0.00094594
0.00095544
0.00098688
0.00103570
0.00109609
0.00115919
0.00121475
0.00125939
0.00128941
0.00129703
0.00127977
0.00123841
0.00118356
0.00113081
0.00108914
0.00105989
0.00103130
0.00099152
0.00093590
0.00086047
0.00076545
0.00065275
0.00052794
0.00039944
0.00027763
0.00017127
0.00008293
0.00001699
-0.00002635
-0.00004678
-0.00004477
-0.00002622
0.00000449
0.00004319
0.00008289
0.00011465
0.00013187
0.00014219
0.00014917
0.00016010
0.00019111
0.00024791
0.00032341
0.00040337
0.00047520
0.00053215
0.00057849
0.00062011
0.00065747
0.00069002
0.00070961
0.00071186
0.00070452
0.00069606
0.00068668
0.00067600
0.00066517
0.00065147
0.00062720
0.00058246
0.00052504
0.00048005
0.00047113
0.00050171
0.00055570
0.00061335
0.00066087
0.00068856
0.00068487
0.00064914
0.00058334
0.00048755
0.00035821
0.00019949
0.00002556
-0.00015418
-0.00033449
-0.00050395
-0.00065295
-0.00076968
-0.00084686
-0.00088250
-0.00087914
-0.00083884
-0.00077272
-0.00069694
-0.00063363
-0.00060143
-0.00060559
-0.00064786
-0.00072788
-0.00083678
-0.00095549
-0.00106219
-0.00114660
-0.00121241
-0.00126447
-0.00130247
-0.00132535
-0.00133695
-0.00133309
-0.00131496
-0.00129580
-0.00128173
-0.00127284
-0.00126415
-0.00125215
-0.00123535
-0.00122090
-0.00121835
-0.00123187
-0.00126283
-0.00130528
-0.00135440
-0.00140531
-0.00145394
-0.00149451
-0.00151126
-0.00149540
-0.00144877
-0.00137530
-0.00127796
-0.00115863
-0.00102078
-0.00088332
-0.00077193
-0.00069979
-0.00066856
-0.00067343
-0.00070835
-0.00076925
-0.00085286
-0.00094297
-0.00101765
-0.00106511
-0.00108192
-0.00107938
-0.00107806
-0.00109354
-0.00112690
-0.00115789
-0.00116223
-0.00113448
-0.00108592
-0.00102574
-0.00096461
-0.00090840
-0.00085560
-0.00080606
-0.00075905
-0.00070857
-0.00065353
-0.00059543
-0.00053947
-0.00048694
-0.00043337
-0.00037645
-0.00031797
-0.00026009
-0.00020164
-0.00014964
-0.00011414
-0.00010135
-0.00010901
-0.00013267
-0.00017635
-0.00023948
-0.00031798
-0.00040097
-0.00047641
-0.00053743
-0.00057380
-0.00057479
-0.00053826
-0.00046157
-0.00035349
-0.00024110
-0.00014738
-0.00007833
-0.00002065
0.00004303
0.00012352
0.00022712
0.00033652
0.00042838
0.00049351
0.00053778
0.00057199
0.00059276
0.00059510
0.00057894
0.00055371
0.00052884
0.00049974
0.00045860
0.00040111
0.00032032
0.00021723
0.00010891
0.00001083
-0.00006654
-0.00012070
-0.00015394
-0.00016861
-0.00017273
-0.00017495
-0.00018119
-0.00018926
-0.00021053
-0.00025656
-0.00031888
-0.00037505
-0.00040786
-0.00040515
-0.00035792
-0.00026957
-0.00015392
-0.00002667
0.00010012
0.00021931
0.00032895
0.00042983
0.00051888
0.00059147
0.00064732
0.00068989
0.00072646
0.00076668
0.00081674
0.00087433
0.00091799
0.00091980
0.00086837
0.00078028
0.00068562
0.00060470
0.00053866
0.00048523
0.00045198
0.00043859
0.00043992
0.00044774
0.00045529
0.00045123
0.00042286
0.00037156
0.00030395
0.00022473
0.00013726
0.00004411
-0.00005532
-0.00015965
-0.00025806
-0.00033912
-0.00040454
-0.00044873
-0.00046210
-0.00044371
-0.00039462
-0.00031936
-0.00023068
-0.00014099
-0.00005421
0.00003063
0.00011552
0.00020463
0.00030204
0.00040907
0.00051433
0.00060346
0.00066381
0.00068337
0.00066906
0.00063365
0.00058993
0.00054838
0.00050090
0.00043925
0.00037568
0.00031721
0.00026627
0.00022843
0.00020746
0.00021055
0.00023673
0.00027306
0.00030369
0.00031628
0.00030399
0.00026967
0.00022233
0.00017373
0.00012953
0.00008984
0.00005408
0.00002746
0.00000820
-0.00000842
-0.00002975
-0.00006346
-0.00011270
-0.00017926
-0.00026300
-0.00035510
-0.00044354
-0.00052298
-0.00059798
-0.00067159
-0.00074098
-0.00080363
-0.00085842
-0.00090545
-0.00094759
-0.00099026
-0.00103548
-0.00108284
-0.00113013
-0.00117088
-0.00120237
-0.00122257
-0.00122650
-0.00121196
-0.00118228
-0.00114645
-0.00111521
-0.00110138
-0.00111234
-0.00114517
-0.00119697
-0.00125701
-0.00131147
-0.00135659
-0.00138247
-0.00138243
-0.00136328
-0.00132574
-0.00126894
-0.00120190
-0.00114579
-0.00111363
-0.00109731
-0.00108350
-0.00106916
-0.00105774
-0.00104803
-0.00103145
-0.00100793
-0.00098365
-0.00096334
-0.00094978
-0.00094125
-0.00094113
-0.00095665
-0.00098276
-0.00100843
-0.00103311
-0.00106300
-0.00109747
-0.00113049
-0.00115472
-0.00116060
-0.00114126
-0.00109562
-0.00102747
-0.00093807
-0.00083105
-0.00071021
-0.00057801
-0.00044386
-0.00032389
-0.00023134
-0.00016771
-0.00011511
-0.00005639
0.00001344
0.00009759
0.00019380
0.00029542
0.00039127
0.00047046
0.00052886
0.00056853
0.00059509
0.00061240
0.00062390
0.00063261
0.00064676
0.00067332
0.00070462
0.00073515
0.00076478
0.00079410
0.00082981
0.00088198
0.00094659
0.00101980
0.00110667
0.00120468
0.00130508
0.00139772
0.00147475
0.00154639
0.00161981
0.00168540
0.00174807
0.00181784
0.00189473
0.00197338
0.00204250
0.00208902
0.00211100
0.00210960
0.00208719
0.00204112
0.00196949
0.00188277
0.00179247
0.00170613
0.00162730
0.00156107
0.00150589
0.00145883
0.00141830
0.00138365
0.00135975
0.00135022
0.00134478
0.00133293
0.00132173
0.00132460
0.00135181
0.00140141
0.00146073
0.00151545
0.00155609
0.00157311
0.00156938
0.00155453
0.00153703
0.00151433
0.00147138
0.00140218
0.00131329
0.00121617
0.00112629
0.00105606
0.00101007
0.00098925
0.00098728
0.00099777
0.00101370
0.00103234
0.00105498
0.00108161
0.00110762
0.00112956
0.00114800
0.00115929
0.00115791
0.00114068
0.00111322
0.00108370
0.00105537
0.00102745
0.00099310
0.00094593
0.00088476
0.00081107
0.00073821
0.00067885
0.00064087
0.00062994
0.00064099
0.00066248
0.00067156
0.00063818
0.00054893
0.00041601
0.00026345
0.00012059
0.00001580
-0.00004134
-0.00005769
-0.00004700
-0.00002821
-0.00001712
-0.00002345
-0.00005434
-0.00011640
-0.00020949
-0.00033252
-0.00047034
-0.00059833
-0.00068876
-0.00072199
-0.00070806
-0.00067746
-0.00067016
-0.00071507
-0.00080315
-0.00090562
-0.00099866
-0.00106916
-0.00111843
-0.00115394
-0.00118723
-0.00123004
-0.00128514
-0.00135531
-0.00143497
-0.00151442
-0.00159023
-0.00165850
-0.00170360
-0.00171758
-0.00170264
-0.00166432
-0.00160532
-0.00153106
-0.00145385
-0.00138163
-0.00132043
-0.00127306
-0.00124168
-0.00122182
-0.00120492
-0.00118555
-0.00116274
-0.00113656
-0.00110414
-0.00105476
-0.00098525
-0.00089825
-0.00079670
-0.00068448
-0.00056890
-0.00044528
-0.00031108
-0.00016990
-0.00003426
0.00009135
0.00021984
0.00034957
0.00046620
0.00055853
0.00061265
0.00062354
0.00059607
0.00053221
0.00044617
0.00036443
0.00030521
0.00026804
0.00024546
0.00023724
0.00024206
0.00025501
0.00027034
0.00028816
0.00031011
0.00033143
0.00034888
0.00035626
0.00035048
0.00033964
0.00033621
0.00035111
0.00038554
0.00043577
0.00049715
0.00056212
0.00062487
0.00067894
0.00072040
0.00074681
0.00076166
0.00076420
0.00074550
0.00069935
0.00062748
0.00053939
0.00044716
0.00035501
0.00026580
0.00018266
0.00010891
0.00004775
0.00000505
-0.00002288
-0.00004444
-0.00005727
-0.00005573
-0.00004346
-0.00002181
0.00001282
0.00006137
0.00011950
0.00018085
0.00023028
0.00025606
0.00025257
0.00022385
0.00018146
0.00013065
0.00007362
0.00001750
-0.00002569
-0.00004556
-0.00004534
-0.00003879
-0.00003753
-0.00004664
-0.00006321
-0.00007730
-0.00008201
-0.00007901
-0.00006283
-0.00002399
0.00003356
0.00009599
0.00014652
0.00018422
0.00021002
0.00022392
0.00023088
0.00024100
0.00027048
0.00033134
0.00042648
0.00054293
0.00065490
0.00073692
0.00078163
0.00078556
0.00074241
0.00065865
0.00055250
0.00044591
0.00036166
0.00031072
0.00029289
0.00030056
0.00031615
0.00032990
0.00033243
0.00031663
0.00027881
0.00021426
0.00012103
0.00000686
-0.00010787
-0.00021152
-0.00029661
-0.00035934
-0.00040379
-0.00043288
-0.00044881
-0.00045350
-0.00044451
-0.00042382
-0.00039138
-0.00035081
-0.00030845
-0.00026977
-0.00024311
-0.00023548
-0.00024630
-0.00026988
-0.00030335
-0.00034725
-0.00040604
-0.00048140
-0.00056855
-0.00065507
-0.00072856
-0.00077891
-0.00078944
-0.00075050
-0.00066037
-0.00052943
-0.00038537
-0.00026560
-0.00019624
-0.00018509
-0.00022852
-0.00030915
-0.00040512
-0.00050590
-0.00060395
-0.00068648
-0.00074348
-0.00077833
-0.00079504
-0.00079730
-0.00079215
-0.00078423
-0.00078002
-0.00078085
-0.00077821
-0.00077410
-0.00078753
-0.00083056
-0.00090579
-0.00100990
-0.00113389
-0.00126628
-0.00140082
-0.00154418
-0.00169278
-0.00183353
-0.00195730
-0.00205485
-0.00212155
-0.00215511
-0.00215466
-0.00212198
-0.00205803
-0.00197159
-0.00187249
-0.00176734
-0.00166784
-0.00158428
-0.00152412
-0.00148768
-0.00146778
-0.00145783
-0.00148040
-0.00148062
-0.00147807
-0.00146856
-0.00145401
-0.00143450
-0.00141969
-0.00142146
-0.00143834
-0.00146467
-0.00148450
-0.00147426
-0.00143012
-0.00136887
-0.00129733
-0.00120835
-0.00110477
-0.00101071
-0.00094949
-0.00093168
-0.00095843
-0.00101928
-0.00109728
-0.00117617
-0.00124860
-0.00131545
-0.00138163
-0.00144904
-0.00150989
-0.00155800
-0.00158588
-0.00158913
-0.00157534
-0.00154981
-0.00151111
-0.00146010
-0.00140778
-0.00136116
-0.00132154
-0.00128623
-0.00125163
-0.00121144
-0.00115414
-0.00107320
-0.00097289
-0.00086046
-0.00074988
-0.00065590
-0.00058984
-0.00055068
-0.00052925
-0.00051380
-0.00050264
-0.00050493
-0.00052219
-0.00054347
-0.00055335
-0.00054103
-0.00050001
-0.00042433
-0.00031350
-0.00017869
-0.00004267
0.00007725
0.00017362
0.00024221
0.00028623
0.00032139
0.00036505
0.00041764
0.00046979
0.00052628
0.00059623
0.00067803
0.00076166
0.00084020
0.00090603
0.00095644
0.00099951
0.00103831
0.00107455
0.00111607
0.00115203
0.00117213
0.00117935
0.00117831
0.00117639
0.00119286
0.00124276
0.00132577
0.00142871
0.00153351
0.00162547
0.00169697
0.00174451
0.00176563
0.00176162
0.00173968
0.00170630
0.00166521
0.00161822
0.00157700
0.00155731
0.00155962
0.00157409
0.00158794
0.00159337
0.00158938
0.00158014
0.00157496
0.00158183
0.00159681
0.00162149
0.00166321
0.00172032
0.00178119
0.00182654
0.00183586
0.00180251
0.00174204
0.00167084
0.00158820
0.00150631
0.00144645
0.00142211
0.00143140
0.00146530
0.00151308
0.00156467
0.00160941
0.00164440
0.00167455
0.00169854
0.00171163
0.00171674
0.00171621
0.00171239
0.00171519
0.00172553
0.00174408
0.00177878
0.00183074
0.00189057
0.00194884
0.00199050
0.00200762
0.00200407
0.00198286
0.00194534
0.00189666
0.00184041
0.00178564
0.00173818
0.00169231
0.00164271
0.00158972
0.00153979
0.00149144
0.00143878
0.00137993
0.00132064
0.00127281
0.00123612
0.00120338
0.00117002
0.00114667
0.00114501
0.00116854
0.00120744
0.00125103
0.00129547
0.00132693
0.00132728
0.00128295
0.00118954
0.00105688
0.00090693
0.00076482
0.00064290
0.00055003
0.00048998
0.00045640
0.00043889
0.00043549
0.00044929
0.00047693
0.00050773
0.00053321
0.00054760
0.00054900
0.00053774
0.00051245
0.00046467
0.00038629
0.00028304
0.00016573
0.00004641
-0.00005699
-0.00013043
-0.00017319
-0.00019010
-0.00019026
-0.00018607
-0.00017971
-0.00016929
-0.00015869
-0.00015461
-0.00016322
-0.00018546
-0.00021814
-0.00024915
-0.00027190
-0.00029963
-0.00033913
-0.00037554
-0.00039149
-0.00038399
-0.00036344
-0.00034329
-0.00032973
-0.00031715
-0.00030001
-0.00028223
-0.00026854
-0.00026126
-0.00025844
-0.00026126
-0.00027461
-0.00030063
-0.00033995
-0.00039217
-0.00046043
-0.00054496
-0.00063821
-0.00072824
-0.00080257
-0.00085377
-0.00088184
-0.00089082
-0.00089185
-0.00089506
-0.00090306
-0.00091389
-0.00092850
-0.00094278
-0.00095446
-0.00096481
-0.00097468
-0.00098321
-0.00099353
-0.00101329
-0.00104164
-0.00107335
-0.00109935
-0.00110944
-0.00109925
-0.00107430
-0.00104268
-0.00100776
-0.00097128
-0.00093329
-0.00088352
-0.00081774
-0.00074093
-0.00065860
-0.00057979
-0.00051316
-0.00046890
-0.00045129
-0.00045830
-0.00048203
-0.00051258
-0.00054161
-0.00056754
-0.00058860
-0.00060223
-0.00061097
-0.00062129
-0.00063234
-0.00064158
-0.00064649
-0.00064356
-0.00063433
-0.00062265
-0.00060483
-0.00057517
-0.00053359
-0.00048776
-0.00044747
-0.00042597
-0.00043490
-0.00047273
-0.00052905
-0.00059479
-0.00066307
-0.00072761
-0.00078406
-0.00082914
-0.00086289
-0.00088914
-0.00091118
-0.00092555
-0.00093155
-0.00092863
-0.00091997
-0.00091542
-0.00092054
-0.00093710
-0.00096196
-0.00098452
-0.00099244
-0.00098238
-0.00095912
-0.00092905
-0.00089802
-0.00086956
-0.00084331
-0.00081435
-0.00078715
-0.00076759
-0.00075824
-0.00075528
-0.00074943
-0.00073381
-0.00070525
-0.00066172
-0.00060408
-0.00053714
-0.00046666
-0.00039461
-0.00032816
-0.00027453
-0.00023295
-0.00019389
-0.00015124
-0.00010467
-0.00005759
-0.00002119
-0.00000075
0.00000712
0.00001147
0.00001579
0.00002012
0.00002731
0.00004331
0.00007062
0.00010035
0.00012716
0.00015116
0.00017189
0.00018534
0.00018894
0.00019015
0.00019928
0.00022109
0.00025461
0.00029469
0.00033955
0.00038327
0.00041362
0.00042085
0.00040502
0.00036997
0.00032030
0.00026644
0.00021710
0.00017702
0.00015013
0.00014244
0.00015484
0.00017784
0.00019834
0.00020947
0.00021054
0.00020438
0.00019455
0.00018150
0.00016798
0.00015901
0.00015631
0.00016354
0.00017891
0.00019374
0.00020146
0.00019869
0.00018425
0.00015981
0.00013073
0.00010325
0.00008133
0.00006505
0.00005462
0.00004974
0.00004265
0.00003147
0.00002425
0.00002767
0.00004267
0.00006935
0.00010471
0.00014483
0.00018393
0.00021705
0.00024160
0.00025592
0.00025798
0.00025121
0.00024255
0.00023360
0.00022363
0.00021261
0.00020182
0.00018965
0.00017131
0.00014720
0.00011931
0.00008702
0.00004926
0.00001061
-0.00002466
-0.00005485
-0.00008006
-0.00010107
-0.00011697
-0.00012913
-0.00013940
-0.00014778
-0.00015418
-0.00015725
-0.00015531
-0.00015163
-0.00014638
-0.00013286
-0.00010752
-0.00007362
-0.00003607
-0.00000004
0.00003007
0.00005193
0.00006109
0.00005841
0.00004771
0.00002698
-0.00000119
-0.00002829
-0.00004624
-0.00005067
-0.00004165
-0.00002100
0.00000612
0.00003474
0.00005906
0.00007345
0.00007726
0.00007239
0.00005887
0.00003717
0.00000804
-0.00002531
-0.00005870
-0.00009253
-0.00012906
-0.00017183
-0.00022177
-0.00027060
-0.00030773
-0.00033025
-0.00033497
-0.00031927
-0.00028563
-0.00024194
-0.00019672
-0.00015557
-0.00012170
-0.00009506
-0.00007329
-0.00005476
-0.00004404
-0.00004661
-0.00006158
-0.00008418
-0.00011191
-0.00014335
-0.00017355
-0.00019935
-0.00021866
-0.00023014
-0.00023248
-0.00022604
-0.00021110
-0.00018919
-0.00016194
-0.00013033
-0.00009694
-0.00006350
-0.00002851
0.00001097
0.00005573
0.00010224
0.00014603
0.00018505
0.00021661
0.00023600
0.00024075
0.00023312
0.00021965
0.00020617
0.00019614
0.00019079
0.00019155
0.00019985
0.00021633
0.00023657
0.00025604
0.00027412
0.00029054
0.00030226
0.00030663
0.00030445
0.00029746
0.00028835
0.00027910
0.00026991
0.00025956
0.00024968
0.00024168
0.00023473
0.00022805
0.00022115
0.00021470
0.00020874
0.00020493
0.00020421
0.00020666
0.00021012
0.00021180
0.00020996
0.00020299
0.00019259
0.00018250
0.00017533
0.00017131
0.00016980
0.00016893
0.00016723
0.00016371
0.00015642
0.00014461
0.00012988
0.00011496
0.00010263
0.00009398
0.00008730
0.00008213
0.00007968
0.00008203
0.00008917
0.00009732
0.00010296
0.00010368
0.00009839
0.00008621
0.00006876
0.00005018
0.00003307
0.00001969
0.00001049
0.00000477
0.00000136
-0.00000043
-0.00000035
0.00000128
0.00000325
0.00000323
-0.00000107
-0.00000890
-0.00001724
-0.00002448
-0.00003169
-0.00003943
-0.00004739
-0.00005293
-0.00005340
-0.00004968
-0.00004344
-0.00003507
-0.00002453
-0.00001224
0.00000099
0.00001215
0.00001818
0.00001804
0.00001223
0.00000195
-0.00001277
-0.00003189
-0.00005178
-0.00006793
-0.00007680
-0.00007737
-0.00007124
-0.00006146
-0.00005109
-0.00004260
-0.00003781
-0.00003610
-0.00003592
-0.00003653
-0.00003730
-0.00003718
-0.00003520
-0.00003206
-0.00002923
-0.00002738
-0.00002555
-0.00002263
-0.00001868
-0.00001463
-0.00001175
-0.00001019
-0.00000882
-0.00000608
-0.00000112
0.00000601
0.00001428
0.00002230
0.00002879
0.00003327
0.00003571
0.00003560
0.00003333
0.00002963
0.00002499
0.00002029
0.00001630
0.00001358
0.00001190
0.00001035
0.00000798
0.00000568
0.00000480
0.00000602
0.00000930
0.00001384
0.00001849
0.00002223
0.00002503
0.00002767
0.00003051
0.00003332
0.00003546
0.00003627
0.00003530
0.00003245
0.00002839
0.00002419
0.00002040
0.00001700
0.00001394
0.00001120
0.00000906
0.00000834
0.00000934
0.00001232
0.00001665
0.00002146
0.00002616
0.00002992
0.00003185
0.00003148
0.00002900
0.00002540
0.00002170
0.00001863
0.00001658
0.00001545
0.00001486
0.00001484
0.00001540
0.00001627
0.00001689
0.00001683
0.00001629
0.00001573
0.00001541
0.00001552
0.00001607
0.00001711
0.00001861
0.00002046
0.00002223
0.00002348
0.00002401
0.00002391
0.00002323
0.00002201
0.00002047
0.00001892
0.00001783
0.00001748
0.00001783
0.00001860
0.00001953
0.00002050
0.00002140
0.00002211
0.00002237
0.00002203
0.00002123
0.00002037
0.00001975
0.00001937
0.00001891
0.00001806
0.00001692
0.00001560
0.00001403
0.00001215
0.00001004
0.00000786
0.00000574
0.00000378
0.00000203
0.00000058
-0.00000043
-0.00000097
-0.00000124
-0.00000156
-0.00000204
-0.00000272
-0.00000364
-0.00000476
-0.00000595
-0.00000706
-0.00000802
-0.00000885
-0.00000953
-0.00001002
-0.00001025
-0.00001019
-0.00000999
-0.00000976
-0.00000951
-0.00000923
-0.00000906
-0.00000917
-0.00000960
-0.00001027
-0.00001101
-0.00001167
-0.00001217
-0.00001244
-0.00001247
-0.00001235
-0.00001218
-0.00001204
-0.00001197
-0.00001199
-0.00001208
-0.00001220
-0.00001237
-0.00001261
-0.00001286
-0.00001308
-0.00001323
-0.00001331
-0.00001336
-0.00001337
-0.00001334
-0.00001330
-0.00001329
-0.00001333
-0.00001340
-0.00001348
-0.00001352
-0.00001353
-0.00001348
-0.00001342
-0.00001336
-0.00001329
-0.00001323
-0.00001317
-0.00001311
-0.00001306
-0.00001302
-0.00001295
-0.00001288
-0.00001279
-0.00001269
-0.00001258
-0.00001246
-0.00001232
-0.00001220
-0.00001208
-0.00001196
-0.00001185
-0.00001173
-0.00001161
-0.00001149
-0.00001138
-0.00001126
-0.00001115
-0.00001105
-0.00001095
-0.00001085
-0.00001075
-0.00001063
-0.00001050
-0.00001036
-0.00001022
-0.00001007
-0.00000993
-0.00000978
-0.00000964
-0.00000950
-0.00000935
-0.00000921
-0.00000907
-0.00000893
-0.00000880
-0.00000867
-0.00000855
-0.00000843
-0.00000831
-0.00000819
-0.00000807
-0.00000796
-0.00000785
-0.00000773
-0.00000762
-0.00000751
-0.00000741
-0.00000730
-0.00000720
-0.00000709
-0.00000700
-0.00000690
-0.00000681
-0.00000672
-0.00000663
-0.00000654
-0.00000645
-0.00000637
-0.00000628
-0.00000620
-0.00000612
-0.00000604
-0.00000596
-0.00000589
-0.00000581
-0.00000574
-0.00000566
-0.00000559
-0.00000553
-0.00000546
-0.00000539
-0.00000533
-0.00000526
-0.00000520
-0.00000514
