-0.00002471
-0.00002586
-0.00002806
-0.00003111
-0.00003416
-0.00003573
-0.00003392
-0.00002691
-0.00001350
0.00000624
0.00003075
0.00005726
0.00008217
0.00010166
0.00011301
0.00011490
0.00010750
0.00009222
0.00007276
0.00005394
0.00003907
0.00002945
0.00002483
0.00002383
0.00002318
0.00001795
0.00000361
-0.00002278
-0.00006230
-0.00011461
-0.00017622
-0.00024113
-0.00030474
-0.00036482
-0.00042045
-0.00046956
-0.00050726
-0.00053131
-0.00054001
-0.00052787
-0.00048561
-0.00040581
-0.00028867
-0.00014111
0.00002787
0.00020370
0.00036279
0.00048123
0.00053855
0.00052212
0.00042951
0.00027369
0.00007955
-0.00012055
-0.00029215
-0.00040411
-0.00043221
-0.00036805
-0.00022132
-0.00001757
0.00021290
0.00044007
0.00063625
0.00078040
0.00086026
0.00087650
0.00083834
0.00076103
0.00065928
0.00054366
0.00041559
0.00026628
0.00008156
-0.00014142
-0.00039127
-0.00064550
-0.00087984
-0.00107753
-0.00121772
-0.00127535
-0.00123531
-0.00109833
-0.00087901
-0.00059901
-0.00028408
0.00003192
0.00031441
0.00053951
0.00069659
0.00078058
0.00079031
0.00072865
0.00060566
0.00044125
0.00026432
0.00009956
-0.00003475
-0.00012760
-0.00017464
-0.00017301
-0.00011789
-0.00000989
0.00013906
0.00031144
0.00048375
0.00062581
0.00071002
0.00071684
0.00064077
0.00049069
0.00028464
0.00004964
-0.00018291
-0.00039052
-0.00055301
-0.00064782
-0.00066301
-0.00060104
-0.00047904
-0.00032223
-0.00015532
0.00000582
0.00014788
0.00025336
0.00030557
0.00030544
0.00026401
0.00019203
0.00010089
0.00000394
-0.00008428
-0.00015634
-0.00020957
-0.00023980
-0.00024481
-0.00022336
-0.00017266
-0.00008833
0.00002439
0.00014954
0.00027314
0.00038424
0.00048100
0.00056876
0.00064671
0.00071274
0.00077014
0.00082455
0.00087747
0.00092231
0.00094471
0.00093368
0.00088034
0.00077777
0.00062388
0.00042476
0.00019351
-0.00005293
-0.00030013
-0.00053374
-0.00073865
-0.00090100
-0.00100779
-0.00105198
-0.00103765
-0.00097192
-0.00086196
-0.00071717
-0.00055021
-0.00037124
-0.00019475
-0.00003940
0.00007931
0.00015141
0.00017450
0.00014652
0.00006889
-0.00005473
-0.00020948
-0.00037288
-0.00052067
-0.00062941
-0.00068458
-0.00067561
-0.00059486
-0.00044440
-0.00024676
-0.00003378
0.00016910
0.00033989
0.00046095
0.00052549
0.00053575
0.00050304
0.00043949
0.00035246
0.00025008
0.00014250
0.00003601
-0.00006354
-0.00014489
-0.00019644
-0.00021432
-0.00019612
-0.00014228
-0.00005773
0.00005470
0.00019018
0.00033611
0.00048217
0.00061532
0.00072764
0.00082025
0.00088944
0.00093255
0.00095236
0.00095085
0.00093333
0.00090544
0.00087041
0.00082741
0.00077166
0.00069248
0.00058514
0.00045375
0.00030081
0.00013166
-0.00004246
-0.00021066
-0.00035937
-0.00046992
-0.00052379
-0.00051205
-0.00044618
-0.00034984
-0.00024950
-0.00016320
-0.00010109
-0.00007211
-0.00007890
-0.00011503
-0.00017205
-0.00024357
-0.00032288
-0.00040663
-0.00049178
-0.00056968
-0.00063250
-0.00067704
-0.00070452
-0.00070874
-0.00068240
-0.00062616
-0.00054467
-0.00044212
-0.00032589
-0.00020262
-0.00008231
0.00001686
0.00007667
0.00008613
0.00004448
-0.00003939
-0.00014952
-0.00026253
-0.00034812
-0.00038260
-0.00036149
-0.00029299
-0.00018958
-0.00006846
0.00004549
0.00013312
0.00018641
0.00020142
0.00017836
0.00012610
0.00006352
0.00001217
-0.00001737
-0.00002504
-0.00001419
0.00001475
0.00005969
0.00011333
0.00016732
0.00022073
0.00027928
0.00034341
0.00040666
0.00046206
0.00050616
0.00054463
0.00058560
0.00062975
0.00067314
0.00070804
0.00072886
0.00073162
0.00071127
0.00066251
0.00058223
0.00046980
0.00033036
0.00017673
0.00001872
-0.00014245
-0.00030750
-0.00046766
-0.00060601
-0.00070750
-0.00076070
-0.00075537
-0.00068642
-0.00055990
-0.00039173
-0.00020619
-0.00002387
0.00013952
0.00026975
0.00034983
0.00036930
0.00032828
0.00023982
0.00012424
-0.00000220
-0.00012751
-0.00024140
-0.00033437
-0.00040598
-0.00046083
-0.00050722
-0.00055226
-0.00060027
-0.00065424
-0.00071714
-0.00079063
-0.00087043
-0.00094924
-0.00101867
-0.00107352
-0.00111137
-0.00112744
-0.00111717
-0.00107990
-0.00101662
-0.00093023
-0.00082190
-0.00069319
-0.00055172
-0.00041095
-0.00028259
-0.00017288
-0.00008853
-0.00002511
0.00003610
0.00011371
0.00021847
0.00035173
0.00051101
0.00069033
0.00087667
0.00105345
0.00120515
0.00131327
0.00136516
0.00135897
0.00129908
0.00119604
0.00106962
0.00094351
0.00083364
0.00074056
0.00065425
0.00056238
0.00045772
0.00034359
0.00023109
0.00012974
0.00004388
-0.00002570
-0.00008416
-0.00014003
-0.00019781
-0.00025571
-0.00030795
-0.00035183
-0.00038965
-0.00042301
-0.00044885
-0.00046050
-0.00045042
-0.00041959
-0.00037499
-0.00032354
-0.00026861
-0.00020974
-0.00014797
-0.00008724
-0.00003412
0.00000535
0.00003060
0.00004035
0.00003517
0.00002187
0.00001014
0.00001474
0.00004639
0.00009855
0.00015515
0.00020282
0.00023254
0.00023190
0.00019100
0.00011283
0.00000314
-0.00013129
-0.00027983
-0.00043020
-0.00056586
-0.00067386
-0.00074810
-0.00078965
-0.00080392
-0.00079438
-0.00075984
-0.00069652
-0.00060488
-0.00049676
-0.00039102
-0.00030437
-0.00024987
-0.00023399
-0.00025961
-0.00032556
-0.00041998
-0.00052378
-0.00061258
-0.00066221
-0.00065704
-0.00059322
-0.00047430
-0.00031245
-0.00013543
0.00002660
0.00015827
0.00025335
0.00030884
0.00032998
0.00032737
0.00031667
0.00031739
0.00034858
0.00041897
0.00052246
0.00064374
0.00076630
0.00087818
0.00096627
0.00102071
0.00103581
0.00101171
0.00095404
0.00086398
0.00075000
0.00062531
0.00049594
0.00036888
0.00025402
0.00015720
0.00007848
0.00001458
-0.00004330
-0.00010635
-0.00018193
-0.00027315
-0.00037543
-0.00048079
-0.00057314
-0.00063404
-0.00065994
-0.00065851
-0.00063916
-0.00061321
-0.00059025
-0.00057585
-0.00056983
-0.00057071
-0.00057255
-0.00056787
-0.00055515
-0.00052788
-0.00047676
-0.00039214
-0.00027226
-0.00013009
0.00001744
0.00015300
0.00025964
0.00032825
0.00035792
0.00034686
0.00029804
0.00022217
0.00013569
0.00005687
-0.00000297
-0.00003577
-0.00003546
-0.00000108
0.00006548
0.00016659
0.00030296
0.00046888
0.00065214
0.00083202
0.00099198
0.00111808
0.00120259
0.00123904
0.00121481
0.00112196
0.00096659
0.00076350
0.00053385
0.00030000
0.00007958
-0.00011443
-0.00026770
-0.00036678
-0.00040202
-0.00037595
-0.00030695
-0.00021953
-0.00013115
-0.00005334
0.00000973
0.00005940
0.00009432
0.00011351
0.00012555
0.00013726
0.00014617
0.00014347
0.00012432
0.00008638
0.00002601
-0.00005587
-0.00014815
-0.00023410
-0.00029933
-0.00033799
-0.00035339
-0.00035239
-0.00034181
-0.00032465
-0.00029915
-0.00026776
-0.00023513
-0.00020911
-0.00019101
-0.00018142
-0.00018751
-0.00021260
-0.00025296
-0.00030190
-0.00035404
-0.00040602
-0.00045259
-0.00048687
-0.00050369
-0.00050247
-0.00048633
-0.00045975
-0.00042431
-0.00038061
-0.00033208
-0.00028323
-0.00023876
-0.00020513
-0.00018248
-0.00016414
-0.00014790
-0.00013128
-0.00011087
-0.00008581
-0.00005911
-0.00003310
-0.00000692
0.00001718
0.00003624
0.00005122
0.00006557
0.00008229
0.00010140
0.00011899
0.00013293
0.00014613
0.00016180
0.00018253
0.00020730
0.00023466
0.00025497
0.00025984
0.00025305
0.00024099
0.00022924
0.00022385
0.00023021
0.00024891
0.00028045
0.00032984
0.00040218
0.00049559
0.00059940
0.00069849
0.00077855
0.00083049
0.00084907
0.00082917
0.00076941
0.00067505
0.00055656
0.00042341
0.00027801
0.00012167
-0.00004091
-0.00020399
-0.00036201
-0.00050713
-0.00063037
-0.00072314
-0.00078250
-0.00081040
-0.00081184
-0.00079125
-0.00075280
-0.00070643
-0.00066395
-0.00062810
-0.00059102
-0.00054360
-0.00047783
-0.00038517
-0.00025590
-0.00009072
0.00009344
0.00027751
0.00044533
0.00058105
0.00067109
0.00070850
0.00069933
0.00065675
0.00060029
0.00054502
0.00049557
0.00045871
0.00044014
0.00044006
0.00045500
0.00047913
0.00050355
0.00051661
0.00050997
0.00048592
0.00045556
0.00042830
0.00040892
0.00039478
0.00037905
0.00035893
0.00033295
0.00029931
0.00026099
0.00022103
0.00018220
0.00014715
0.00011972
0.00010371
0.00010222
0.00011367
0.00013023
0.00013956
0.00013065
0.00009646
0.00003715
-0.00003975
-0.00012897
-0.00022365
-0.00031203
-0.00038205
-0.00042677
-0.00044431
-0.00043282
-0.00039195
-0.00033122
-0.00026037
-0.00019195
-0.00014293
-0.00012075
-0.00012626
-0.00015691
-0.00021412
-0.00029634
-0.00039190
-0.00048398
-0.00055732
-0.00060339
-0.00062123
-0.00061579
-0.00058920
-0.00054114
-0.00047350
-0.00038239
-0.00026404
-0.00012899
-0.00000171
0.00010161
0.00017496
0.00021841
0.00024052
0.00025291
0.00026458
0.00027798
0.00029087
0.00030486
0.00032325
0.00035236
0.00039958
0.00046701
0.00054698
0.00062781
0.00070027
0.00075819
0.00079440
0.00079473
0.00075286
0.00067975
0.00059289
0.00050365
0.00042164
0.00035867
0.00032953
0.00034549
0.00040034
0.00047836
0.00056254
0.00062601
0.00064195
0.00059875
0.00048721
0.00031000
0.00008370
-0.00016958
-0.00042427
-0.00065832
-0.00085522
-0.00100037
-0.00108139
-0.00109412
-0.00104816
-0.00096261
-0.00085972
-0.00076862
-0.00071207
-0.00070117
-0.00073319
-0.00078999
-0.00084917
-0.00089128
-0.00090408
-0.00088408
-0.00083072
-0.00074511
-0.00063044
-0.00049130
-0.00033022
-0.00015422
0.00001915
0.00016774
0.00027777
0.00034190
0.00035855
0.00033219
0.00027148
0.00019041
0.00010549
0.00003226
-0.00001332
-0.00002342
0.00000174
0.00005789
0.00013905
0.00023535
0.00033556
0.00042537
0.00048732
0.00050988
0.00048677
0.00042256
0.00033568
0.00024324
0.00016012
0.00009746
0.00006173
0.00005620
0.00008249
0.00013580
0.00020336
0.00027408
0.00034372
0.00040397
0.00044270
0.00045623
0.00044934
0.00043020
0.00040568
0.00038662
0.00038745
0.00041430
0.00046155
0.00051814
0.00057539
0.00062520
0.00065849
0.00066277
0.00062679
0.00054813
0.00043157
0.00028547
0.00012398
-0.00003746
-0.00018443
-0.00029915
-0.00036962
-0.00039295
-0.00037003
-0.00030792
-0.00022053
-0.00012235
-0.00002843
0.00004392
0.00008049
0.00007685
0.00003477
-0.00004132
-0.00013985
-0.00024808
-0.00034799
-0.00041958
-0.00045045
-0.00043429
-0.00037181
-0.00026792
-0.00013307
0.00000937
0.00012974
0.00020221
0.00021192
0.00016024
0.00005904
-0.00007353
-0.00021216
-0.00032983
-0.00041051
-0.00044698
-0.00043457
-0.00037798
-0.00029168
-0.00019210
-0.00009457
-0.00001230
0.00003949
0.00005425
0.00003977
0.00000664
-0.00003352
-0.00007765
-0.00013173
-0.00019748
-0.00027887
-0.00037985
-0.00049124
-0.00059794
-0.00068918
-0.00075886
-0.00080643
-0.00083141
-0.00083531
-0.00082708
-0.00081242
-0.00078991
-0.00075536
-0.00070988
-0.00065748
-0.00059634
-0.00051818
-0.00041662
-0.00028997
-0.00013737
0.00003579
0.00021270
0.00037204
0.00049845
0.00057718
0.00060135
0.00057619
0.00051479
0.00042583
0.00031552
0.00018560
0.00003923
-0.00011648
-0.00026827
-0.00040577
-0.00051754
-0.00058776
-0.00059945
-0.00053813
-0.00039992
-0.00019360
0.00006275
0.00034230
0.00060953
0.00082443
0.00095723
0.00099653
0.00094277
0.00080579
0.00060759
0.00037029
0.00012046
-0.00011209
-0.00030511
-0.00044549
-0.00052169
-0.00053427
-0.00050515
-0.00046248
-0.00043005
-0.00042704
-0.00046753
-0.00055220
-0.00066627
-0.00078923
-0.00089844
-0.00097615
-0.00100915
-0.00099005
-0.00092268
-0.00081464
-0.00067831
-0.00052412
-0.00034672
-0.00013865
0.00009965
0.00036423
0.00064286
0.00091424
0.00115770
0.00135454
0.00148612
0.00154226
0.00152821
0.00146283
0.00137957
0.00131685
0.00130544
0.00136403
0.00150032
0.00170518
0.00195135
0.00220151
0.00241294
0.00254271
0.00256527
0.00247327
0.00227534
0.00200011
0.00168493
0.00135910
0.00103631
0.00071297
0.00038051
0.00003846
-0.00030761
-0.00063989
-0.00092272
-0.00111302
-0.00116944
-0.00107724
-0.00086162
-0.00058855
-0.00035064
-0.00024119
-0.00033091
-0.00064931
-0.00118184
-0.00186808
-0.00260881
-0.00328423
-0.00379536
-0.00408602
-0.00414399
-0.00400136
-0.00372584
-0.00340344
-0.00311964
-0.00293355
-0.00286187
-0.00288104
-0.00294392
-0.00298810
-0.00294849
-0.00277716
-0.00246402
-0.00204067
-0.00156938
-0.00112951
-0.00079918
-0.00063474
-0.00065525
-0.00083840
-0.00113047
-0.00146673
-0.00178959
-0.00205374
-0.00223350
-0.00232487
-0.00233964
-0.00229462
-0.00221082
-0.00210212
-0.00196668
-0.00179012
-0.00155374
-0.00124566
-0.00085339
-0.00035903
0.00025190
0.00097739
0.00179280
0.00265208
0.00349023
0.00422273
0.00476456
0.00504755
0.00503095
0.00469659
0.00405586
0.00315502
0.00206874
0.00089353
-0.00025977
-0.00128157
-0.00206622
-0.00252296
-0.00259110
-0.00224177
-0.00148142
-0.00036357
0.00100372
0.00247904
0.00390654
0.00513183
0.00602320
0.00649887
0.00654311
0.00620247
0.00556416
0.00474511
0.00387377
0.00306934
0.00242649
0.00199913
0.00181116
0.00188021
0.00220922
0.00276833
0.00349378
0.00430104
0.00508982
0.00575185
0.00618175
0.00629261
0.00604507
0.00544836
0.00455327
0.00344245
0.00221136
0.00094671
-0.00028089
-0.00142011
-0.00243486
-0.00329890
-0.00399903
-0.00453748
-0.00492612
-0.00518972
-0.00536889
-0.00551784
-0.00568931
-0.00590545
-0.00615320
-0.00639002
-0.00654868
-0.00654171
-0.00628429
-0.00573235
-0.00491368
-0.00392920
-0.00292361
-0.00205600
-0.00147835
-0.00130355
-0.00157129
-0.00223240
-0.00316431
-0.00419721
-0.00513746
-0.00580569
-0.00607516
-0.00588810
-0.00525982
-0.00427538
-0.00307437
-0.00182365
-0.00069118
0.00018680
0.00073923
0.00096449
0.00092351
0.00072490
0.00049783
0.00035754
0.00037229
0.00054513
0.00082036
0.00110418
0.00128710
0.00127244
0.00101293
0.00054079
-0.00004430
-0.00060382
-0.00098666
-0.00104061
-0.00064244
0.00026661
0.00166843
0.00345730
0.00544975
0.00741489
0.00911967
0.01037703
0.01106422
0.01112096
0.01055323
0.00942692
0.00786171
0.00602533
0.00411519
0.00233252
0.00085358
-0.00018188
-0.00068848
-0.00065238
-0.00013663
0.00073042
0.00179100
0.00288742
0.00387906
0.00466605
0.00519609
0.00545472
0.00545054
0.00519643
0.00470089
0.00397733
0.00304853
0.00196081
0.00079115
-0.00036570
-0.00141291
-0.00226999
-0.00289808
-0.00332119
-0.00362436
-0.00393585
-0.00439636
-0.00511562
-0.00612554
-0.00734765
-0.00860053
-0.00962772
-0.01015277
-0.00994976
-0.00891432
-0.00709869
-0.00470756
-0.00207136
0.00041509
0.00237782
0.00354126
0.00378680
0.00317380
0.00190975
0.00029162
-0.00136258
-0.00277952
-0.00377590
-0.00428438
-0.00434554
-0.00406676
-0.00358405
-0.00302799
-0.00249220
-0.00200929
-0.00156980
-0.00115209
-0.00074259
-0.00035976
-0.00006135
0.00006266
-0.00008852
-0.00059166
-0.00145976
-0.00261341
-0.00388313
-0.00503070
-0.00579670
-0.00596605
-0.00542443
-0.00418387
-0.00238912
-0.00028175
0.00186084
0.00378397
0.00530763
0.00635386
0.00695252
0.00721730
0.00729959
0.00732712
0.00736499
0.00741209
0.00740299
0.00723451
0.00681013
0.00608643
0.00509676
0.00395435
0.00282766
0.00188992
0.00126778
0.00101435
0.00110125
0.00142764
0.00184710
0.00220690
0.00239652
0.00238234
0.00220139
0.00194160
0.00172415
0.00166356
0.00183626
0.00225625
0.00286369
0.00353158
0.00409845
0.00439511
0.00427648
0.00365254
0.00249945
0.00086073
-0.00115609
-0.00338871
-0.00563030
-0.00765101
-0.00923129
-0.01018892
-0.01041347
-0.00989437
-0.00871346
-0.00703533
-0.00509479
-0.00316448
-0.00150194
-0.00030081
0.00033952
0.00042358
0.00004215
-0.00066570
-0.00154884
-0.00248350
-0.00338940
-0.00422389
-0.00496843
-0.00561772
-0.00616301
-0.00656249
-0.00673805
-0.00658843
-0.00601985
-0.00497247
-0.00344640
-0.00152632
0.00061155
0.00271735
0.00450001
0.00568430
0.00607303
0.00559435
0.00433031
0.00251424
0.00048680
-0.00138370
-0.00278336
-0.00351245
-0.00351525
-0.00289795
-0.00188997
-0.00078133
0.00015204
0.00072487
0.00087208
0.00064888
0.00021609
-0.00021259
-0.00043399
-0.00030677
0.00020576
0.00103224
0.00201784
0.00296161
0.00367234
0.00401475
0.00394648
0.00352183
0.00287834
0.00220357
0.00167984
0.00144637
0.00156751
0.00202460
0.00272602
0.00352659
0.00426099
0.00477367
0.00495148
0.00474775
0.00419825
0.00342019
0.00259097
0.00191391
0.00157008
0.00166320
0.00220030
0.00308904
0.00415532
0.00518434
0.00596296
0.00631921
0.00616984
0.00553714
0.00453448
0.00333853
0.00214162
0.00110935
0.00035248
-0.00008544
-0.00022907
-0.00015613
0.00002444
0.00020463
0.00030335
0.00028313
0.00014950
-0.00006487
-0.00032517
-0.00061062
-0.00091557
-0.00125333
-0.00165399
-0.00214342
-0.00273203
-0.00340791
-0.00413219
-0.00484712
-0.00548660
-0.00598899
-0.00631036
-0.00643130
-0.00635973
-0.00612781
-0.00578370
-0.00539902
-0.00506022
-0.00484597
-0.00481935
-0.00502802
-0.00548541
-0.00614940
-0.00691509
-0.00763193
-0.00813226
-0.00826694
-0.00793545
-0.00709854
-0.00578835
-0.00410984
-0.00222932
-0.00034583
0.00135992
0.00276327
0.00380915
0.00451695
0.00496133
0.00523798
0.00543158
0.00559771
0.00575479
0.00588909
0.00596331
0.00593734
0.00577984
0.00546955
0.00500531
0.00441535
0.00375316
0.00308443
0.00247065
0.00196236
0.00158965
0.00134927
0.00121043
0.00112687
0.00104110
0.00089340
0.00063712
0.00024845
-0.00025730
-0.00083679
-0.00141968
-0.00191048
-0.00220302
-0.00219479
-0.00180443
-0.00099676
0.00021371
0.00174988
0.00345159
0.00509173
0.00640372
0.00712375
0.00703384
0.00600724
0.00405463
0.00134391
-0.00181191
-0.00500701
-0.00781356
-0.00985675
-0.01088535
-0.01081866
-0.00976327
-0.00797814
-0.00580872
-0.00361011
-0.00167618
-0.00018703
0.00081040
0.00137467
0.00162825
0.00170513
0.00170391
0.00166123
0.00155698
0.00134622
0.00099929
0.00052588
-0.00000548
-0.00047198
-0.00073691
-0.00068691
-0.00026821
0.00048147
0.00143596
0.00240386
0.00317588
0.00358629
0.00355174
0.00308628
0.00229968
0.00136961
0.00050324
-0.00011094
-0.00035134
-0.00019245
0.00028808
0.00093358
0.00154034
0.00190291
0.00186198
0.00134428
0.00037557
-0.00091328
-0.00231193
-0.00356986
-0.00444268
-0.00473277
-0.00432549
-0.00322714
-0.00157722
0.00038276
0.00235624
0.00404336
0.00519986
0.00568127
0.00546582
0.00465470
0.00344962
0.00211215
0.00090448
0.00003798
-0.00037130
-0.00032678
0.00006919
0.00064964
0.00121628
0.00158179
0.00161238
0.00124647
0.00049921
-0.00054394
-0.00174664
-0.00294787
-0.00399217
-0.00474662
-0.00511822
-0.00507494
-0.00465946
-0.00397672
-0.00317283
-0.00240976
-0.00183278
-0.00154061
-0.00156633
-0.00187435
-0.00236687
-0.00290395
-0.00332975
-0.00350293
-0.00331493
-0.00270556
-0.00168344
-0.00032561
0.00122950
0.00280038
0.00419225
0.00523320
0.00581016
0.00588504
0.00549992
0.00475722
0.00379626
0.00276379
0.00178339
0.00093885
0.00027312
-0.00019661
-0.00046789
-0.00054254
-0.00041262
-0.00006121
0.00053077
0.00137542
0.00246086
0.00373724
0.00510925
0.00643223
0.00754100
0.00828347
0.00855430
0.00832546
0.00765251
0.00666058
0.00551220
0.00437767
0.00340380
0.00268155
0.00223102
0.00200973
0.00193387
0.00188727
0.00174229
0.00138683
0.00075221
-0.00016285
-0.00128344
-0.00246419
-0.00350207
-0.00417943
-0.00433085
-0.00390016
-0.00296503
-0.00172711
-0.00045562
0.00057986
0.00117261
0.00121345
0.00069670
-0.00027743
-0.00153500
-0.00287207
-0.00409145
-0.00503201
-0.00559322
-0.00574116
-0.00551161
-0.00500601
-0.00435956
-0.00369918
-0.00312027
-0.00267014
-0.00235614
-0.00217717
-0.00212878
-0.00220331
-0.00240217
-0.00274512
-0.00325729
-0.00395198
-0.00481774
-0.00580158
-0.00680213
-0.00767463
-0.00825373
-0.00838714
-0.00798381
-0.00705026
-0.00569710
-0.00412356
-0.00258184
-0.00133105
-0.00057056
-0.00038064
-0.00070791
-0.00138361
-0.00217449
-0.00285341
-0.00326141
-0.00334203
-0.00314030
-0.00277152
-0.00237352
-0.00205567
-0.00185180
-0.00170372
-0.00148683
-0.00105263
-0.00027628
0.00090622
0.00246932
0.00428825
0.00616264
0.00786273
0.00918124
0.00997081
0.01017304
0.00982406
0.00903984
0.00798823
0.00685825
0.00581905
0.00498725
0.00441403
0.00409116
0.00395618
0.00390299
0.00381938
0.00362386
0.00327938
0.00279207
0.00220547
0.00159094
0.00102366
0.00055529
0.00019821
-0.00006691
-0.00028607
-0.00050590
-0.00075743
-0.00104701
-0.00135566
-0.00165507
-0.00192915
-0.00218088
-0.00242473
-0.00268092
-0.00297126
-0.00331580
-0.00371945
-0.00415853
-0.00458697
-0.00494738
-0.00517621
-0.00520851
-0.00498897
-0.00447553
-0.00365295
-0.00253937
-0.00117883
0.00036414
0.00201295
0.00367021
0.00521637
0.00652207
0.00745994
0.00793149
0.00789362
0.00736362
0.00641554
0.00517176
0.00378357
0.00240539
0.00115944
0.00011315
-0.00072845
-0.00140993
-0.00199061
-0.00252189
-0.00303454
-0.00351717
-0.00391822
-0.00416685
-0.00419621
-0.00397150
-0.00350828
-0.00286888
-0.00216141
-0.00151631
-0.00105302
-0.00084756
-0.00090875
-0.00117017
-0.00151106
-0.00178668
-0.00187251
-0.00170067
-0.00127165
-0.00064925
0.00006322
0.00075750
0.00134664
0.00177959
0.00204919
0.00218737
0.00224842
0.00228045
0.00230023
0.00229063
0.00220556
0.00198624
0.00157956
0.00095187
0.00010505
-0.00091786
-0.00203593
-0.00313299
-0.00408841
-0.00479822
-0.00519338
-0.00524758
-0.00497675
-0.00442677
-0.00365643
-0.00272432
-0.00167615
-0.00053714
0.00068420
0.00197997
0.00332048
0.00464576
0.00587373
0.00691104
0.00766571
0.00806271
0.00806229
0.00767193
0.00694999
0.00600132
0.00494943
0.00390932
0.00296352
0.00214820
0.00145886
0.00086002
0.00030663
-0.00023325
-0.00076890
-0.00128418
-0.00173174
-0.00205439
-0.00221100
-0.00219521
-0.00203421
-0.00178329
-0.00151301
-0.00129007
-0.00116419
-0.00115525
-0.00124348
-0.00137646
-0.00148823
-0.00151301
-0.00140656
-0.00116529
-0.00083228
-0.00048869
-0.00023993
-0.00018372
-0.00038082
-0.00083190
-0.00147924
-0.00221603
-0.00290630
-0.00341523
-0.00363907
-0.00352497
-0.00307250
-0.00233590
-0.00141613
-0.00043826
0.00047251
0.00121817
0.00174786
0.00205572
0.00217244
0.00215729
0.00207863
0.00199196
0.00192560
0.00187941
0.00183196
0.00175600
0.00163564
0.00147693
0.00130962
0.00117962
0.00113722
0.00122390
0.00145841
0.00182132
0.00224018
0.00260589
0.00280806
0.00276604
0.00244935
0.00188160
0.00112893
0.00028212
-0.00056243
-0.00132615
-0.00196651
-0.00248702
-0.00292208
-0.00331354
-0.00369549
-0.00407553
-0.00442944
-0.00470172
-0.00481147
-0.00467563
-0.00424110
-0.00350174
-0.00251084
-0.00137882
-0.00025248
0.00071268
0.00138418
0.00168210
0.00159392
0.00117461
0.00053037
-0.00020952
-0.00092135
-0.00151197
-0.00192766
-0.00215565
-0.00222185
-0.00217533
-0.00207554
-0.00196589
-0.00186457
-0.00175464
-0.00159576
-0.00135369
-0.00101824
-0.00061625
-0.00020009
0.00016168
0.00040041
0.00047189
0.00036404
0.00009707
-0.00027852
-0.00068595
-0.00104807
-0.00131167
-0.00144585
-0.00144648
-0.00132714
-0.00111804
-0.00086402
-0.00060893
-0.00038651
-0.00021914
-0.00011539
-0.00006612
-0.00006176
-0.00009049
-0.00013784
-0.00019493
-0.00026404
-0.00035263
-0.00046235
-0.00057429
-0.00065542
-0.00067226
-0.00060071
-0.00043640
-0.00018878
0.00010921
0.00040966
0.00066569
0.00082885
0.00086132
0.00074531
0.00049260
0.00013788
-0.00027475
-0.00068663
-0.00102161
-0.00120532
-0.00118723
-0.00094913
-0.00051577
0.00004757
0.00064920
0.00118821
0.00157347
0.00173540
0.00164869
0.00133746
0.00086543
0.00032004
-0.00020325
-0.00060815
-0.00080702
-0.00074591
-0.00041834
0.00012789
0.00079617
0.00146697
0.00203050
0.00240284
0.00253898
0.00244200
0.00216035
0.00178410
0.00141476
0.00114497
0.00103796
0.00111289
0.00134664
0.00168071
0.00203567
0.00233445
0.00252896
0.00260431
0.00257226
0.00246747
0.00233503
0.00220962
0.00210559
0.00202206
0.00194744
0.00187378
0.00178906
0.00168753
0.00157648
0.00146715
0.00137092
0.00130009
0.00126267
0.00125562
0.00126893
0.00129408
0.00132325
0.00134218
0.00133357
0.00128395
0.00118629
0.00103681
0.00082646
0.00054598
0.00019755
-0.00021452
-0.00068458
-0.00120585
-0.00177041
-0.00236574
-0.00297446
-0.00356764
-0.00409993
-0.00451832
-0.00476491
-0.00478335
-0.00453846
-0.00402834
-0.00328992
-0.00239118
-0.00142423
-0.00048974
0.00031613
0.00091689
0.00126907
0.00137226
0.00126676
0.00102211
0.00071645
0.00043047
0.00023751
0.00018699
0.00029260
0.00052936
0.00083306
0.00111829
0.00129261
0.00127354
0.00100667
0.00048082
-0.00026015
-0.00112558
-0.00199783
-0.00275598
-0.00330488
-0.00359208
-0.00361288
-0.00341029
-0.00307287
-0.00270024
-0.00237723
-0.00216488
-0.00208841
-0.00213451
-0.00226403
-0.00242891
-0.00259212
-0.00273051
-0.00282522
-0.00285813
-0.00281387
-0.00268193
-0.00245364
-0.00211896
-0.00167083
-0.00110936
-0.00045041
0.00027441
0.00101629
0.00171711
0.00232533
0.00279833
0.00310667
0.00324471
0.00323965
0.00313841
0.00299776
0.00288018
0.00284397
0.00292798
0.00314688
0.00348773
0.00390006
0.00430831
0.00463035
0.00479428
0.00475387
0.00450543
0.00409525
0.00360746
0.00313614
0.00276532
0.00254688
0.00248517
0.00253255
0.00260730
0.00261353
0.00247219
0.00214547
0.00164567
0.00103731
0.00041596
-0.00012081
-0.00049465
-0.00065632
-0.00059771
-0.00034551
0.00003876
0.00046976
0.00085479
0.00111301
0.00118982
0.00106806
0.00076938
0.00034840
-0.00012158
-0.00057285
-0.00095023
-0.00120579
-0.00131012
-0.00126659
-0.00111038
-0.00090048
-0.00069810
-0.00055547
-0.00051187
-0.00058973
-0.00079251
-0.00110736
-0.00150668
-0.00194711
-0.00237101
-0.00272676
-0.00297087
-0.00306232
-0.00298163
-0.00273991
-0.00238196
-0.00197678
-0.00160571
-0.00133784
-0.00120396
-0.00119129
-0.00125599
-0.00133546
-0.00135091
-0.00123401
-0.00094542
-0.00048660
0.00009167
0.00070889
0.00126965
0.00166776
0.00181679
0.00167418
0.00125350
0.00062163
-0.00012322
-0.00087086
-0.00151969
-0.00199245
-0.00224590
-0.00227075
-0.00208433
-0.00172039
-0.00122937
-0.00066851
-0.00009160
0.00046123
0.00096694
0.00140534
0.00175112
0.00198462
0.00209936
0.00210619
0.00203639
0.00193131
0.00183444
0.00178277
0.00178609
0.00182091
0.00184287
0.00180319
0.00165521
0.00136873
0.00094850
0.00043840
-0.00009836
-0.00059897
-0.00100137
-0.00124645
-0.00129621
-0.00114541
-0.00081544
-0.00035276
0.00017384
0.00068474
0.00110054
0.00134707
0.00137314
0.00116771
0.00075411
0.00017643
-0.00051178
-0.00124476
-0.00195532
-0.00258868
-0.00310840
-0.00350190
-0.00376617
-0.00389867
-0.00390047
-0.00378068
-0.00355686
-0.00325109
-0.00288138
-0.00246071
-0.00200759
-0.00155359
-0.00112795
-0.00074614
-0.00041147
-0.00012570
0.00011785
0.00033951
0.00056225
0.00080975
0.00109313
0.00140765
0.00175288
0.00212757
0.00252609
0.00293493
0.00332531
0.00366194
0.00391191
0.00404769
0.00404807
0.00390134
0.00362069
0.00324282
0.00282735
0.00244436
0.00215236
0.00198572
0.00195473
0.00204219
0.00220948
0.00239918
0.00255038
0.00261159
0.00253747
0.00229928
0.00189943
0.00137491
0.00078307
0.00018634
-0.00036024
-0.00081914
-0.00117237
-0.00141388
-0.00154653
-0.00158244
-0.00154183
-0.00144591
-0.00131921
-0.00118364
-0.00105559
-0.00095159
-0.00089765
-0.00092063
-0.00103408
-0.00123222
-0.00148883
-0.00176434
-0.00202193
-0.00222453
-0.00233739
-0.00232978
-0.00218454
-0.00190409
-0.00150891
-0.00103999
-0.00055559
-0.00011713
0.00022213
0.00042081
0.00044947
0.00030502
0.00002209
-0.00033665
-0.00069979
-0.00100338
-0.00120525
-0.00128437
-0.00123445
-0.00106475
-0.00079914
-0.00047381
-0.00012326
0.00022493
0.00053753
0.00077672
0.00091197
0.00092964
0.00082939
0.00062405
0.00034639
0.00004455
-0.00022573
-0.00041525
-0.00048966
-0.00043811
-0.00028395
-0.00007669
0.00012319
0.00025799
0.00027978
0.00016557
-0.00006629
-0.00035902
-0.00063302
-0.00080232
-0.00080265
-0.00060240
-0.00020251
0.00036152
0.00102249
0.00169637
0.00229580
0.00274494
0.00300889
0.00308693
0.00299500
0.00276777
0.00245558
0.00211345
0.00178995
0.00151555
0.00129191
0.00109191
0.00087514
0.00060171
0.00023841
-0.00023254
-0.00080030
-0.00142675
-0.00205011
-0.00260177
-0.00302052
-0.00326044
-0.00329786
-0.00314473
-0.00284425
-0.00245356
-0.00203207
-0.00163599
-0.00131358
-0.00109102
-0.00096502
-0.00091127
-0.00089805
-0.00089719
-0.00089260
-0.00087551
-0.00084410
-0.00079517
-0.00072434
-0.00063075
-0.00051347
-0.00037092
-0.00020910
-0.00004572
0.00008891
0.00015187
0.00010604
-0.00007218
-0.00038549
-0.00081220
-0.00130862
-0.00181487
-0.00226700
-0.00261612
-0.00283531
-0.00291831
-0.00287942
-0.00274603
-0.00255110
-0.00232650
-0.00208513
-0.00182347
-0.00152551
-0.00116600
-0.00072169
-0.00017809
0.00045358
0.00112246
0.00175080
0.00225285
0.00254738
0.00257135
0.00229857
0.00174838
0.00097629
0.00006497
-0.00089012
-0.00179242
-0.00254026
-0.00304685
-0.00325750
-0.00315043
-0.00274231
-0.00208930
-0.00127506
-0.00040091
0.00042861
0.00111839
0.00159710
0.00182681
0.00179889
0.00153881
0.00110506
0.00057734
0.00004161
-0.00042454
-0.00075197
-0.00089366
-0.00083989
-0.00062063
-0.00029301
0.00006334
0.00036038
0.00051767
0.00047449
0.00020945
-0.00024689
-0.00081539
-0.00138831
-0.00184936
-0.00209564
-0.00205516
-0.00170712
-0.00109328
-0.00029915
0.00056806
0.00139193
0.00206511
0.00251335
0.00270885
0.00267116
0.00245019
0.00211407
0.00173411
0.00137087
0.00106927
0.00085013
0.00071337
0.00064188
0.00059864
0.00053752
0.00041032
0.00017396
-0.00018773
-0.00066614
-0.00124062
-0.00187379
-0.00251461
-0.00311381
-0.00362987
-0.00403366
-0.00431151
-0.00445915
-0.00447325
-0.00434517
-0.00406150
-0.00361188
-0.00298975
-0.00220318
-0.00129411
-0.00033947
0.00056162
0.00129867
0.00177002
0.00190942
0.00169852
0.00117096
0.00040405
-0.00048823
-0.00137752
-0.00214520
-0.00270182
-0.00299903
-0.00302761
-0.00281342
-0.00240598
-0.00186313
-0.00125175
-0.00064614
-0.00011451
0.00028794
0.00051968
0.00056949
0.00046106
0.00024569
-0.00000738
-0.00023296
-0.00037686
-0.00039848
-0.00028063
-0.00003322
0.00031114
0.00069819
0.00107242
0.00139429
0.00164331
0.00181219
0.00190200
0.00191628
0.00186412
0.00176546
0.00163971
0.00150266
0.00136805
0.00125128
0.00116289
0.00109876
0.00103714
0.00094488
0.00079355
0.00057514
0.00030459
0.00001682
-0.00025300
-0.00048759
-0.00067880
-0.00083223
-0.00097435
-0.00114771
-0.00139381
-0.00173884
-0.00217770
-0.00266873
-0.00314526
-0.00352514
-0.00372742
-0.00368512
-0.00336829
-0.00279990
-0.00204571
-0.00119980
-0.00035885
0.00039953
0.00101708
0.00145210
0.00168950
0.00175083
0.00168431
0.00154562
0.00138343
0.00123464
0.00111751
0.00103514
0.00097804
0.00093328
0.00088854
0.00083837
0.00078853
0.00075692
0.00076567
0.00083379
0.00096800
0.00115975
0.00138188
0.00159170
0.00173716
0.00178164
0.00170755
0.00150994
0.00120570
0.00083860
0.00046839
0.00015644
-0.00005080
-0.00013315
-0.00010361
-0.00000407
0.00010415
0.00014696
0.00006004
-0.00018583
-0.00057394
-0.00104626
-0.00151456
-0.00188107
-0.00205674
-0.00198388
-0.00165630
-0.00112076
-0.00046057
0.00022544
0.00084007
0.00129429
0.00153332
0.00153767
0.00132135
0.00093348
0.00044434
-0.00007543
-0.00056267
-0.00096807
-0.00126843
-0.00147202
-0.00161287
-0.00173528
-0.00188471
-0.00209706
-0.00238777
-0.00274757
-0.00313890
-0.00350079
-0.00376444
-0.00386896
-0.00376858
-0.00344483
-0.00291129
-0.00221174
-0.00141395
-0.00059770
0.00016459
0.00081472
0.00131490
0.00165019
0.00183117
0.00188609
0.00184510
0.00174197
0.00162026
0.00152173
0.00147989
0.00152336
0.00165986
0.00188594
0.00219012
0.00255894
0.00297861
0.00342681
0.00386640
0.00424545
0.00450574
0.00460415
0.00452360
0.00426758
0.00387066
0.00339537
0.00290943
0.00247737
0.00215400
0.00196709
0.00191263
0.00195854
0.00205249
0.00213555
0.00215868
0.00209820
0.00196163
0.00177520
0.00157794
0.00141474
0.00131577
0.00129434
0.00134474
0.00143930
0.00153738
0.00160119
0.00160483
0.00154069
0.00141232
0.00123163
0.00102072
0.00081570
0.00066348
0.00060676
0.00067834
0.00089310
0.00123833
0.00168626
0.00220161
0.00274942
0.00329995
0.00383006
0.00432221
0.00477101
0.00518220
0.00556047
0.00590448
0.00621424
0.00649237
0.00674509
0.00697431
0.00717417
0.00733477
0.00744845
0.00751269
0.00752329
0.00746860
0.00733387
0.00710608
0.00677646
0.00633906
0.00579651
0.00517418
0.00452620
0.00391484
0.00339344
0.00299687
0.00273346
0.00258501
0.00250697
0.00244203
0.00233814
0.00214729
0.00183613
0.00138820
0.00080179
0.00009700
-0.00068756
-0.00150116
-0.00228453
-0.00298022
-0.00354318
-0.00395104
-0.00420806
-0.00433488
-0.00436448
-0.00433535
-0.00428024
-0.00421881
-0.00415977
-0.00410453
-0.00405241
-0.00399908
-0.00394286
-0.00388852
-0.00383585
-0.00377661
-0.00370231
-0.00361190
-0.00351516
-0.00342844
-0.00335866
-0.00329696
-0.00322205
-0.00312067
-0.00298519
-0.00280673
-0.00257242
-0.00226999
-0.00188926
-0.00142445
-0.00088088
-0.00027196
0.00039096
0.00109847
0.00183810
0.00260179
0.00338133
0.00416965
0.00495418
0.00571740
0.00644599
0.00713401
0.00778732
0.00841773
0.00904026
0.00966899
0.01031275
0.01097275
0.01164549
0.01232572
0.01300768
0.01368446
0.01434743
0.01498515
0.01558535
0.01613501
0.01661269
0.01699357
0.01725353
0.01736892
0.01732917
0.01714098
0.01682041
0.01639197
0.01589155
0.01535717
0.01481957
0.01430144
0.01381144
0.01335131
0.01292897
0.01255602
0.01224331
0.01199831
0.01182853
0.01174417
0.01175413
0.01185088
0.01200955
0.01219491
0.01236498
0.01247311
0.01247715
0.01234139
0.01203573
0.01155084
0.01089971
0.01010515
0.00918795
0.00817011
0.00706789
0.00588547
0.00461052
0.00322456
0.00172122
0.00011406
-0.00156568
-0.00327288
-0.00495231
-0.00654310
-0.00799031
-0.00926194
-0.01035519
-0.01129664
-0.01213937
-0.01295177
-0.01380679
-0.01476596
-0.01586393
-0.01710505
-0.01847231
-0.01992371
-0.02139372
-0.02280413
-0.02407891
-0.02515003
-0.02597431
-0.02654281
-0.02686967
-0.02698624
-0.02693725
-0.02677512
-0.02654591
-0.02628984
-0.02604085
-0.02582736
-0.02567410
-0.02559083
-0.02557821
-0.02563179
-0.02574050
-0.02588894
-0.02605220
-0.02620164
-0.02630467
-0.02632544
-0.02623303
-0.02600039
-0.02560856
-0.02505072
-0.02433864
-0.02350737
-0.02260696
-0.02169578
-0.02082709
-0.02004239
-0.01937406
-0.01884191
-0.01844808
-0.01818376
-0.01802563
-0.01793993
-0.01789029
-0.01784213
-0.01776867
-0.01765132
-0.01748606
-0.01728503
-0.01707048
-0.01686701
-0.01670097
-0.01660088
-0.01658067
-0.01663566
-0.01675452
-0.01691848
-0.01709886
-0.01726770
-0.01740224
-0.01748256
-0.01749143
-0.01742081
-0.01727372
-0.01705191
-0.01674984
-0.01636416
-0.01589977
-0.01536083
-0.01473687
-0.01400917
-0.01315243
-0.01214257
-0.01096503
-0.00961978
-0.00810415
-0.00641652
-0.00456975
-0.00258889
-0.00050104
0.00166312
0.00387371
0.00609377
0.00828392
0.01040026
0.01240087
0.01424946
0.01591315
0.01736149
0.01857140
0.01952732
0.02022942
0.02069273
0.02093377
0.02097427
0.02084645
0.02058821
0.02024003
0.01983070
0.01936849
0.01884313
0.01823647
0.01752737
0.01670741
0.01578774
0.01480122
0.01379877
0.01283351
0.01194496
0.01115931
0.01048649
0.00991581
0.00941782
0.00896070
0.00851649
0.00806725
0.00760649
0.00713119
0.00664498
0.00615365
0.00565462
0.00513398
0.00456964
0.00393924
0.00322661
0.00242494
0.00154421
0.00061562
-0.00030745
-0.00115497
-0.00185667
-0.00235732
-0.00261927
-0.00262914
-0.00239873
-0.00196234
-0.00137038
-0.00067102
0.00008683
0.00085901
0.00161781
0.00236042
0.00309829
0.00384798
0.00463163
0.00546693
0.00637251
0.00737028
0.00847610
0.00969602
0.01102677
0.01245240
0.01394486
0.01547234
0.01700355
0.01850698
0.01995408
0.02131959
0.02257908
0.02370720
0.02468814
0.02551775
0.02619694
0.02672480
0.02710212
0.02732771
0.02740574
0.02734764
0.02716196
0.02685170
0.02641737
0.02585297
0.02514685
0.02428527
0.02325678
0.02205987
0.02070387
0.01921947
0.01765933
0.01607584
0.01452116
0.01303612
0.01163771
0.01032512
0.00909218
0.00793391
0.00684601
0.00582624
0.00487758
0.00400097
0.00319490
0.00245585
0.00177671
0.00114010
0.00051971
-0.00011650
-0.00080056
-0.00155229
-0.00238181
-0.00328079
-0.00421788
-0.00514492
-0.00601289
-0.00677226
-0.00738027
-0.00780928
-0.00804558
-0.00809104
-0.00795261
-0.00764154
-0.00717926
-0.00659182
-0.00590946
-0.00517481
-0.00442823
-0.00370061
-0.00301565
-0.00239362
-0.00184849
-0.00138910
-0.00102253
-0.00074660
-0.00054724
-0.00039832
-0.00027075
-0.00014852
-0.00002312
0.00011384
0.00026694
0.00042896
0.00057827
0.00067641
0.00068364
0.00056684
0.00030600
-0.00010850
-0.00067860
-0.00139290
-0.00222141
-0.00311385
-0.00400542
-0.00482890
-0.00552749
-0.00605200
-0.00635720
-0.00641367
-0.00621406
-0.00577771
-0.00515261
-0.00440122
-0.00359014
-0.00278455
-0.00203651
-0.00136763
-0.00077655
-0.00024662
0.00025064
0.00074672
0.00126336
0.00180642
0.00235805
0.00288316
0.00334088
0.00368818
0.00388832
0.00391518
0.00375065
0.00338494
0.00281529
0.00205652
0.00114499
0.00013090
-0.00092918
-0.00198307
-0.00299093
-0.00392370
-0.00476661
-0.00552002
-0.00619110
-0.00679719
-0.00734761
-0.00783979
-0.00826797
-0.00861907
-0.00887952
-0.00904580
-0.00913101
-0.00916442
-0.00918805
-0.00924492
-0.00937370
-0.00960453
-0.00995421
-0.01042209
-0.01098273
-0.01159620
-0.01222065
-0.01281822
-0.01335610
-0.01380460
-0.01413821
-0.01433653
-0.01438985
-0.01430264
-0.01408478
-0.01375392
-0.01334473
-0.01290377
-0.01247722
-0.01210895
-0.01184618
-0.01172770
-0.01176797
-0.01195703
-0.01226459
-0.01264116
-0.01302011
-0.01332974
-0.01350601
-0.01350693
-0.01332132
-0.01296839
-0.01248837
-0.01193472
-0.01136924
-0.01085020
-0.01042422
-0.01012068
-0.00995277
-0.00991472
-0.00998729
-0.01014560
-0.01035785
-0.01058219
-0.01077605
-0.01088832
-0.01086286
-0.01064682
-0.01019780
-0.00948706
-0.00850596
-0.00726991
-0.00581412
-0.00418693
-0.00244266
-0.00064305
0.00114804
0.00287418
0.00448962
0.00596748
0.00729774
0.00847223
0.00949085
0.01036725
0.01112115
0.01177098
0.01232978
0.01280935
0.01321244
0.01353078
0.01375211
0.01386497
0.01387159
0.01379257
0.01366473
0.01351375
0.01334979
0.01317628
0.01299029
0.01278570
0.01254768
0.01225199
0.01187508
0.01139215
0.01077324
0.00998906
0.00902286
0.00788065
0.00659767
0.00522460
0.00382801
0.00248472
0.00126925
0.00024303
-0.00054502
-0.00106867
-0.00133390
-0.00137210
-0.00122578
-0.00094251
-0.00057024
-0.00015277
0.00027256
0.00068369
0.00106812
0.00142204
0.00174310
0.00202658
0.00226488
0.00245038
0.00258027
0.00266368
0.00271939
0.00276687
0.00282544
0.00290822
0.00301740
0.00314230
0.00326126
0.00334750
0.00337893
0.00334063
0.00322264
0.00301973
0.00273657
0.00238866
0.00199511
0.00156553
0.00109691
0.00058329
0.00001703
-0.00060323
-0.00127213
-0.00198074
-0.00270927
-0.00342649
-0.00410041
-0.00469516
-0.00517387
-0.00551117
-0.00569758
-0.00573815
-0.00565306
-0.00546750
-0.00519732
-0.00484992
-0.00442771
-0.00392818
-0.00334683
-0.00268277
-0.00194697
-0.00116871
-0.00039237
0.00033887
0.00099731
0.00157230
0.00206904
0.00249825
0.00287012
0.00320842
0.00354836
0.00392296
0.00435554
0.00485217
0.00540311
0.00598777
0.00658023
0.00714724
0.00765324
0.00807311
0.00839591
0.00861627
0.00874396
0.00880493
0.00883657
0.00887041
0.00892154
0.00898729
0.00905084
0.00909792
0.00911923
0.00911894
0.00910641
0.00909128
0.00908424
0.00909880
0.00915251
0.00925310
0.00939723
0.00957693
0.00977983
0.00999648
0.01021486
0.01042393
0.01061447
0.01077762
0.01089893
0.01095641
0.01092228
0.01076406
0.01044532
0.00992956
0.00919274
0.00822546
0.00703549
0.00566111
0.00416143
0.00260106
0.00104592
-0.00045267
-0.00185609
-0.00313576
-0.00427571
-0.00526806
-0.00611171
-0.00681452
-0.00738629
-0.00783645
-0.00818104
-0.00844299
-0.00864961
-0.00882785
-0.00899481
-0.00915282
-0.00929859
-0.00942196
-0.00949775
-0.00949166
-0.00937530
-0.00913206
-0.00876453
-0.00829657
-0.00777020
-0.00723916
-0.00675072
-0.00633155
-0.00598085
-0.00566958
-0.00534920
-0.00496201
-0.00445550
-0.00379750
-0.00297505
-0.00199670
-0.00090009
0.00025321
0.00138284
0.00240398
0.00323647
0.00381344
0.00409706
0.00408474
0.00381168
0.00334573
0.00277086
0.00217854
0.00165686
0.00126915
0.00105259
0.00102946
0.00120382
0.00156320
0.00208128
0.00271679
0.00341812
0.00412615
0.00477720
0.00531277
0.00568775
0.00587567
0.00587943
0.00572737
0.00546501
0.00514553
0.00482135
0.00453192
0.00429499
0.00411201
0.00398032
0.00388890
0.00381049
0.00371176
0.00355949
0.00331779
0.00295306
0.00244031
0.00177252
0.00096195
0.00002575
-0.00101943
-0.00214685
-0.00332292
-0.00451263
-0.00567946
-0.00678502
-0.00779386
-0.00867209
-0.00939255
-0.00994263
-0.01032736
-0.01056909
-0.01070577
-0.01077733
-0.01081130
-0.01082141
-0.01081114
-0.01077774
-0.01070940
-0.01058630
-0.01038929
-0.01010141
-0.00971266
-0.00923044
-0.00868467
-0.00811339
-0.00755434
-0.00704437
-0.00660972
-0.00625947
-0.00597819
-0.00572635
-0.00545093
-0.00509851
-0.00463039
-0.00403770
-0.00334736
-0.00261130
-0.00189258
-0.00125583
-0.00076313
-0.00046336
-0.00037468
-0.00049374
-0.00080025
-0.00125785
-0.00181879
-0.00244057
-0.00308723
-0.00372831
-0.00434064
-0.00490355
-0.00539027
-0.00577274
-0.00604235
-0.00620050
-0.00624639
-0.00618267
-0.00601600
-0.00575224
-0.00539706
-0.00495560
-0.00443529
-0.00384674
-0.00321124
-0.00255786
-0.00191247
-0.00129819
-0.00074045
-0.00026647
0.00010741
0.00036958
0.00052003
0.00056958
0.00053145
0.00042363
0.00026852
0.00009338
-0.00007571
-0.00022291
-0.00034023
-0.00042382
-0.00047367
-0.00049607
-0.00050182
-0.00050095
-0.00049644
-0.00047740
-0.00042084
-0.00030595
-0.00011997
0.00014925
0.00049961
0.00091184
0.00135776
0.00180901
0.00223752
0.00262023
0.00294347
0.00320140
0.00339791
0.00355110
0.00367978
0.00379681
0.00391846
0.00406472
0.00425088
0.00448370
0.00476659
0.00510115
0.00548293
0.00589961
0.00633468
0.00676877
0.00719086
0.00759759
0.00798165
0.00832943
0.00862408
0.00885318
0.00901127
0.00910601
0.00915608
0.00918496
0.00921751
0.00927473
0.00937434
0.00953383
0.00976250
0.01005072
0.01037577
0.01070593
0.01099983
0.01121913
0.01133621
0.01133346
0.01120387
0.01094877
0.01057304
0.01008676
0.00950223
0.00883404
0.00809377
0.00729211
0.00643871
0.00555066
0.00465755
0.00379327
0.00299092
0.00227434
0.00165451
0.00112852
0.00067284
0.00025197
-0.00017470
-0.00064241
-0.00117500
-0.00178402
-0.00247044
-0.00322366
-0.00402044
-0.00483488
-0.00564082
-0.00641832
-0.00715863
-0.00785540
-0.00850375
-0.00909718
-0.00962504
-0.01006837
-0.01039959
-0.01058015
-0.01057167
-0.01035443
-0.00992951
-0.00931571
-0.00854690
-0.00766729
-0.00672190
-0.00574942
-0.00478376
-0.00384586
-0.00293698
-0.00205042
-0.00118135
-0.00032716
0.00050540
0.00130170
0.00204116
0.00269249
0.00321565
0.00356999
0.00372568
0.00367531
0.00343154
0.00302060
0.00248526
0.00187276
0.00121886
0.00054660
-0.00012571
-0.00078176
-0.00139809
-0.00194531
-0.00238966
-0.00270774
-0.00289229
-0.00293807
-0.00284452
-0.00262393
-0.00230793
-0.00193970
-0.00156534
-0.00122463
-0.00094992
-0.00075892
-0.00064580
-0.00058747
-0.00055258
-0.00051154
-0.00043857
-0.00031957
-0.00015833
0.00002313
0.00018473
0.00027994
0.00027769
0.00017054
-0.00002485
-0.00027037
-0.00051695
-0.00071956
-0.00083601
-0.00084003
-0.00073331
-0.00054928
-0.00034334
-0.00018050
-0.00012115
-0.00020796
-0.00046037
-0.00087368
-0.00141842
-0.00205171
-0.00272853
-0.00340519
-0.00404455
-0.00463325
-0.00517504
-0.00567875
-0.00615950
-0.00662512
-0.00706863
-0.00747092
-0.00781745
-0.00810236
-0.00832169
-0.00846871
-0.00854336
-0.00855008
-0.00849661
-0.00838777
-0.00822318
-0.00800157
-0.00772219
-0.00738685
-0.00699305
-0.00653370
-0.00600917
-0.00543382
-0.00482817
-0.00421713
-0.00363556
-0.00312020
-0.00271017
-0.00244026
-0.00232797
-0.00237340
-0.00256305
-0.00286845
-0.00324710
-0.00364743
-0.00401358
-0.00429597
-0.00445913
-0.00447777
-0.00433418
-0.00401560
-0.00351866
-0.00285314
-0.00204685
-0.00113288
-0.00014761
0.00086610
0.00186094
0.00279765
0.00364827
0.00440027
0.00504956
0.00559699
0.00604828
0.00641887
0.00672773
0.00699551
0.00724020
0.00746508
0.00765848
0.00780470
0.00789364
0.00792048
0.00788429
0.00778749
0.00763058
0.00741747
0.00715362
0.00684512
0.00650661
0.00615070
0.00578057
0.00539530
0.00499571
0.00458110
0.00414432
0.00367498
0.00316863
0.00262028
0.00202864
0.00139833
0.00073958
0.00007177
-0.00058415
-0.00121240
-0.00180204
-0.00234015
-0.00282155
-0.00324929
-0.00363079
-0.00397240
-0.00427936
-0.00455458
-0.00480040
-0.00501142
-0.00517614
-0.00528565
-0.00533108
-0.00530824
-0.00521979
-0.00507797
-0.00489023
-0.00465661
-0.00438648
-0.00409684
-0.00380533
-0.00352808
-0.00328258
-0.00308814
-0.00295443
-0.00286824
-0.00279587
-0.00270009
-0.00255355
-0.00233713
-0.00203840
-0.00165851
-0.00121513
-0.00073203
-0.00023421
0.00025468
0.00071263
0.00111750
0.00145667
0.00173085
0.00194875
0.00212006
0.00225549
0.00236785
0.00246314
0.00253525
0.00256476
0.00252474
0.00238641
0.00212861
0.00174904
0.00127064
0.00073490
0.00020082
-0.00026847
-0.00062134
-0.00082708
-0.00087904
-0.00079625
-0.00061894
-0.00040405
-0.00020499
-0.00005852
0.00001549
0.00001529
-0.00004456
-0.00012578
-0.00018201
-0.00017412
-0.00007289
0.00013415
0.00043425
0.00080286
0.00122197
0.00167902
0.00216233
0.00266250
0.00317241
0.00368255
0.00418029
0.00465171
0.00507202
0.00541921
0.00567847
0.00584147
0.00590411
0.00587243
0.00576574
0.00561398
0.00544971
0.00530649
0.00520933
0.00516898
0.00517970
0.00522424
0.00528119
0.00532504
0.00532921
0.00527115
0.00513498
0.00491307
0.00460917
0.00423986
0.00382742
0.00339659
0.00297622
0.00259731
0.00228725
0.00206381
0.00193756
0.00191121
0.00197805
0.00212325
0.00233332
0.00259162
0.00287742
0.00317405
0.00346430
0.00373501
0.00397785
0.00418188
0.00433752
0.00444272
0.00450047
0.00450385
0.00444118
0.00430948
0.00411121
0.00384975
0.00353578
0.00318823
0.00282646
0.00246399
0.00210706
0.00176033
0.00143005
0.00111692
0.00081381
0.00050359
0.00016551
-0.00022023
-0.00067143
-0.00119734
-0.00179032
-0.00243356
-0.00310461
-0.00377396
-0.00441639
-0.00501183
-0.00554229
-0.00599680
-0.00637448
-0.00667441
-0.00689800
-0.00704577
-0.00711526
-0.00709687
-0.00697160
-0.00672420
-0.00634489
-0.00583096
-0.00518746
-0.00442204
-0.00355136
-0.00260135
-0.00160556
-0.00060052
0.00037543
0.00128681
0.00211322
0.00284978
0.00350260
0.00407695
0.00458046
0.00502981
0.00543943
0.00580932
0.00612603
0.00637323
0.00654148
0.00663131
0.00664833
0.00660238
0.00651264
0.00640156
0.00628730
0.00617407
0.00606379
0.00595787
0.00585069
0.00573063
0.00557759
0.00536996
0.00509328
0.00474437
0.00432720
0.00384473
0.00330257
0.00271291
0.00208766
0.00143499
0.00076692
0.00010218
-0.00054297
-0.00116442
-0.00176621
-0.00235310
-0.00293133
-0.00350514
-0.00407492
-0.00463166
-0.00514994
-0.00559486
-0.00593319
-0.00614277
-0.00621386
-0.00614711
-0.00595417
-0.00565854
-0.00528615
-0.00486885
-0.00443961
-0.00401706
-0.00360427
-0.00318883
-0.00275579
-0.00229335
-0.00179563
-0.00127021
-0.00073607
-0.00022868
0.00021129
0.00054516
0.00075168
0.00083525
0.00081690
0.00072647
0.00059688
0.00045667
0.00033080
0.00023464
0.00015797
0.00007236
-0.00005735
-0.00026094
-0.00054956
-0.00091634
-0.00134469
-0.00181079
-0.00227973
-0.00270801
-0.00305663
-0.00329943
-0.00342944
-0.00346153
-0.00341610
-0.00331232
-0.00317283
-0.00300755
-0.00281490
-0.00259081
-0.00233018
-0.00202673
-0.00168265
-0.00130464
-0.00090789
-0.00050949
-0.00011977
0.00024987
0.00059318
0.00091069
0.00120539
0.00148287
0.00174377
0.00197895
0.00217118
0.00229724
0.00233695
0.00227029
0.00208686
0.00179303
0.00140229
0.00093330
0.00040468
-0.00016885
-0.00077459
-0.00140376
-0.00204929
-0.00269507
-0.00331494
-0.00388396
-0.00437598
-0.00477192
-0.00506754
-0.00527609
-0.00541037
-0.00547468
-0.00547331
-0.00541017
-0.00528479
-0.00509587
-0.00484127
-0.00452456
-0.00415784
-0.00375642
-0.00333759
-0.00292055
-0.00251999
-0.00215040
-0.00183140
-0.00157740
-0.00138976
-0.00125392
-0.00115873
-0.00109412
-0.00104594
-0.00099837
-0.00093946
-0.00085965
-0.00074836
-0.00059821
-0.00040410
-0.00016840
0.00009965
0.00038308
0.00066168
0.00091854
0.00114433
0.00133462
0.00147895
0.00156133
0.00157130
0.00150825
0.00138516
0.00122009
0.00102641
0.00082332
0.00063524
0.00048869
0.00040426
0.00039381
0.00047156
0.00064825
0.00091721
0.00125988
0.00165482
0.00208490
0.00254120
0.00301595
0.00349205
0.00394728
0.00436857
0.00475459
0.00511071
0.00543449
0.00571753
0.00596005
0.00616645
0.00634136
0.00648908
0.00661808
0.00673660
0.00684580
0.00694026
0.00700327
0.00701475
0.00695946
0.00683269
0.00663761
0.00638266
0.00607936
0.00574518
0.00540122
0.00507485
0.00479068
0.00456455
0.00440989
0.00433643
0.00434375
0.00441536
0.00451981
0.00461967
0.00468000
0.00467338
0.00457807
0.00437696
0.00405360
0.00360194
0.00303607
0.00238605
0.00168569
0.00096177
0.00023588
-0.00047591
-0.00116644
-0.00183811
-0.00250173
-0.00317609
-0.00388009
-0.00462429
-0.00540660
-0.00621269
-0.00701716
-0.00779438
-0.00852264
-0.00917935
-0.00973914
-0.01018142
-0.01049519
-0.01068318
-0.01075872
-0.01073894
-0.01064610
-0.01049748
-0.01030071
-0.01005284
-0.00974536
-0.00936540
-0.00890323
-0.00835759
-0.00773436
-0.00704410
-0.00629853
-0.00551654
-0.00472378
-0.00394401
-0.00319616
-0.00250085
-0.00188272
-0.00135920
-0.00094551
-0.00065384
-0.00048793
-0.00043940
-0.00048660
-0.00060048
-0.00075006
-0.00090374
-0.00102705
-0.00109119
-0.00107454
-0.00097125
-0.00079810
-0.00058523
-0.00036595
-0.00016837
-0.00001237
0.00009070
0.00013949
0.00014809
0.00014297
0.00016026
0.00023376
0.00038126
0.00060525
0.00089636
0.00123296
0.00158628
0.00192763
0.00223009
0.00247387
0.00264972
0.00276004
0.00281466
0.00282141
0.00279290
0.00274255
0.00267037
0.00257042
0.00243483
0.00225096
0.00200967
0.00171207
0.00137222
0.00100390
0.00061649
0.00022229
-0.00016929
-0.00055353
-0.00092891
-0.00129133
-0.00163358
-0.00194477
-0.00221510
-0.00243860
-0.00262152
-0.00277252
-0.00290034
-0.00301252
-0.00311691
-0.00322023
-0.00332159
-0.00341103
-0.00346608
-0.00345387
-0.00334295
-0.00311597
-0.00278201
-0.00237058
-0.00192081
-0.00147285
-0.00106289
-0.00071731
-0.00044278
-0.00022844
-0.00005146
0.00011552
0.00028796
0.00047556
0.00068824
0.00094016
0.00124333
0.00159473
0.00197970
0.00237729
0.00276084
0.00310178
0.00338118
0.00359217
0.00373836
0.00382225
0.00383611
0.00377274
0.00363185
0.00341664
0.00314511
0.00285017
0.00257145
0.00234757
0.00220686
0.00216090
0.00220322
0.00231192
0.00245744
0.00260041
0.00270007
0.00272271
0.00264313
0.00245883
0.00218931
0.00185985
0.00148693
0.00108894
0.00068622
0.00029758
-0.00006675
-0.00040538
-0.00072228
-0.00102105
-0.00130308
-0.00157003
-0.00181903
-0.00204987
-0.00226865
-0.00248622
-0.00271617
-0.00297347
-0.00326076
-0.00357012
-0.00388404
-0.00418035
-0.00443605
-0.00463030
-0.00474421
-0.00475930
-0.00467164
-0.00449520
-0.00424661
-0.00394265
-0.00359874
-0.00322844
-0.00284735
-0.00246036
-0.00205758
-0.00162633
-0.00115182
-0.00062385
-0.00003991
0.00059425
0.00126420
0.00195095
0.00261943
0.00322554
0.00373428
0.00412019
0.00436413
0.00446339
0.00443187
0.00428873
0.00405884
0.00377322
0.00345271
0.00311392
0.00277764
0.00246447
0.00219899
0.00200184
0.00188005
0.00183308
0.00184514
0.00188603
0.00192769
0.00195113
0.00194183
0.00189319
0.00180910
0.00170265
0.00159304
0.00149693
0.00142663
0.00138939
0.00138800
0.00141104
0.00143867
0.00145148
0.00143627
0.00139358
0.00132632
0.00124005
0.00114700
0.00105667
0.00097582
0.00090785
0.00084828
0.00079169
0.00072979
0.00065916
0.00058168
0.00050175
0.00042507
0.00035962
0.00031030
0.00028101
0.00026726
0.00025661
0.00022527
0.00014424
-0.00001485
-0.00027243
-0.00063119
-0.00107422
-0.00157176
-0.00208679
-0.00258347
-0.00302911
-0.00339232
-0.00364909
-0.00379192
-0.00384190
-0.00383355
-0.00379919
-0.00376101
-0.00372881
-0.00370983
-0.00370281
-0.00369205
-0.00365261
-0.00356141
-0.00340212
-0.00317136
-0.00287971
-0.00253888
-0.00216291
-0.00177335
-0.00138855
-0.00102134
-0.00068066
-0.00037317
-0.00010635
0.00010958
0.00026584
0.00036556
0.00041627
0.00043141
0.00042677
0.00041816
0.00042291
0.00045304
0.00051992
0.00062948
0.00078640
0.00099736
0.00125760
0.00154934
0.00184456
0.00211204
0.00232978
0.00248759
0.00258668
0.00263819
0.00265841
0.00267940
0.00273773
0.00285457
0.00303538
0.00327404
0.00356126
0.00388820
0.00424370
0.00461317
0.00498042
0.00533085
0.00565531
0.00594061
0.00617127
0.00634426
0.00645794
0.00650732
0.00648408
0.00637549
0.00617295
0.00587632
0.00549450
0.00504085
0.00453145
0.00398506
0.00342887
0.00289958
0.00243562
0.00206270
0.00179580
0.00164205
0.00159924
0.00164953
0.00176395
0.00190736
0.00204193
0.00213871
0.00217885
0.00215477
0.00207227
0.00195666
0.00183701
0.00173507
0.00166462
0.00163719
0.00165800
0.00172027
0.00180620
0.00189476
0.00196544
0.00200536
0.00201196
0.00197978
0.00190330
0.00178453
0.00162438
0.00142041
0.00117242
0.00088539
0.00056661
0.00022935
-0.00010641
-0.00041757
-0.00068103
-0.00088074
-0.00101193
-0.00108264
-0.00111010
-0.00112221
-0.00114683
-0.00119901
-0.00127341
-0.00135397
-0.00141927
-0.00144363
-0.00140431
-0.00129251
-0.00111002
-0.00086577
-0.00057432
-0.00025683
0.00005454
0.00033014
0.00055243
0.00071107
0.00080239
0.00082565
0.00078205
0.00068231
0.00054800
0.00040608
0.00027400
0.00016346
0.00007932
0.00001865
-0.00003668
-0.00011686
-0.00024887
-0.00045430
-0.00074944
-0.00113590
-0.00160128
-0.00213098
-0.00271153
-0.00331978
-0.00391528
-0.00445308
-0.00490293
-0.00525321
-0.00551056
-0.00568793
-0.00579815
-0.00585688
-0.00588007
-0.00587691
-0.00584855
-0.00578699
-0.00568265
-0.00552337
-0.00529835
-0.00501320
-0.00468370
-0.00432394
-0.00394413
-0.00355010
-0.00314500
-0.00273470
-0.00233086
-0.00194552
-0.00159258
-0.00128745
-0.00104021
-0.00085776
-0.00074418
-0.00069876
-0.00071398
-0.00077176
-0.00083995
-0.00088229
-0.00087341
-0.00080850
-0.00069370
-0.00053761
-0.00035441
-0.00016480
0.00001196
0.00015848
0.00025307
0.00028046
0.00023707
0.00012915
-0.00001877
-0.00017488
-0.00030791
-0.00039331
-0.00041636
-0.00037394
-0.00028138
-0.00016007
-0.00002200
0.00011878
0.00024251
0.00033209
0.00038122
0.00039238
0.00037199
0.00033117
0.00028263
0.00024029
0.00021862
0.00022926
0.00026819
0.00032513
0.00039308
0.00046229
0.00052115
0.00055649
0.00056335
0.00054384
0.00049708
0.00041687
0.00030082
0.00015043
-0.00002814
-0.00021619
-0.00038686
-0.00052171
-0.00061659
-0.00067670
-0.00071637
-0.00075658
-0.00081566
-0.00090486
-0.00103384
-0.00120615
-0.00141768
-0.00165220
-0.00188835
-0.00210585
-0.00229707
-0.00246324
-0.00261090
-0.00275146
-0.00289638
-0.00305303
-0.00322904
-0.00343469
-0.00366955
-0.00392524
-0.00418443
-0.00442379
-0.00462631
-0.00478095
-0.00488151
-0.00492838
-0.00492513
-0.00487935
-0.00480567
-0.00471491
-0.00460426
-0.00447174
-0.00432290
-0.00416414
-0.00400316
-0.00383951
-0.00367097
-0.00349700
-0.00330961
-0.00310188
-0.00286998
-0.00260610
-0.00230269
-0.00195762
-0.00157486
-0.00116274
-0.00073558
-0.00031318
0.00009063
0.00046851
0.00081826
0.00113831
0.00143181
0.00170480
0.00196046
0.00220018
0.00242374
0.00263242
0.00283499
0.00304156
0.00326485
0.00351768
0.00379910
0.00410022
0.00441066
0.00471793
0.00500372
0.00525027
0.00544212
0.00555981
0.00558990
0.00553003
0.00538590
0.00517146
0.00491303
0.00464115
0.00437272
0.00410665
0.00383618
0.00355281
0.00324759
0.00291079
0.00254281
0.00215419
0.00175813
0.00136835
0.00099673
0.00065866
0.00037093
0.00014000
-0.00003992
-0.00017754
-0.00028570
-0.00037816
-0.00046363
-0.00054544
-0.00062351
-0.00070183
-0.00078420
-0.00086999
-0.00095414
-0.00103239
-0.00110701
-0.00118506
-0.00127552
-0.00138197
-0.00149866
-0.00162143
-0.00174107
-0.00184741
-0.00192484
-0.00195613
-0.00193655
-0.00187364
-0.00178366
-0.00169088
-0.00161737
-0.00157789
-0.00157503
-0.00160158
-0.00164306
-0.00168083
-0.00170163
-0.00169885
-0.00166873
-0.00160808
-0.00151933
-0.00141007
-0.00129363
-0.00118081
-0.00108106
-0.00099564
-0.00092208
-0.00085560
-0.00079035
-0.00072259
-0.00065066
-0.00057097
-0.00048068
-0.00038364
-0.00028422
-0.00018662
-0.00009413
-0.00001056
0.00006328
0.00013145
0.00019879
0.00027586
0.00037109
0.00047971
0.00058659
0.00067709
0.00074039
0.00076683
0.00075751
0.00072368
0.00067740
0.00062828
0.00058867
0.00056720
0.00056387
0.00057445
0.00059668
0.00062740
0.00066740
0.00072981
0.00083248
0.00098006
0.00115784
0.00134485
0.00153189
0.00172007
0.00190581
0.00208492
0.00225020
0.00239428
0.00252196
0.00264307
0.00276335
0.00288864
0.00302922
0.00319004
0.00336404
0.00354028
0.00370225
0.00383584
0.00392495
0.00395386
0.00391975
0.00382358
0.00366942
0.00346891
0.00324240
0.00300850
0.00277404
0.00254992
0.00235014
0.00218448
0.00205615
0.00196845
0.00192052
0.00190496
0.00191464
0.00193526
0.00194516
0.00192709
0.00187033
0.00176726
0.00161151
0.00139952
0.00113827
0.00084271
0.00052960
0.00021774
-0.00007856
-0.00034858
-0.00058037
-0.00077097
-0.00092091
-0.00103263
-0.00111819
-0.00119423
-0.00127746
-0.00138173
-0.00150803
-0.00165389
-0.00181602
-0.00198528
-0.00215314
-0.00231124
-0.00245357
-0.00257726
-0.00267712
-0.00274756
-0.00278240
-0.00277760
-0.00273030
-0.00263679
-0.00248811
-0.00227639
-0.00200648
-0.00169547
-0.00136743
-0.00105114
-0.00077707
-0.00056960
-0.00044399
-0.00040013
-0.00041971
-0.00047799
-0.00054999
-0.00061444
-0.00065658
-0.00067000
-0.00065846
-0.00063209
-0.00060072
-0.00057200
-0.00054907
-0.00053253
-0.00052469
-0.00052844
-0.00054002
-0.00055774
-0.00058067
-0.00059829
-0.00059747
-0.00056834
-0.00051012
-0.00043049
-0.00034124
-0.00025329
-0.00017321
-0.00009666
-0.00001480
0.00007875
0.00018466
0.00029941
0.00041807
0.00053595
0.00064991
0.00075922
0.00086476
0.00096406
0.00105321
0.00113432
0.00121021
0.00127012
0.00129708
0.00128716
0.00124547
0.00117930
0.00109847
0.00101006
0.00092019
0.00084122
0.00078806
0.00077035
0.00078985
0.00084100
0.00091287
0.00099687
0.00108890
0.00118599
0.00128523
0.00138928
0.00150228
0.00162270
0.00174359
0.00185913
0.00196318
0.00204167
0.00207808
0.00206138
0.00199739
0.00190222
0.00179332
0.00168008
0.00156349
0.00144070
0.00131497
0.00119387
0.00108742
0.00100500
0.00094969
0.00092185
0.00092025
0.00095141
0.00102249
0.00114064
0.00131377
0.00154031
0.00181223
0.00211828
0.00244208
0.00276402
0.00306641
0.00333479
0.00355751
0.00372512
0.00383011
0.00386800
0.00384433
0.00376475
0.00363760
0.00347537
0.00328885
0.00308633
0.00287058
0.00264414
0.00240894
0.00216369
0.00190549
0.00163485
0.00135564
0.00107910
0.00081350
0.00055554
0.00030230
0.00005565
-0.00018307
-0.00041438
-0.00064137
-0.00086930
-0.00110102
-0.00133734
-0.00157470
-0.00180069
-0.00200762
-0.00219061
-0.00234690
-0.00247106
-0.00255413
-0.00259536
-0.00260243
-0.00258596
-0.00255463
-0.00251450
-0.00247589
-0.00244050
-0.00240644
-0.00237524
-0.00235150
-0.00234215
-0.00234958
-0.00237373
-0.00240908
-0.00245010
-0.00249881
-0.00255929
-0.00263882
-0.00274248
-0.00286671
-0.00299878
-0.00312712
-0.00323971
-0.00332743
-0.00339358
-0.00344424
-0.00348649
-0.00352253
-0.00354773
-0.00356198
-0.00356553
-0.00355698
-0.00353760
-0.00350806
-0.00346933
-0.00342336
-0.00336646
-0.00329391
-0.00320334
-0.00308391
-0.00292671
-0.00273945
-0.00254123
-0.00235881
-0.00222080
-0.00214394
-0.00213453
-0.00219133
-0.00230689
-0.00246767
-0.00265150
-0.00283109
-0.00297872
-0.00307082
-0.00309581
-0.00305430
-0.00294830
-0.00278473
-0.00257714
-0.00234324
-0.00209671
-0.00184544
-0.00159205
-0.00134180
-0.00109911
-0.00086939
-0.00065732
-0.00047004
-0.00031902
-0.00021420
-0.00016102
-0.00015403
-0.00018063
-0.00022444
-0.00026780
-0.00030009
-0.00031635
-0.00031451
-0.00029686
-0.00026488
-0.00022097
-0.00017348
-0.00012382
-0.00006632
-0.00000172
0.00006721
0.00013694
0.00020742
0.00027592
0.00034096
0.00039881
0.00044049
0.00045403
0.00042752
0.00035198
0.00022369
0.00004616
-0.00016294
-0.00038130
-0.00058763
-0.00076362
-0.00089163
-0.00096100
-0.00097042
-0.00092778
-0.00085045
-0.00075606
-0.00065750
-0.00055806
-0.00045077
-0.00032914
-0.00018841
-0.00002362
0.00016595
0.00037894
0.00061205
0.00086171
0.00111909
0.00138462
0.00166395
0.00196266
0.00227931
0.00260887
0.00294890
0.00329630
0.00364199
0.00396701
0.00424890
0.00447472
0.00463953
0.00474033
0.00478627
0.00479612
0.00478918
0.00478191
0.00479006
0.00482261
0.00487912
0.00495239
0.00503288
0.00511088
0.00516996
0.00519384
0.00517036
0.00509966
0.00499432
0.00487419
0.00475732
0.00465909
0.00458942
0.00454783
0.00452272
0.00449189
0.00442901
0.00431020
0.00411512
0.00383511
0.00347568
0.00304961
0.00257998
0.00210198
0.00165183
0.00125744
0.00093382
0.00068817
0.00051863
0.00041534
0.00036855
0.00037132
0.00040844
0.00045461
0.00048230
0.00047405
0.00042850
0.00035314
0.00025539
0.00014450
0.00002869
-0.00008870
-0.00021096
-0.00034627
-0.00049979
-0.00067242
-0.00086709
-0.00108780
-0.00133897
-0.00162033
-0.00193173
-0.00226813
-0.00262246
-0.00298873
-0.00335791
-0.00371511
-0.00403695
-0.00430234
-0.00450553
-0.00464934
-0.00473594
-0.00476866
-0.00475899
-0.00472889
-0.00469643
-0.00467546
-0.00467483
-0.00469606
-0.00473162
-0.00477337
-0.00481292
-0.00483887
-0.00484093
-0.00481564
-0.00476630
-0.00469993
-0.00462736
-0.00455706
-0.00449235
-0.00443152
-0.00436792
-0.00429121
-0.00418793
-0.00404142
-0.00383802
-0.00357621
-0.00327044
-0.00293772
-0.00259451
-0.00225576
-0.00193965
-0.00166241
-0.00142557
-0.00121860
-0.00102852
-0.00084712
-0.00067447
-0.00051745
-0.00038247
-0.00027565
-0.00020271
-0.00016668
-0.00016634
-0.00019604
-0.00024850
-0.00031120
-0.00037187
-0.00042242
-0.00045987
-0.00048666
-0.00050551
-0.00051584
-0.00051938
-0.00052768
-0.00054842
-0.00057664
-0.00060216
-0.00061285
-0.00059838
-0.00055491
-0.00048811
-0.00040347
-0.00030596
-0.00019920
-0.00008601
0.00002883
0.00013298
0.00021798
0.00028539
0.00034450
0.00040607
0.00047276
0.00054482
0.00062116
0.00070576
0.00080504
0.00092518
0.00106518
0.00121966
0.00138127
0.00154444
0.00171050
0.00188545
0.00206585
0.00224482
0.00242548
0.00261624
0.00282335
0.00305063
0.00329229
0.00353524
0.00376640
0.00397404
0.00415461
0.00431412
0.00446475
0.00462041
0.00479220
0.00498213
0.00518810
0.00539733
0.00558908
0.00574497
0.00585702
0.00592670
0.00595691
0.00594650
0.00589873
0.00582981
0.00576286
0.00571270
0.00567989
0.00565090
0.00560373
0.00551756
0.00537872
0.00517834
0.00491489
0.00459123
0.00421935
0.00380919
0.00336994
0.00291474
0.00245486
0.00199752
0.00155314
0.00113311
0.00074327
0.00038420
0.00005595
-0.00025095
-0.00055147
-0.00085242
-0.00115550
-0.00146397
-0.00177567
-0.00208122
-0.00237631
-0.00265801
-0.00292397
-0.00316797
-0.00338400
-0.00356443
-0.00370142
-0.00378526
-0.00379928
-0.00373980
-0.00362032
-0.00346294
-0.00329082
-0.00311766
-0.00295125
-0.00280307
-0.00268153
-0.00258792
-0.00252011
-0.00247457
-0.00244744
-0.00242829
-0.00240733
-0.00237353
-0.00231692
-0.00222584
-0.00208959
-0.00190156
-0.00166440
-0.00138854
-0.00109319
-0.00080114
-0.00052741
-0.00027938
-0.00006887
0.00008879
0.00017843
0.00019348
0.00013693
0.00001905
-0.00014573
-0.00034368
-0.00055409
-0.00074986
-0.00090885
-0.00101857
-0.00107725
-0.00108980
-0.00106256
-0.00099933
-0.00091069
-0.00081159
-0.00071921
-0.00064619
-0.00059353
-0.00055880
-0.00053601
-0.00051710
-0.00049487
-0.00046794
-0.00043912
-0.00042289
-0.00043890
-0.00050380
-0.00062265
-0.00078999
-0.00099243
-0.00121292
-0.00143506
-0.00163796
-0.00180164
-0.00191940
-0.00199569
-0.00203935
-0.00206470
-0.00209059
-0.00213382
-0.00220330
-0.00229931
-0.00241422
-0.00253673
-0.00265573
-0.00276276
-0.00285378
-0.00293170
-0.00300592
-0.00308306
-0.00316076
-0.00322900
-0.00328052
-0.00331517
-0.00333775
-0.00335009
-0.00335274
-0.00335090
-0.00335224
-0.00336141
-0.00338212
-0.00341625
-0.00346092
-0.00350972
-0.00354820
-0.00355475
-0.00351611
-0.00343279
-0.00331450
-0.00317443
-0.00302270
-0.00286495
-0.00270884
-0.00255647
-0.00240522
-0.00224585
-0.00206820
-0.00186560
-0.00163612
-0.00137811
-0.00109327
-0.00077919
-0.00042540
-0.00002731
0.00040122
0.00084412
0.00129135
0.00173493
0.00216392
0.00256516
0.00292362
0.00323062
0.00348914
0.00371062
0.00390723
0.00408896
0.00426433
0.00444096
0.00461960
0.00480318
0.00499742
0.00519980
0.00539947
0.00557624
0.00571403
0.00581172
0.00587562
0.00591053
0.00592905
0.00594949
0.00597906
0.00602294
0.00609010
0.00618591
0.00630281
0.00641787
0.00650402
0.00654179
0.00652113
0.00643706
0.00628786
0.00608090
0.00582854
0.00553603
0.00520683
0.00486080
0.00452342
0.00421494
0.00394714
0.00372608
0.00354978
0.00340705
0.00328541
0.00317460
0.00306480
0.00294629
0.00280600
0.00264287
0.00245657
0.00223754
0.00198003
0.00168710
0.00136303
0.00101594
0.00066017
0.00031335
-0.00000806
-0.00029079
-0.00052237
-0.00069876
-0.00082870
-0.00093029
-0.00102199
-0.00111781
-0.00122295
-0.00133603
-0.00145598
-0.00157749
-0.00168668
-0.00176650
-0.00179817
-0.00176963
-0.00168473
-0.00155696
-0.00140476
-0.00124499
-0.00109057
-0.00094823
-0.00082270
-0.00072198
-0.00064848
-0.00060190
-0.00058219
-0.00057708
-0.00057378
-0.00057020
-0.00056932
-0.00057297
-0.00058507
-0.00060950
-0.00064427
-0.00068784
-0.00073713
-0.00078501
-0.00082549
-0.00085472
-0.00087467
-0.00088757
-0.00089560
-0.00089998
-0.00089906
-0.00088791
-0.00086136
-0.00082135
-0.00077345
-0.00072094
-0.00067091
-0.00063113
-0.00061303
-0.00063006
-0.00068549
-0.00078073
-0.00091377
-0.00107326
-0.00124133
-0.00140230
-0.00154423
-0.00166017
-0.00174996
-0.00182244
-0.00188685
-0.00194663
-0.00200178
-0.00205873
-0.00212628
-0.00220723
-0.00229715
-0.00239151
-0.00249369
-0.00260658
-0.00272526
-0.00283877
-0.00293774
-0.00301636
-0.00307044
-0.00309679
-0.00308597
-0.00302943
-0.00292273
-0.00276200
-0.00254679
-0.00228316
-0.00198816
-0.00168246
-0.00138708
-0.00111804
-0.00088597
-0.00069310
-0.00053304
-0.00039899
-0.00028329
-0.00017712
-0.00007894
0.00001010
0.00009289
0.00017735
0.00027017
0.00037430
0.00048314
0.00058844
0.00068769
0.00077853
0.00086112
0.00093106
0.00097652
0.00098517
0.00095048
0.00087784
0.00077937
0.00066369
0.00053882
0.00040935
0.00028059
0.00015792
0.00003943
-0.00007458
-0.00017813
-0.00026169
-0.00031857
-0.00035279
-0.00037109
-0.00038077
-0.00038778
-0.00039593
-0.00041129
-0.00044182
-0.00049342
-0.00056771
-0.00066529
-0.00078101
-0.00090544
-0.00102566
-0.00112721
-0.00120759
-0.00126800
-0.00131184
-0.00134619
-0.00138039
-0.00142202
-0.00147750
-0.00155007
-0.00163190
-0.00171235
-0.00178090
-0.00182804
-0.00185208
-0.00185976
-0.00185655
-0.00184410
-0.00182352
-0.00179437
-0.00175771
-0.00171055
-0.00164652
-0.00155747
-0.00143395
-0.00126778
-0.00106450
-0.00084012
-0.00060577
-0.00037101
-0.00014605
0.00005540
0.00022278
0.00036107
0.00047774
0.00057443
0.00064937
0.00070542
0.00074961
0.00078723
0.00082262
0.00086053
0.00090542
0.00096657
0.00105287
0.00116500
0.00129721
0.00144017
0.00158121
0.00170724
0.00181609
0.00191613
0.00201469
0.00211453
0.00221206
0.00230688
0.00240738
0.00251682
0.00263189
0.00274728
0.00284855
0.00291989
0.00295234
0.00293744
0.00287203
0.00275715
0.00259840
0.00240790
0.00219747
0.00198144
0.00177677
0.00159160
0.00142032
0.00125166
0.00107917
0.00090680
0.00074079
0.00058278
0.00043445
0.00029374
0.00016101
0.00003870
-0.00008348
-0.00021990
-0.00036993
-0.00052343
-0.00066945
-0.00079919
-0.00090065
-0.00095995
-0.00097402
-0.00095402
-0.00090909
-0.00084996
-0.00079681
-0.00076472
-0.00075607
-0.00077150
-0.00081103
-0.00087402
-0.00095175
-0.00102709
-0.00108325
-0.00111240
-0.00111616
-0.00109804
-0.00106606
-0.00103215
-0.00100144
-0.00096915
-0.00093320
-0.00090214
-0.00088583
-0.00089561
-0.00093516
-0.00099788
-0.00107581
-0.00116256
-0.00125189
-0.00133682
-0.00141228
-0.00147378
-0.00151730
-0.00154369
-0.00155492
-0.00155116
-0.00153334
-0.00149984
-0.00144838
-0.00138060
-0.00130296
-0.00122504
-0.00115685
-0.00111003
-0.00108892
-0.00109142
-0.00111322
-0.00114825
-0.00118881
-0.00122772
-0.00125733
-0.00127210
-0.00127426
-0.00127492
-0.00127964
-0.00128172
-0.00127294
-0.00125070
-0.00122256
-0.00119838
-0.00118954
-0.00120484
-0.00123790
-0.00127813
-0.00131504
-0.00134148
-0.00135727
-0.00136568
-0.00136269
-0.00133640
-0.00128831
-0.00122941
-0.00117041
-0.00112408
-0.00110424
-0.00112119
-0.00117552
-0.00125775
-0.00135743
-0.00146997
-0.00159307
-0.00172254
-0.00185431
-0.00198050
-0.00209412
-0.00219189
-0.00225993
-0.00227897
-0.00224350
-0.00216000
-0.00204187
-0.00191087
-0.00179439
-0.00170753
-0.00165190
-0.00161999
-0.00159972
-0.00158510
-0.00157353
-0.00155714
-0.00152860
-0.00148460
-0.00142459
-0.00135203
-0.00126932
-0.00117711
-0.00107599
-0.00096501
-0.00084670
-0.00072893
-0.00061354
-0.00049365
-0.00036258
-0.00022052
-0.00007296
0.00007254
0.00021278
0.00034565
0.00046962
0.00057900
0.00066414
0.00072374
0.00077093
0.00081920
0.00088063
0.00096190
0.00106423
0.00119207
0.00134933
0.00153157
0.00173043
0.00194316
0.00216179
0.00236997
0.00255219
0.00269802
0.00280822
0.00289274
0.00296455
0.00303754
0.00311926
0.00321479
0.00333378
0.00348051
0.00364519
0.00380937
0.00395574
0.00406818
0.00413107
0.00413211
0.00406632
0.00394114
0.00377189
0.00357945
0.00339015
0.00322815
0.00311029
0.00304178
0.00301677
0.00302525
0.00305338
0.00308458
0.00310579
0.00311021
0.00309027
0.00303749
0.00294942
0.00282427
0.00265996
0.00246489
0.00225898
0.00206771
0.00190947
0.00178951
0.00169949
0.00162484
0.00155478
0.00148959
0.00143056
0.00137477
0.00132306
0.00127818
0.00124418
0.00122231
0.00121586
0.00122669
0.00124963
0.00127584
0.00129431
0.00129725
0.00128438
0.00125801
0.00122089
0.00117182
0.00110574
0.00102279
0.00092683
0.00082602
0.00073321
0.00065598
0.00059054
0.00052699
0.00046063
0.00038521
0.00029530
0.00019744
0.00010308
0.00001842
-0.00006367
-0.00015549
-0.00026156
-0.00037659
-0.00050065
-0.00064379
-0.00081093
-0.00100357
-0.00121721
-0.00144044
-0.00165661
-0.00184264
-0.00198441
-0.00208332
-0.00215249
-0.00220991
-0.00227250
-0.00235232
-0.00245281
-0.00256638
-0.00267702
-0.00276504
-0.00281114
-0.00279851
-0.00271708
-0.00256794
-0.00236496
-0.00212907
-0.00188177
-0.00164612
-0.00144507
-0.00129682
-0.00120727
-0.00117003
-0.00117907
-0.00122648
-0.00130035
-0.00138926
-0.00148531
-0.00157845
-0.00165565
-0.00170322
-0.00171563
-0.00169408
-0.00164361
-0.00157202
-0.00148258
-0.00137568
-0.00125650
-0.00113035
-0.00100368
-0.00089439
-0.00082326
-0.00079807
-0.00081551
-0.00086749
-0.00094330
-0.00102487
-0.00109570
-0.00114237
-0.00115042
-0.00111258
-0.00103412
-0.00092178
-0.00077357
-0.00058817
-0.00037163
-0.00013953
0.00008509
0.00028358
0.00043934
0.00054264
0.00059313
0.00059312
0.00055085
0.00048326
0.00041340
0.00036157
0.00034742
0.00037982
0.00045397
0.00056040
0.00069534
0.00085538
0.00103445
0.00122908
0.00144294
0.00167942
0.00193658
0.00221150
0.00249931
0.00278803
0.00305869
0.00329791
0.00349234
0.00362402
0.00369112
0.00370618
0.00368896
0.00366625
0.00365884
0.00368299
0.00374257
0.00382829
0.00392245
0.00400609
0.00406595
0.00409325
0.00408014
0.00402047
0.00391086
0.00375860
0.00357828
0.00338786
0.00320176
0.00302700
0.00286704
0.00272788
0.00260980
0.00250888
0.00241564
0.00231929
0.00221304
0.00209480
0.00196718
0.00182811
0.00167394
0.00150496
0.00132661
0.00114476
0.00096681
0.00079858
0.00064744
0.00052060
0.00042485
0.00037202
0.00036866
0.00041135
0.00048367
0.00057162
0.00066410
0.00074958
0.00081917
0.00086511
0.00088029
0.00085954
0.00079990
0.00070276
0.00057368
0.00042126
0.00026100
0.00011148
-0.00001380
-0.00011637
-0.00020355
-0.00027394
-0.00032699
-0.00036698
-0.00040099
-0.00043541
-0.00047528
-0.00052197
-0.00057423
-0.00063080
-0.00069177
-0.00075770
-0.00082366
-0.00087972
-0.00091807
-0.00093717
-0.00094371
-0.00094822
-0.00095733
-0.00097546
-0.00100358
-0.00103757
-0.00107030
-0.00109138
-0.00108989
-0.00105684
-0.00099150
-0.00089729
-0.00077400
-0.00062776
-0.00047011
-0.00031618
-0.00018045
-0.00007346
-0.00000498
0.00002203
0.00001041
-0.00003868
-0.00012191
-0.00023275
-0.00036065
-0.00049610
-0.00063761
-0.00077688
-0.00090274
-0.00101574
-0.00112060
-0.00122042
-0.00131502
-0.00140417
-0.00148413
-0.00155333
-0.00161564
-0.00168015
-0.00174994
-0.00181884
-0.00187981
-0.00193069
-0.00197312
-0.00201403
-0.00205932
-0.00211531
-0.00218605
-0.00226843
-0.00235112
-0.00242486
-0.00247806
-0.00250476
-0.00250565
-0.00247520
-0.00240712
-0.00230476
-0.00217811
-0.00203954
-0.00190320
-0.00178514
-0.00170316
-0.00167089
-0.00169031
-0.00176086
-0.00187414
-0.00200960
-0.00214634
-0.00226421
-0.00234896
-0.00239559
-0.00240497
-0.00237957
-0.00232708
-0.00226062
-0.00219239
-0.00213452
-0.00209357
-0.00207076
-0.00206697
-0.00207243
-0.00207157
-0.00205363
-0.00201302
-0.00194336
-0.00184557
-0.00172861
-0.00160140
-0.00147214
-0.00134541
-0.00122433
-0.00110910
-0.00099939
-0.00089211
-0.00078481
-0.00067667
-0.00056847
-0.00046668
-0.00038196
-0.00032381
-0.00029642
-0.00030132
-0.00033537
-0.00039049
-0.00045763
-0.00052936
-0.00060019
-0.00066582
-0.00072234
-0.00076589
-0.00079578
-0.00081965
-0.00084525
-0.00087545
-0.00091152
-0.00095760
-0.00102142
-0.00110933
-0.00122030
-0.00134149
-0.00145848
-0.00155640
-0.00162200
-0.00164891
-0.00164019
-0.00160967
-0.00157480
-0.00155009
-0.00154789
-0.00157792
-0.00164182
-0.00173412
-0.00184509
-0.00196346
-0.00207619
-0.00217372
-0.00224697
-0.00228503
-0.00228021
-0.00223479
-0.00216073
-0.00206463
-0.00195061
-0.00181895
-0.00167311
-0.00151577
-0.00134293
-0.00115614
-0.00096110
-0.00076603
-0.00058272
-0.00042488
-0.00029968
-0.00020644
-0.00014555
-0.00011353
-0.00010360
-0.00011297
-0.00013497
-0.00015744
-0.00016934
-0.00016896
-0.00016629
-0.00017117
-0.00018943
-0.00022673
-0.00028570
-0.00036285
-0.00045371
-0.00055085
-0.00064008
-0.00071166
-0.00075703
-0.00076846
-0.00074522
-0.00068934
-0.00060510
-0.00049767
-0.00036970
-0.00022654
-0.00008049
0.00005964
0.00019349
0.00032348
0.00045411
0.00058689
0.00072210
0.00085848
0.00099139
0.00111293
0.00121952
0.00131616
0.00140803
0.00149557
0.00157067
0.00162923
0.00167318
0.00170446
0.00172209
0.00171895
0.00169460
0.00165383
0.00160189
0.00154629
0.00149584
0.00145743
0.00143548
0.00142953
0.00142784
0.00142509
0.00141943
0.00141091
0.00140470
0.00140258
0.00140359
0.00140185
0.00139343
0.00138006
0.00135804
0.00132809
0.00129845
0.00127989
0.00128904
0.00133194
0.00140770
0.00151250
0.00163531
0.00176897
0.00192073
0.00210018
0.00230786
0.00253046
0.00274998
0.00294952
0.00311397
0.00323421
0.00330593
0.00332840
0.00330628
0.00325460
0.00318887
0.00312011
0.00305749
0.00300376
0.00295364
0.00289617
0.00282343
0.00273642
0.00263689
0.00252809
0.00241602
0.00230602
0.00220560
0.00211832
0.00205106
0.00200705
0.00197743
0.00194834
0.00191004
0.00185340
0.00177236
0.00166467
0.00153123
0.00138207
0.00122769
0.00107895
0.00095230
0.00085801
0.00079460
0.00075851
0.00073906
0.00071899
0.00067742
0.00060108
0.00049136
0.00036010
0.00022271
0.00009013
-0.00003376
-0.00014963
-0.00025852
-0.00036440
-0.00047105
-0.00058147
-0.00069793
-0.00081869
-0.00094362
-0.00107241
-0.00119630
-0.00130654
-0.00139973
-0.00147637
-0.00153409
-0.00157013
-0.00158294
-0.00157261
-0.00154934
-0.00152907
-0.00152636
-0.00155113
-0.00160303
-0.00167362
-0.00174988
-0.00181711
-0.00186582
-0.00189231
-0.00189542
-0.00187589
-0.00183332
-0.00176905
-0.00168296
-0.00157632
-0.00145071
-0.00130718
-0.00115360
-0.00100282
-0.00086131
-0.00073494
-0.00062269
-0.00051684
-0.00041192
-0.00029486
-0.00014726
0.00003724
0.00025748
0.00051099
0.00078577
0.00106368
0.00133409
0.00159392
0.00184723
0.00209153
0.00231968
0.00252242
0.00269756
0.00284714
0.00297371
0.00307931
0.00316775
0.00324053
0.00329343
0.00332332
0.00333219
0.00331554
0.00326739
0.00319228
0.00309365
0.00296763
0.00281219
0.00262858
0.00241476
0.00217277
0.00191613
0.00165940
0.00141441
0.00119062
0.00099503
0.00083545
0.00071920
0.00064356
0.00059554
0.00055826
0.00051332
0.00045233
0.00036968
0.00025926
0.00011911
-0.00004474
-0.00022204
-0.00040356
-0.00057956
-0.00073370
-0.00085349
-0.00093309
-0.00097301
-0.00097743
-0.00095236
-0.00091382
-0.00088249
-0.00087220
-0.00088696
-0.00091986
-0.00096251
-0.00100579
-0.00103896
-0.00105698
-0.00105977
-0.00104907
-0.00102603
-0.00098672
-0.00092689
-0.00085199
-0.00077256
-0.00069898
-0.00064697
-0.00063491
-0.00066869
-0.00074255
-0.00085058
-0.00098096
-0.00112081
-0.00125730
-0.00137450
-0.00146224
-0.00151435
-0.00152709
-0.00150508
-0.00146030
-0.00140513
-0.00134992
-0.00130399
-0.00127337
-0.00126395
-0.00127366
-0.00130098
-0.00134611
-0.00140421
-0.00146950
-0.00153416
-0.00159286
-0.00164281
-0.00168014
-0.00170434
-0.00171628
-0.00171429
-0.00169501
-0.00166023
-0.00162025
-0.00158726
-0.00156955
-0.00157712
-0.00161025
-0.00166021
-0.00171416
-0.00175537
-0.00177200
-0.00176283
-0.00173453
-0.00169593
-0.00165495
-0.00161262
-0.00157161
-0.00153881
-0.00151506
-0.00149912
-0.00148974
-0.00149046
-0.00150474
-0.00152892
-0.00155652
-0.00158326
-0.00160528
-0.00161776
-0.00161852
-0.00160842
-0.00159099
-0.00157314
-0.00156439
-0.00157150
-0.00159655
-0.00163523
-0.00167737
-0.00171507
-0.00174136
-0.00174944
-0.00173965
-0.00171524
-0.00168031
-0.00164018
-0.00159703
-0.00154617
-0.00147413
-0.00136416
-0.00121002
-0.00101595
-0.00079601
-0.00056972
-0.00035878
-0.00017803
-0.00003536
0.00006414
0.00011944
0.00013317
0.00011355
0.00007051
0.00001708
-0.00003606
-0.00007959
-0.00010784
-0.00012468
-0.00013514
-0.00014267
-0.00015624
-0.00018241
-0.00021753
-0.00025426
-0.00028323
-0.00029495
-0.00028314
-0.00025238
-0.00020961
-0.00015785
-0.00010094
-0.00004678
-0.00000290
0.00002258
0.00002158
-0.00001061
-0.00006478
-0.00012070
-0.00016047
-0.00017924
-0.00018190
-0.00017693
-0.00017985
-0.00020357
-0.00025641
-0.00033819
-0.00043518
-0.00052698
-0.00060082
-0.00065325
-0.00067709
-0.00066812
-0.00062910
-0.00057139
-0.00050654
-0.00044060
-0.00037335
-0.00029859
-0.00020688
-0.00008801
0.00006579
0.00025011
0.00045558
0.00067526
0.00089971
0.00111873
0.00132438
0.00150792
0.00165947
0.00177358
0.00184906
0.00188911
0.00189871
0.00188371
0.00185674
0.00183160
0.00182371
0.00184349
0.00189812
0.00198762
0.00209766
0.00221399
0.00232857
0.00243596
0.00253004
0.00259731
0.00262582
0.00261428
0.00256998
0.00250201
0.00241910
0.00233496
0.00226939
0.00223889
0.00224497
0.00227998
0.00233187
0.00239124
0.00245714
0.00252948
0.00260817
0.00268839
0.00276353
0.00282904
0.00287661
0.00289520
0.00287979
0.00283154
0.00275434
0.00265793
0.00255885
0.00247162
0.00239465
0.00231880
0.00224398
0.00217548
0.00211374
0.00205621
0.00199402
0.00191310
0.00180324
0.00166339
0.00149989
0.00132267
0.00114260
0.00096256
0.00078521
0.00061467
0.00045345
0.00030908
0.00018944
0.00010111
0.00004812
0.00002721
0.00002935
0.00004505
0.00005989
0.00006293
0.00005052
0.00002611
-0.00000136
-0.00002930
-0.00006149
-0.00009097
-0.00010424
-0.00009082
-0.00004834
0.00001899
0.00010020
0.00018489
0.00026827
0.00034636
0.00041724
0.00048098
0.00053538
0.00057544
0.00060660
0.00063875
0.00067557
0.00070698
0.00071915
0.00070661
0.00066985
0.00061448
0.00054899
0.00048218
0.00042412
0.00038724
0.00037511
0.00038375
0.00040849
0.00043957
0.00046023
0.00045486
0.00041901
0.00035116
0.00024938
0.00011701
-0.00003729
-0.00020144
-0.00036244
-0.00050771
-0.00063053
-0.00072717
-0.00079853
-0.00084960
-0.00088954
-0.00092748
-0.00096797
-0.00100602
-0.00103744
-0.00106166
-0.00108258
-0.00110654
-0.00113741
-0.00117384
-0.00121181
-0.00124871
-0.00128503
-0.00132007
-0.00134773
-0.00135967
-0.00134996
-0.00131596
-0.00125861
-0.00117976
-0.00108293
-0.00097774
-0.00087166
-0.00076746
-0.00067210
-0.00059255
-0.00052373
-0.00045921
-0.00039511
-0.00032770
-0.00025458
-0.00017209
-0.00008397
0.00001027
0.00010901
0.00020749
0.00030093
0.00038506
0.00046004
0.00052234
0.00057121
0.00061080
0.00064336
0.00066672
0.00068166
0.00069209
0.00070243
0.00071567
0.00073326
0.00075911
0.00079646
0.00084093
0.00088918
0.00094602
0.00101371
0.00108431
0.00114649
0.00119187
0.00121445
0.00121642
0.00120674
0.00119105
0.00116860
0.00114242
0.00112074
0.00111199
0.00111348
0.00111910
0.00112624
0.00113680
0.00114787
0.00115233
0.00114060
0.00110121
0.00102540
0.00091101
0.00076156
0.00058614
0.00039391
0.00019721
0.00000133
-0.00020025
-0.00041129
-0.00062859
-0.00084862
-0.00106772
-0.00128001
-0.00147421
-0.00164437
-0.00178853
-0.00190647
-0.00199800
-0.00206114
-0.00209146
-0.00208684
-0.00204737
-0.00197649
-0.00188499
-0.00179094
-0.00171152
-0.00165333
-0.00161634
-0.00159734
-0.00159282
-0.00159692
-0.00160315
-0.00160888
-0.00161050
-0.00160082
-0.00157218
-0.00152132
-0.00144629
-0.00135337
-0.00125355
-0.00115936
-0.00108548
-0.00103146
-0.00098636
-0.00094440
-0.00090701
-0.00088229
-0.00088214
-0.00090828
-0.00095367
-0.00101103
-0.00107999
-0.00116330
-0.00126267
-0.00137444
-0.00148702
-0.00158822
-0.00166859
-0.00172013
-0.00174063
-0.00173386
-0.00170145
-0.00164386
-0.00156937
-0.00149453
-0.00143395
-0.00139082
-0.00136612
-0.00136785
-0.00140729
-0.00148488
-0.00159529
-0.00172723
-0.00186684
-0.00199634
-0.00210016
-0.00217060
-0.00220176
-0.00219255
-0.00215145
-0.00209204
-0.00202082
-0.00194402
-0.00186843
-0.00179412
-0.00172571
-0.00167191
-0.00163121
-0.00159789
-0.00156388
-0.00151965
-0.00146214
-0.00139190
-0.00131615
-0.00124693
-0.00118730
-0.00112590
-0.00105252
-0.00097192
-0.00089334
-0.00081819
-0.00074540
-0.00067305
-0.00059865
-0.00052572
-0.00045367
-0.00037988
-0.00030467
-0.00023069
-0.00016128
-0.00010167
-0.00005357
-0.00001859
0.00000809
0.00003151
0.00005138
0.00006663
0.00008045
0.00009748
0.00011889
0.00014782
0.00018642
0.00024065
0.00031461
0.00040064
0.00048660
0.00056159
0.00062249
0.00066454
0.00068262
0.00068165
0.00066964
0.00066248
0.00067712
0.00071743
0.00077758
0.00085252
0.00094132
0.00104524
0.00116536
0.00130107
0.00144601
0.00159210
0.00173490
0.00187002
0.00198813
0.00208402
0.00215989
0.00221906
0.00225927
0.00227723
0.00227450
0.00225995
0.00224449
0.00223768
0.00224045
0.00224336
0.00224201
0.00223475
0.00221733
0.00218539
0.00212970
0.00204319
0.00192511
0.00178190
0.00161940
0.00144142
0.00125966
0.00108642
0.00093224
0.00080089
0.00068948
0.00059309
0.00050757
0.00042674
0.00034523
0.00025683
0.00016077
0.00005428
-0.00006352
-0.00018964
-0.00031921
-0.00044505
-0.00056016
-0.00066049
-0.00073882
-0.00079129
-0.00082360
-0.00084321
-0.00085096
-0.00084799
-0.00083819
-0.00082805
-0.00082585
-0.00083633
-0.00085902
-0.00088918
-0.00092313
-0.00096401
-0.00102198
-0.00110180
-0.00119637
-0.00129633
-0.00139784
-0.00150111
-0.00159776
-0.00167757
-0.00173841
-0.00178106
-0.00180723
-0.00182040
-0.00182254
-0.00181376
-0.00179578
-0.00177094
-0.00174533
-0.00172023
-0.00168850
-0.00164447
-0.00159013
-0.00153243
-0.00147520
-0.00141774
-0.00136001
-0.00130346
-0.00124873
-0.00118893
-0.00111230
-0.00101433
-0.00089786
-0.00076694
-0.00062396
-0.00047656
-0.00033374
-0.00020664
-0.00010053
-0.00001459
0.00004930
0.00009308
0.00012067
0.00013183
0.00012987
0.00011525
0.00008787
0.00005201
0.00001609
-0.00001462
-0.00003700
-0.00004731
-0.00004421
-0.00002903
-0.00000397
0.00003145
0.00008005
0.00014436
0.00021977
0.00030081
0.00037922
0.00044813
0.00050628
0.00055483
0.00059745
0.00063510
0.00067251
0.00071263
0.00075563
0.00080039
0.00084323
0.00088356
0.00092142
0.00095285
0.00097475
0.00099188
0.00101248
0.00104367
0.00108422
0.00113719
0.00120446
0.00127902
0.00135155
0.00141539
0.00146338
0.00149246
0.00150455
0.00149721
0.00146415
0.00140766
0.00133781
0.00126404
0.00119506
0.00114316
0.00111859
0.00112615
0.00116420
0.00122186
0.00128472
0.00133833
0.00137630
0.00139698
0.00140326
0.00139449
0.00137232
0.00134565
0.00132578
0.00131477
0.00131240
0.00131595
0.00132098
0.00132597
0.00132955
0.00133180
0.00133137
0.00132678
0.00131440
0.00129153
0.00125476
0.00120208
0.00113574
0.00105626
0.00096327
0.00086226
0.00076246
0.00067156
0.00059094
0.00051394
0.00043445
0.00035049
0.00026184
0.00016992
0.00007638
-0.00001786
-0.00011728
-0.00022357
-0.00032919
-0.00041985
-0.00048127
-0.00051137
-0.00051855
-0.00050906
-0.00049093
-0.00046998
-0.00044379
-0.00040584
-0.00035709
-0.00030870
-0.00026858
-0.00023665
-0.00020985
-0.00018635
-0.00016421
-0.00014589
-0.00014180
-0.00015526
-0.00017995
-0.00021252
-0.00025468
-0.00029996
-0.00033241
-0.00033586
-0.00030915
-0.00026138
-0.00020025
-0.00013061
-0.00004928
0.00005338
0.00018178
0.00033133
0.00049529
0.00066452
0.00083569
0.00100569
0.00116943
0.00132098
0.00145089
0.00155116
0.00161929
0.00165386
0.00166180
0.00165506
0.00164298
0.00163209
0.00162042
0.00160784
0.00159841
0.00159147
0.00158589
0.00158138
0.00157330
0.00155380
0.00152045
0.00147571
0.00141567
0.00133615
0.00123683
0.00112220
0.00099741
0.00086236
0.00071643
0.00056269
0.00040925
0.00026526
0.00013614
0.00002495
-0.00007075
-0.00016406
-0.00026052
-0.00035385
-0.00043344
-0.00049457
-0.00054038
-0.00057934
-0.00061854
-0.00065791
-0.00069200
-0.00071456
-0.00072293
-0.00071722
-0.00070163
-0.00068683
-0.00068224
-0.00069669
-0.00073327
-0.00078768
-0.00085560
-0.00092828
-0.00099095
-0.00103780
-0.00106872
-0.00107919
-0.00106668
-0.00103095
-0.00097213
-0.00089692
-0.00081536
-0.00073749
-0.00067128
-0.00062598
-0.00060775
-0.00061591
-0.00064672
-0.00069682
-0.00075928
-0.00082679
-0.00089235
-0.00095707
-0.00102466
-0.00109378
-0.00115904
-0.00121024
-0.00124105
-0.00125139
-0.00125025
-0.00124426
-0.00123294
-0.00120985
-0.00116780
-0.00110619
-0.00103016
-0.00095446
-0.00088936
-0.00083748
-0.00079865
-0.00076801
-0.00074567
-0.00074024
-0.00075714
-0.00079237
-0.00084240
-0.00090659
-0.00097865
-0.00105125
-0.00112151
-0.00118517
-0.00123575
-0.00127064
-0.00129306
-0.00130512
-0.00130325
-0.00128876
-0.00126140
-0.00121791
-0.00115564
-0.00107242
-0.00096745
-0.00084536
-0.00071690
-0.00058889
-0.00046601
-0.00035272
-0.00025229
-0.00016542
-0.00008722
-0.00000713
0.00008200
0.00017693
0.00026562
0.00034000
0.00039289
0.00041767
0.00041350
0.00038127
0.00032648
0.00025752
0.00018341
0.00011211
0.00004752
-0.00000504
-0.00003690
-0.00003854
-0.00000553
0.00005699
0.00014197
0.00024331
0.00035490
0.00047117
0.00058526
0.00069299
0.00079021
0.00087376
0.00094201
0.00099124
0.00102336
0.00104363
0.00105604
0.00106741
0.00108795
0.00111920
0.00115639
0.00119640
0.00123228
0.00125431
0.00125631
0.00123914
0.00120659
0.00116220
0.00110359
0.00103400
0.00096961
0.00091963
0.00088563
0.00086747
0.00086232
0.00086657
0.00087571
0.00088085
0.00087332
0.00084764
0.00080351
0.00074814
0.00069185
0.00064072
0.00059843
0.00056558
0.00053840
0.00051129
0.00047653
0.00042854
0.00036727
0.00029227
0.00020302
0.00010539
0.00000898
-0.00007825
-0.00015368
-0.00021620
-0.00026163
-0.00029156
-0.00030926
-0.00031364
-0.00031096
-0.00031037
-0.00031682
-0.00033246
-0.00035506
-0.00038409
-0.00041749
-0.00045158
-0.00048233
-0.00051238
-0.00054743
-0.00058781
-0.00063274
-0.00067906
-0.00072378
-0.00076942
-0.00081399
-0.00084795
-0.00086671
-0.00087160
-0.00086627
-0.00085558
-0.00084323
-0.00082874
-0.00081129
-0.00078982
-0.00076765
-0.00074949
-0.00073414
-0.00071196
-0.00067325
-0.00061397
-0.00053504
-0.00044223
-0.00034625
-0.00025763
-0.00018245
-0.00012291
-0.00008095
-0.00005916
-0.00005137
-0.00004526
-0.00002596
0.00001444
0.00007986
0.00017055
0.00028581
0.00042149
0.00056566
0.00070326
0.00081741
0.00089206
0.00092213
0.00091803
0.00089444
0.00086166
0.00082972
0.00080368
0.00077834
0.00075033
0.00072121
0.00069843
0.00068966
0.00069303
0.00070303
0.00071677
0.00073042
0.00074184
0.00075056
0.00075614
0.00075521
0.00073898
0.00070519
0.00066136
0.00061520
0.00057037
0.00053156
0.00050464
0.00048752
0.00047916
0.00047835
0.00047911
0.00047471
0.00045476
0.00040799
0.00033147
0.00023247
0.00012409
0.00001079
-0.00010828
-0.00023051
-0.00035449
-0.00047552
-0.00058944
-0.00068928
-0.00077178
-0.00083371
-0.00087433
-0.00090181
-0.00092672
-0.00095179
-0.00097481
-0.00099878
-0.00102926
-0.00106568
-0.00110252
-0.00113457
-0.00115796
-0.00116546
-0.00115605
-0.00113817
-0.00111518
-0.00108835
-0.00105984
-0.00103274
-0.00101341
-0.00100264
-0.00100258
-0.00101602
-0.00104332
-0.00108067
-0.00111779
-0.00114370
-0.00115426
-0.00114828
-0.00112765
-0.00109367
-0.00104562
-0.00098016
-0.00089570
-0.00079366
-0.00067642
-0.00054846
-0.00041298
-0.00027661
-0.00015061
-0.00004507
0.00003391
0.00008623
0.00011488
0.00012258
0.00011664
0.00010400
0.00008886
0.00007392
0.00006238
0.00005650
0.00004950
0.00003235
0.00000315
-0.00003549
-0.00007977
-0.00012258
-0.00015731
-0.00018434
-0.00020312
-0.00020830
-0.00019375
-0.00015640
-0.00010287
-0.00004635
0.00000363
0.00004361
0.00007501
0.00010586
0.00013960
0.00017905
0.00022955
0.00029494
0.00037424
0.00045900
0.00053961
0.00060528
0.00064920
0.00066358
0.00064420
0.00059329
0.00051983
0.00043839
0.00036613
0.00031537
0.00028690
0.00027660
0.00028328
0.00030337
0.00033179
0.00035993
0.00038470
0.00041209
0.00044958
0.00050170
0.00056436
0.00063203
0.00069804
0.00075641
0.00079909
0.00081420
0.00078946
0.00072806
0.00064637
0.00055883
0.00047498
0.00040133
0.00034354
0.00030548
0.00028447
0.00027286
0.00025745
0.00022555
0.00017866
0.00012316
0.00005892
-0.00001128
-0.00008638
-0.00016396
-0.00023804
-0.00030379
-0.00035802
-0.00039902
-0.00042788
-0.00044923
-0.00046871
-0.00049409
-0.00052999
-0.00057068
-0.00060556
-0.00062067
-0.00060556
-0.00056395
-0.00050373
-0.00042900
-0.00034690
-0.00026807
-0.00020706
-0.00017497
-0.00017489
-0.00019521
-0.00022152
-0.00024091
-0.00024602
-0.00023204
-0.00020480
-0.00017031
-0.00013145
-0.00009279
-0.00006484
-0.00006276
-0.00008991
-0.00013607
-0.00018877
-0.00024006
-0.00028747
-0.00033065
-0.00036971
-0.00040238
-0.00042516
-0.00044050
-0.00046019
-0.00049050
-0.00053378
-0.00058905
-0.00065262
-0.00072016
-0.00078716
-0.00084883
-0.00090162
-0.00094763
-0.00098895
-0.00102315
-0.00104867
-0.00106334
-0.00106064
-0.00103234
-0.00098086
-0.00091541
-0.00084116
-0.00076373
-0.00068449
-0.00060492
-0.00053194
-0.00047543
-0.00044051
-0.00043166
-0.00044762
-0.00047871
-0.00051020
-0.00053170
-0.00053808
-0.00052683
-0.00049766
-0.00045205
-0.00039112
-0.00032000
-0.00025080
-0.00018975
-0.00013134
-0.00006979
-0.00000173
0.00007675
0.00016510
0.00026136
0.00036387
0.00046562
0.00055917
0.00063731
0.00069703
0.00074220
0.00077281
0.00078800
0.00079678
0.00081141
0.00084625
0.00090275
0.00098258
0.00106173
0.00114668
0.00123977
0.00133543
0.00142196
0.00149176
0.00154206
0.00157204
0.00158023
0.00157192
0.00155504
0.00152588
0.00148066
0.00142705
0.00137597
0.00133325
0.00129971
0.00126786
0.00123257
0.00120123
0.00118430
0.00118284
0.00118943
0.00119546
0.00119546
0.00119113
0.00118694
0.00118735
0.00119601
0.00121396
0.00123768
0.00125662
0.00125508
0.00122388
0.00116433
0.00108308
0.00098509
0.00087327
0.00075388
0.00063736
0.00052847
0.00042674
0.00033048
0.00024363
0.00016913
0.00010432
0.00004620
-0.00001179
-0.00007854
-0.00015991
-0.00025875
-0.00036905
-0.00047842
-0.00057859
-0.00066663
-0.00073900
-0.00079570
-0.00083740
-0.00086795
-0.00088833
-0.00089334
-0.00088521
-0.00086632
-0.00084214
-0.00081794
-0.00079954
-0.00078868
-0.00078551
-0.00078839
-0.00079826
-0.00081843
-0.00084617
-0.00087352
-0.00090009
-0.00092615
-0.00094621
-0.00095938
-0.00096763
-0.00097467
-0.00098171
-0.00098917
-0.00099714
-0.00100329
-0.00100371
-0.00099638
-0.00097751
-0.00094149
-0.00088499
-0.00081123
-0.00072862
-0.00064551
-0.00056828
-0.00049950
-0.00044234
-0.00039554
-0.00035094
-0.00030691
-0.00026413
-0.00021731
-0.00015951
-0.00008885
-0.00000856
0.00007767
0.00016459
0.00024558
0.00031924
0.00038372
0.00043476
0.00046938
0.00048512
0.00048604
0.00048115
0.00047649
0.00047334
0.00046850
0.00045721
0.00044010
0.00042505
0.00041910
0.00041872
0.00041361
0.00039413
0.00036312
0.00033305
0.00031341
0.00030595
0.00031068
0.00032663
0.00034700
0.00036384
0.00037195
0.00036516
0.00033982
0.00029808
0.00024745
0.00019278
0.00013391
0.00007057
0.00000428
-0.00006258
-0.00013082
-0.00020428
-0.00028524
-0.00036902
-0.00045166
-0.00053341
-0.00061180
-0.00068355
-0.00074691
-0.00079707
-0.00082944
-0.00084270
-0.00084065
-0.00082884
-0.00080958
-0.00078489
-0.00075483
-0.00071896
-0.00067944
-0.00063709
-0.00058662
-0.00052475
-0.00045167
-0.00036799
-0.00027945
-0.00019434
-0.00011969
-0.00006089
-0.00001838
0.00001362
0.00004438
0.00007782
0.00011218
0.00014375
0.00017082
0.00019603
0.00022383
0.00025410
0.00027929
0.00029903
0.00031765
0.00033860
0.00036285
0.00039235
0.00043078
0.00047936
0.00054265
0.00062253
0.00071805
0.00082278
0.00092559
0.00102225
0.00110716
0.00117750
0.00123876
0.00129426
0.00134577
0.00139875
0.00145907
0.00152232
0.00157956
0.00163174
0.00168589
0.00174450
0.00180052
0.00184650
0.00188122
0.00190412
0.00191344
0.00191482
0.00191540
0.00191345
0.00190050
0.00187350
0.00183035
0.00177009
0.00169416
0.00159920
0.00148218
0.00134686
0.00120255
0.00105659
0.00091540
0.00078792
0.00068107
0.00059326
0.00052316
0.00047351
0.00044300
0.00042428
0.00040820
0.00038773
0.00036010
0.00032350
0.00027645
0.00022464
0.00018024
0.00015203
0.00014056
0.00014510
0.00016001
0.00017619
0.00018353
0.00017434
0.00014514
0.00009528
0.00002187
-0.00007536
-0.00018718
-0.00030059
-0.00040536
-0.00049482
-0.00056575
-0.00061844
-0.00065391
-0.00067254
-0.00067534
-0.00066684
-0.00065228
-0.00063040
-0.00059915
-0.00056452
-0.00053769
-0.00052798
-0.00053936
-0.00056641
-0.00060430
-0.00064999
-0.00069876
-0.00075005
-0.00080784
-0.00086907
-0.00092645
-0.00097120
-0.00099678
-0.00100008
-0.00098036
-0.00094156
-0.00089090
-0.00083882
-0.00079405
-0.00076212
-0.00074831
-0.00075510
-0.00078068
-0.00082268
-0.00087239
-0.00092125
-0.00096385
-0.00099860
-0.00102908
-0.00105629
-0.00107656
-0.00108543
-0.00108268
-0.00106866
-0.00104284
-0.00100454
-0.00095341
-0.00089664
-0.00084765
-0.00081740
-0.00081237
-0.00083117
-0.00087043
-0.00092458
-0.00098266
-0.00103265
-0.00106637
-0.00108038
-0.00107703
-0.00106468
-0.00105234
-0.00104707
-0.00105331
-0.00107253
-0.00110650
-0.00115571
-0.00121126
-0.00126318
-0.00130394
-0.00133212
-0.00135283
-0.00136728
-0.00137423
-0.00137280
-0.00136197
-0.00134255
-0.00131432
-0.00127795
-0.00123817
-0.00119762
-0.00116007
-0.00113075
-0.00111291
-0.00110650
-0.00111094
-0.00112183
-0.00113196
-0.00113855
-0.00113853
-0.00113055
-0.00111088
-0.00107204
-0.00101364
-0.00094053
-0.00085679
-0.00076544
-0.00067244
-0.00058216
-0.00049911
-0.00042805
-0.00037020
-0.00032386
-0.00028421
-0.00024737
-0.00021060
-0.00016930
-0.00011964
-0.00006005
0.00000760
0.00007787
0.00014733
0.00021625
0.00028608
0.00035778
0.00042999
0.00050072
0.00056672
0.00062550
0.00067571
0.00071925
0.00075846
0.00079506
0.00082885
0.00086163
0.00089547
0.00093067
0.00096652
0.00100378
0.00104360
0.00108325
0.00111847
0.00114571
0.00116014
0.00115866
0.00114248
0.00111436
0.00107367
0.00101987
0.00095450
0.00088156
0.00080636
0.00073393
0.00066926
0.00061817
0.00058276
0.00055855
0.00053958
0.00052369
0.00050991
0.00049726
0.00048442
0.00047125
0.00045595
0.00043695
0.00041382
0.00039067
0.00037417
0.00036793
0.00037100
0.00037752
0.00038209
0.00038234
0.00038014
0.00037793
0.00037374
0.00036364
0.00034876
0.00033077
0.00031264
0.00029773
0.00028741
0.00028202
0.00028196
0.00028812
0.00030131
0.00032078
0.00034370
0.00036811
0.00039192
0.00041279
0.00042898
0.00044036
0.00044884
0.00045633
0.00046303
0.00046842
0.00047102
0.00047102
0.00047008
0.00046538
0.00045539
0.00044181
0.00042697
0.00041302
0.00040025
0.00038752
0.00037372
0.00035847
0.00034090
0.00032089
0.00029946
0.00027660
0.00025418
0.00023521
0.00022004
0.00020803
0.00020120
0.00020266
0.00021244
0.00022584
0.00023996
0.00025575
0.00027299
0.00028891
0.00030284
0.00031456
0.00032107
0.00032127
0.00031635
0.00030861
0.00029947
0.00028627
0.00026679
0.00024177
0.00021330
0.00018229
0.00015031
0.00011905
0.00008832
0.00006141
0.00004424
0.00004035
0.00004760
0.00006027
0.00007307
0.00008416
0.00009223
0.00009470
0.00008874
0.00007220
0.00004589
0.00001318
-0.00002111
-0.00005318
-0.00008181
-0.00010827
-0.00013549
-0.00016361
-0.00019024
-0.00021236
-0.00022703
-0.00023305
-0.00023056
-0.00022176
-0.00021059
-0.00020051
-0.00019264
-0.00018760
-0.00018833
-0.00019622
-0.00021059
-0.00022933
-0.00025079
-0.00027435
-0.00029952
-0.00032482
-0.00034680
-0.00036195
-0.00036938
-0.00036989
-0.00036499
-0.00035448
-0.00033688
-0.00031345
-0.00028758
-0.00026098
-0.00023347
-0.00020611
-0.00018204
-0.00016150
-0.00014280
-0.00012465
-0.00010572
-0.00008611
-0.00006735
-0.00005126
-0.00003990
-0.00003297
-0.00002808
-0.00002292
-0.00001696
-0.00000990
-0.00000183
0.00000622
0.00001273
0.00001606
0.00001652
0.00001606
0.00001626
0.00001755
0.00001928
0.00002124
0.00002413
0.00002719
0.00002872
0.00002756
0.00002322
0.00001606
0.00000725
-0.00000210
-0.00001162
-0.00002078
-0.00002838
-0.00003416
-0.00003919
-0.00004415
-0.00004953
-0.00005582
-0.00006243
-0.00006858
-0.00007353
-0.00007671
-0.00007772
-0.00007685
-0.00007502
-0.00007351
-0.00007377
-0.00007677
-0.00008214
-0.00008955
-0.00009873
-0.00010737
-0.00011288
-0.00011415
-0.00011111
-0.00010418
-0.00009430
-0.00008309
-0.00007253
-0.00006421
-0.00005845
-0.00005479
-0.00005287
-0.00005261
-0.00005387
-0.00005656
-0.00006029
-0.00006489
-0.00006983
-0.00007472
-0.00007906
-0.00008255
-0.00008563
-0.00008864
-0.00009213
-0.00009627
-0.00010031
-0.00010333
-0.00010453
-0.00010291
-0.00009777
-0.00008934
-0.00007834
-0.00006578
-0.00005342
-0.00004298
-0.00003490
-0.00002849
-0.00002268
-0.00001671
-0.00001079
-0.00000529
-0.00000049
0.00000372
0.00000726
0.00000970
0.00001052
0.00000998
0.00000917
0.00000919
0.00001066
0.00001384
0.00001840
0.00002403
0.00003067
0.00003808
0.00004593
0.00005377
0.00006108
0.00006751
0.00007295
0.00007737
0.00008119
0.00008470
0.00008779
0.00009028
0.00009220
0.00009348
0.00009414
0.00009433
0.00009392
0.00009261
0.00009017
0.00008658
0.00008182
0.00007611
0.00006985
0.00006340
0.00005710
0.00005126
0.00004618
0.00004183
0.00003803
0.00003516
0.00003345
0.00003243
0.00003160
0.00003073
0.00002962
0.00002790
0.00002514
0.00002098
0.00001555
0.00000929
0.00000276
-0.00000329
-0.00000844
-0.00001271
-0.00001600
-0.00001839
-0.00002001
-0.00002090
-0.00002107
-0.00002080
-0.00002053
-0.00002054
-0.00002086
-0.00002141
-0.00002200
-0.00002238
-0.00002227
-0.00002146
-0.00001999
-0.00001800
-0.00001577
-0.00001362
-0.00001185
-0.00001054
-0.00000959
-0.00000893
-0.00000845
-0.00000812
-0.00000796
-0.00000793
-0.00000798
-0.00000807
-0.00000811
-0.00000804
-0.00000782
-0.00000742
-0.00000686
-0.00000618
-0.00000541
-0.00000461
-0.00000384
-0.00000320
-0.00000285
-0.00000285
-0.00000316
-0.00000368
-0.00000433
-0.00000502
-0.00000565
-0.00000611
-0.00000634
-0.00000634
-0.00000615
-0.00000584
-0.00000547
-0.00000511
-0.00000476
-0.00000443
-0.00000415
-0.00000394
-0.00000379
-0.00000363
-0.00000341
-0.00000310
-0.00000270
-0.00000229
-0.00000193
-0.00000168
-0.00000153
-0.00000146
-0.00000143
-0.00000138
-0.00000131
-0.00000122
-0.00000113
-0.00000104
-0.00000096
-0.00000090
-0.00000085
-0.00000085
-0.00000090
-0.00000105
-0.00000129
-0.00000159
-0.00000189
-0.00000212
-0.00000226
-0.00000228
-0.00000221
-0.00000207
-0.00000192
-0.00000176
-0.00000162
-0.00000152
-0.00000146
-0.00000145
-0.00000145
-0.00000146
-0.00000147
-0.00000147
-0.00000147
-0.00000145
-0.00000142
-0.00000138
-0.00000136
-0.00000134
-0.00000132
-0.00000132
-0.00000133
-0.00000135
-0.00000136
-0.00000137
-0.00000136
-0.00000133
-0.00000126
-0.00000118
-0.00000110
-0.00000102
-0.00000095
-0.00000089
-0.00000084
-0.00000080
-0.00000075
-0.00000069
-0.00000063
-0.00000055
-0.00000047
-0.00000038
-0.00000030
-0.00000021
-0.00000013
-0.00000004
0.00000004
0.00000012
0.00000020
0.00000029
0.00000037
0.00000045
0.00000053
0.00000061
0.00000069
0.00000078
0.00000087
0.00000096
0.00000105
0.00000115
0.00000124
0.00000132
0.00000140
0.00000148
0.00000156
0.00000164
0.00000171
0.00000178
0.00000185
0.00000192
0.00000199
0.00000206
0.00000213
0.00000220
0.00000227
0.00000233
0.00000239
0.00000246
0.00000252
0.00000258
0.00000264
0.00000269
0.00000275
0.00000280
0.00000286
0.00000291
0.00000296
0.00000301
0.00000306
0.00000311
0.00000316
0.00000320
0.00000325
0.00000329
0.00000333
0.00000338
0.00000342
