0.00026874
0.00026576
0.00026273
0.00025967
0.00025657
0.00025343
0.00025026
0.00024709
0.00024392
0.00024072
0.00023744
0.00023414
0.00023092
0.00022780
0.00022457
0.00022043
0.00021537
0.00021055
0.00020668
0.00020361
0.00020080
0.00019747
0.00019358
0.00019010
0.00018758
0.00018846
0.00019190
0.00019019
0.00018135
0.00016889
0.00016308
0.00017017
0.00018120
0.00018328
0.00017487
0.00016028
0.00014793
0.00013766
0.00012210
0.00009302
0.00006122
0.00004689
0.00006828
0.00010581
0.00012710
0.00010608
0.00006592
0.00002587
0.00001113
0.00002629
0.00006972
0.00012851
0.00015298
0.00012341
0.00008422
0.00006460
0.00007579
0.00008761
0.00005040
-0.00007309
-0.00019853
-0.00025571
-0.00020197
-0.00005015
0.00010751
0.00020700
0.00029692
0.00046986
0.00063338
0.00056453
0.00034032
0.00012494
0.00004899
0.00008212
0.00016786
0.00007525
-0.00018856
-0.00034403
-0.00021015
0.00002088
0.00010216
0.00006986
0.00003977
0.00006571
0.00019549
0.00031264
0.00034259
0.00033518
0.00043808
0.00066187
0.00073577
0.00059320
0.00026244
-0.00004051
-0.00028784
-0.00035424
-0.00029259
-0.00025838
-0.00027646
-0.00029554
-0.00019990
-0.00006683
-0.00010527
-0.00042460
-0.00082999
-0.00130336
-0.00167372
-0.00187930
-0.00197777
-0.00198928
-0.00181162
-0.00159355
-0.00131488
-0.00102634
-0.00093879
-0.00120571
-0.00161687
-0.00190073
-0.00210696
-0.00263251
-0.00364633
-0.00487338
-0.00554774
-0.00558290
-0.00513882
-0.00447567
-0.00369659
-0.00315372
-0.00275173
-0.00265227
-0.00297694
-0.00352345
-0.00379848
-0.00352415
-0.00281534
-0.00233430
-0.00242331
-0.00251630
-0.00213511
-0.00186576
-0.00225024
-0.00305903
-0.00411428
-0.00515431
-0.00568114
-0.00531542
-0.00445860
-0.00395202
-0.00360841
-0.00271055
-0.00142109
-0.00043670
0.00004685
0.00009657
-0.00038968
-0.00117194
-0.00181708
-0.00230893
-0.00253568
-0.00257164
-0.00255442
-0.00258667
-0.00265464
-0.00298836
-0.00404839
-0.00557974
-0.00615384
-0.00469685
-0.00247306
-0.00123245
-0.00150160
-0.00217062
-0.00273319
-0.00329520
-0.00426269
-0.00583994
-0.00714159
-0.00772073
-0.00769233
-0.00737593
-0.00743771
-0.00721243
-0.00649553
-0.00563749
-0.00437668
-0.00274979
-0.00103854
0.00010743
0.00100954
0.00104599
-0.00033687
-0.00272191
-0.00510093
-0.00706768
-0.00813185
-0.00799465
-0.00689982
-0.00542362
-0.00424121
-0.00390300
-0.00435783
-0.00409838
-0.00239235
0.00020565
0.00285321
0.00502791
0.00594578
0.00598525
0.00538770
0.00426630
0.00295034
0.00306768
0.00484602
0.00702604
0.00833815
0.00894769
0.00880777
0.00878123
0.00933559
0.00980827
0.01023722
0.01141279
0.01314936
0.01434079
0.01435557
0.01376531
0.01221590
0.00939553
0.00615872
0.00275496
-0.00080331
-0.00337210
-0.00488252
-0.00513984
-0.00520944
-0.00567892
-0.00646514
-0.00649966
-0.00486130
-0.00190729
0.00141813
0.00512617
0.00864293
0.01153538
0.01325884
0.01368306
0.01330218
0.01206422
0.01098892
0.00995541
0.00820812
0.00638272
0.00544517
0.00542450
0.00561285
0.00562992
0.00556609
0.00556115
0.00586149
0.00682953
0.00754889
0.00827080
0.01052061
0.01425159
0.01723103
0.01700743
0.01449889
0.01206405
0.01163454
0.01344252
0.01556670
0.01565530
0.01173818
0.00401232
-0.00408333
-0.00778648
-0.00597019
-0.00143312
0.00362584
0.00785321
0.01065864
0.01300186
0.01546382
0.01688984
0.01641527
0.01420264
0.01128529
0.00940178
0.00904736
0.00826969
0.00557249
0.00165041
-0.00240009
-0.00651637
-0.01021036
-0.01226006
-0.01159853
-0.00863398
-0.00466697
-0.00136706
0.00078929
0.00232579
0.00326464
0.00479979
0.00750230
0.01017299
0.01107338
0.00967153
0.00644122
0.00215511
-0.00185256
-0.00524944
-0.00824489
-0.01076217
-0.01182688
-0.01178260
-0.01161497
-0.01237562
-0.01416091
-0.01604256
-0.01627925
-0.01364219
-0.00960034
-0.00734777
-0.00823849
-0.01129639
-0.01394827
-0.01496118
-0.01538880
-0.01790319
-0.02317211
-0.02874836
-0.03142859
-0.02979215
-0.02485343
-0.01874029
-0.01324955
-0.00894857
-0.00490608
-0.00122005
0.00241833
0.00494333
0.00647969
0.00735600
0.00837681
0.00898219
0.00826005
0.00564861
0.00206669
-0.00119574
-0.00418316
-0.00624779
-0.00622313
-0.00354398
0.00065385
0.00520478
0.00978012
0.01567460
0.02238805
0.02791583
0.03139743
0.03321633
0.03416458
0.03393533
0.03258615
0.02899164
0.02317672
0.01767465
0.01399025
0.01099710
0.00788878
0.00448956
0.00106163
-0.00224688
-0.00480624
-0.00551938
-0.00550675
-0.00660220
-0.00931191
-0.01337541
-0.01747669
-0.01830246
-0.01548707
-0.01141120
-0.00721213
-0.00292489
0.00126219
0.00463362
0.00550717
0.00393829
0.00110960
-0.00131904
-0.00151778
0.00058274
0.00284251
0.00352376
0.00322587
0.00338336
0.00493385
0.00771199
0.01073836
0.01222059
0.01191182
0.01028625
0.00848773
0.00698413
0.00483020
0.00082355
-0.00548867
-0.01324402
-0.01914715
-0.02219272
-0.02309726
-0.02236082
-0.02028904
-0.01729882
-0.01398579
-0.00856236
-0.00163187
0.00404295
0.00711598
0.00755925
0.00589289
0.00305919
0.00018269
-0.00249436
-0.00487729
-0.00706279
-0.00915552
-0.01143783
-0.01350653
-0.01456237
-0.01463611
-0.01443881
-0.01392553
-0.01304243
-0.01193174
-0.01013552
-0.00742597
-0.00538293
-0.00378807
-0.00166200
0.00118581
0.00341113
0.00430307
0.00307729
-0.00024470
-0.00434840
-0.00784056
-0.01028103
-0.01221751
-0.01467024
-0.01839097
-0.02320603
-0.02849480
-0.03346168
-0.03719381
-0.03984268
-0.04118243
-0.04144505
-0.04237000
-0.04382062
-0.04388285
-0.04148986
-0.03645538
-0.02922148
-0.02017981
-0.01005189
-0.00136401
0.00390005
0.00733060
0.01123546
0.01608130
0.02097901
0.02468439
0.02729420
0.02884411
0.03005247
0.03177125
0.03361247
0.03416818
0.03352650
0.03250742
0.03105891
0.02869559
0.02583277
0.02295519
0.02007188
0.01842220
0.01822531
0.01876455
0.01872173
0.01729801
0.01528495
0.01430038
0.01502303
0.01628757
0.01747008
0.01770302
0.01590284
0.01172786
0.00485223
-0.00380552
-0.01263177
-0.01949133
-0.02402144
-0.02653652
-0.02734233
-0.02601815
-0.02320062
-0.01995736
-0.01720526
-0.01500764
-0.01273953
-0.01065666
-0.00918287
-0.00744223
-0.00445664
-0.00011796
0.00500770
0.00913428
0.01130422
0.01100961
0.00747774
0.00132006
-0.00503748
-0.00975149
-0.01289773
-0.01454656
-0.01569025
-0.01635709
-0.01448585
-0.01026445
-0.00554538
-0.00117033
0.00359160
0.00937397
0.01528337
0.01926272
0.02156339
0.02232857
0.02180623
0.01906992
0.01464398
0.01007259
0.00653987
0.00431660
0.00368092
0.00520009
0.00843760
0.01150554
0.01269432
0.01193979
0.01023240
0.00935962
0.00885665
0.00790585
0.00708221
0.00707314
0.00753101
0.00726238
0.00622556
0.00525647
0.00547083
0.00684637
0.00835079
0.00849833
0.00731533
0.00555950
0.00373916
0.00333933
0.00516900
0.00854383
0.01173119
0.01359182
0.01364151
0.01228418
0.01046244
0.00953900
0.00913675
0.00814338
0.00692562
0.00592408
0.00407022
0.00077153
-0.00409308
-0.01032651
-0.01674071
-0.02278807
-0.02849276
-0.03346255
-0.03725243
-0.03967026
-0.04041709
-0.03886633
-0.03493779
-0.02991352
-0.02478892
-0.01988932
-0.01551441
-0.01193137
-0.00941665
-0.00945458
-0.00994000
-0.00792794
-0.00317146
0.00470386
0.01393619
0.02105547
0.02525451
0.02714843
0.02756797
0.02741453
0.02670494
0.02547026
0.02452940
0.02407451
0.02455838
0.02500009
0.02463216
0.02316215
0.02234357
0.02265475
0.02362122
0.02443748
0.02424265
0.02275276
0.02165666
0.02212538
0.02292851
0.02255799
0.02163505
0.02036826
0.01898410
0.01748361
0.01573004
0.01372462
0.01132408
0.00729944
0.00095726
-0.00485790
-0.00892759
-0.01155623
-0.01327323
-0.01406757
-0.01390606
-0.01333689
-0.01274364
-0.01285090
-0.01369703
-0.01465683
-0.01611371
-0.01773560
-0.01862441
-0.01900100
-0.01965382
-0.02120796
-0.02419743
-0.02809605
-0.03167723
-0.03379327
-0.03411898
-0.03247755
-0.02901626
-0.02416170
-0.01789100
-0.01125581
-0.00407902
0.00191623
0.00412675
0.00251809
-0.00220005
-0.00899817
-0.01505302
-0.01856422
-0.01903292
-0.01770840
-0.01605540
-0.01403737
-0.01181422
-0.00960523
-0.00662416
-0.00147506
0.00480909
0.00961012
0.01196645
0.01277335
0.01295872
0.01302090
0.01305695
0.01305771
0.01316184
0.01395413
0.01513501
0.01461088
0.01179210
0.00859077
0.00566819
0.00218613
-0.00176139
-0.00553030
-0.00845831
-0.01014713
-0.01064191
-0.01004519
-0.00800414
-0.00501441
-0.00235973
-0.00130169
-0.00146758
-0.00305174
-0.00588622
-0.00831626
-0.00956126
-0.00985832
-0.00991138
-0.01039596
-0.01032514
-0.00977890
-0.00932643
-0.00902143
-0.00880374
-0.00737613
-0.00386236
0.00115112
0.00609921
0.00915166
0.00955683
0.00857144
0.00790792
0.00692957
0.00562033
0.00542953
0.00684530
0.00842161
0.00925528
0.00892902
0.00755332
0.00516947
0.00271389
0.00135368
0.00129942
0.00187657
0.00328043
0.00389802
0.00268687
0.00070778
-0.00120439
-0.00335231
-0.00574245
-0.00788619
-0.00933443
-0.00930049
-0.00772705
-0.00616896
-0.00571681
-0.00582689
-0.00608313
-0.00616223
-0.00593203
-0.00450719
-0.00196315
0.00177000
0.00721858
0.01439395
0.02067266
0.02442775
0.02635943
0.02683640
0.02527626
0.02194356
0.01671185
0.01063507
0.00553450
0.00218382
0.00049011
0.00011559
0.00041702
0.00034757
-0.00037421
-0.00261147
-0.00536423
-0.00744244
-0.00874444
-0.00851703
-0.00632202
-0.00319963
-0.00005210
0.00319670
0.00642614
0.00969942
0.01245324
0.01420145
0.01553428
0.01689762
0.01780244
0.01769882
0.01657455
0.01392956
0.01066338
0.00821987
0.00770649
0.00919302
0.01208897
0.01524275
0.01810883
0.02013636
0.02124036
0.02130405
0.01973182
0.01678146
0.01326269
0.00966707
0.00493553
-0.00090887
-0.00753055
-0.01371158
-0.01742166
-0.01865961
-0.01952904
-0.02073655
-0.02221000
-0.02330338
-0.02426275
-0.02530514
-0.02557304
-0.02407088
-0.02145945
-0.01788372
-0.01423159
-0.01252151
-0.01327656
-0.01367229
-0.01240160
-0.01043572
-0.00805108
-0.00606855
-0.00544260
-0.00622759
-0.00843965
-0.01095145
-0.01311970
-0.01499374
-0.01735525
-0.02059398
-0.02278073
-0.02302566
-0.02137059
-0.01882154
-0.01609576
-0.01323754
-0.00885236
-0.00259901
0.00526673
0.01251625
0.01720208
0.01954023
0.02003554
0.01908701
0.01837417
0.01884989
0.01998421
0.02138165
0.02211637
0.02176577
0.02000649
0.01716719
0.01467229
0.01232914
0.00877228
0.00462401
0.00159777
0.00004329
-0.00205727
-0.00423713
-0.00639851
-0.00854140
-0.01025319
-0.01137226
-0.01247570
-0.01407013
-0.01585482
-0.01776115
-0.02033160
-0.02331887
-0.02585791
-0.02762007
-0.02794122
-0.02683707
-0.02426932
-0.02087765
-0.01831457
-0.01697599
-0.01664137
-0.01640656
-0.01668152
-0.01712253
-0.01743269
-0.01725550
-0.01676006
-0.01525963
-0.01154033
-0.00572795
0.00140561
0.00784430
0.01371884
0.01954649
0.02461206
0.02798020
0.02980309
0.02981012
0.02856217
0.02707814
0.02539808
0.02438696
0.02330155
0.02253798
0.02318098
0.02399472
0.02238130
0.01871772
0.01513416
0.01247922
0.01066079
0.00911862
0.00890806
0.00989112
0.01188407
0.01397509
0.01485017
0.01367165
0.01062592
0.00749423
0.00502078
0.00375277
0.00328411
0.00340691
0.00364074
0.00348260
0.00220363
0.00085050
0.00045533
0.00084965
0.00142104
0.00241604
0.00344500
0.00379429
0.00295780
0.00074277
-0.00250313
-0.00505563
-0.00592333
-0.00549739
-0.00511720
-0.00533255
-0.00635312
-0.00720114
-0.00662868
-0.00457758
-0.00151765
0.00174434
0.00401734
0.00499411
0.00450315
0.00249029
0.00032729
-0.00077111
-0.00086268
-0.00058467
-0.00018516
-0.00012748
-0.00053289
-0.00142100
-0.00303442
-0.00435163
-0.00495298
-0.00519294
-0.00540114
-0.00482271
-0.00389389
-0.00331707
-0.00293950
-0.00192001
-0.00046193
-0.00024454
-0.00179678
-0.00485690
-0.00855764
-0.01192010
-0.01452175
-0.01699498
-0.01911049
-0.02069284
-0.02281510
-0.02522906
-0.02786618
-0.02996423
-0.03086843
-0.02887288
-0.02226955
-0.01105828
0.00237089
0.01483770
0.02371176
0.02730946
0.02629804
0.02222030
0.01721606
0.01282976
0.01000249
0.00762026
0.00490903
0.00307130
0.00251227
0.00259054
0.00204431
0.00063313
0.00002928
-0.00019595
-0.00088059
-0.00249309
-0.00459257
-0.00709525
-0.00965873
-0.01263727
-0.01575063
-0.01789326
-0.01863653
-0.01853859
-0.01821554
-0.01841902
-0.01860552
-0.01730396
-0.01413504
-0.00962530
-0.00510658
-0.00113011
0.00170916
0.00313905
0.00344476
0.00341203
0.00347020
0.00372005
0.00502322
0.00707929
0.00905260
0.00979012
0.00993952
0.01028160
0.01125464
0.01237185
0.01281126
0.01311993
0.01414278
0.01582816
0.01783650
0.01996024
0.02243410
0.02435923
0.02509226
0.02475958
0.02400670
0.02311570
0.02163605
0.01907884
0.01558283
0.01186303
0.00919591
0.00695590
0.00431170
0.00235296
0.00162495
0.00218686
0.00306011
0.00298759
0.00099886
-0.00166424
-0.00355326
-0.00389678
-0.00352394
-0.00333944
-0.00265920
-0.00107620
0.00024859
0.00128743
0.00225313
0.00369099
0.00571764
0.00671172
0.00616333
0.00461943
0.00298228
0.00153319
0.00093297
0.00126444
0.00210813
0.00384390
0.00576706
0.00702945
0.00736660
0.00660530
0.00466788
0.00256243
0.00116256
0.00031749
-0.00071501
-0.00140421
-0.00181794
-0.00200923
-0.00236961
-0.00369625
-0.00554040
-0.00832862
-0.01210669
-0.01603962
-0.02038471
-0.02399944
-0.02408870
-0.02090633
-0.01660586
-0.01302039
-0.01023044
-0.00816807
-0.00713430
-0.00701566
-0.00729578
-0.00661700
-0.00497247
-0.00259702
-0.00015758
0.00122912
0.00264514
0.00475324
0.00666877
0.00820422
0.01012351
0.01259981
0.01508936
0.01740601
0.01874130
0.01855829
0.01711281
0.01510948
0.01335925
0.01151980
0.00881857
0.00531839
0.00178713
-0.00151832
-0.00431785
-0.00637433
-0.00817728
-0.01039673
-0.01239386
-0.01448821
-0.01603209
-0.01622762
-0.01460442
-0.01318143
-0.01236248
-0.01223167
-0.01232973
-0.01196630
-0.01116353
-0.01062436
-0.01038256
-0.01088408
-0.01093786
-0.01064395
-0.01051590
-0.00958307
-0.00732167
-0.00438394
-0.00091572
0.00266286
0.00598851
0.00872657
0.01101633
0.01295927
0.01393260
0.01373397
0.01342161
0.01358125
0.01355204
0.01357732
0.01455702
0.01513410
0.01436691
0.01324860
0.01279563
0.01234607
0.01134939
0.00985271
0.00732337
0.00383242
0.00016717
-0.00330589
-0.00585970
-0.00686619
-0.00787114
-0.00916179
-0.01006372
-0.01096778
-0.01284594
-0.01523820
-0.01693558
-0.01758319
-0.01787512
-0.01783912
-0.01668225
-0.01514149
-0.01394174
-0.01394293
-0.01489221
-0.01619747
-0.01802714
-0.01992151
-0.02032944
-0.01883336
-0.01647051
-0.01492473
-0.01449815
-0.01348556
-0.01207286
-0.01053567
-0.00850505
-0.00630768
-0.00405476
-0.00193957
-0.00064961
-0.00026295
-0.00011407
0.00001274
-0.00092509
-0.00179071
-0.00220580
-0.00282024
-0.00421336
-0.00486287
-0.00349507
-0.00112764
0.00084845
0.00259193
0.00447403
0.00579250
0.00635428
0.00639717
0.00605927
0.00571566
0.00620916
0.00684135
0.00697821
0.00682818
0.00674167
0.00718109
0.00810576
0.00980630
0.01251198
0.01495244
0.01577219
0.01502310
0.01327770
0.01055331
0.00708629
0.00421871
0.00169881
-0.00041499
-0.00009889
0.00187516
0.00300085
0.00271947
0.00197416
0.00103796
-0.00028298
-0.00158743
-0.00290933
-0.00381577
-0.00425607
-0.00318989
-0.00119183
-0.00020518
0.00000061
0.00054103
0.00206295
0.00408081
0.00609923
0.00699742
0.00750184
0.00808022
0.00804686
0.00753059
0.00697008
0.00623044
0.00449027
0.00221827
0.00033256
-0.00104907
-0.00203210
-0.00284497
-0.00359296
-0.00426498
-0.00513173
-0.00668536
-0.00811128
-0.00830111
-0.00741398
-0.00574130
-0.00372352
-0.00229202
-0.00216901
-0.00221617
-0.00198524
-0.00177625
-0.00175576
-0.00122132
0.00012654
0.00136865
0.00315200
0.00554078
0.00693899
0.00709314
0.00727267
0.00764857
0.00790241
0.00801799
0.00838271
0.00924330
0.01057051
0.01132748
0.01134917
0.01048362
0.00941439
0.00876340
0.00863733
0.00875629
0.00856624
0.00748981
0.00667239
0.00621576
0.00549625
0.00522024
0.00530999
0.00568946
0.00653796
0.00817875
0.01026130
0.01198705
0.01260016
0.01200494
0.01029743
0.00812134
0.00583761
0.00375240
0.00176215
-0.00019121
-0.00213167
-0.00404986
-0.00516490
-0.00581782
-0.00660603
-0.00688677
-0.00651072
-0.00532002
-0.00348008
-0.00207110
-0.00172290
-0.00204588
-0.00201023
-0.00203194
-0.00222061
-0.00294836
-0.00424692
-0.00515845
-0.00530551
-0.00485848
-0.00370549
-0.00264236
-0.00133352
0.00047881
0.00248190
0.00282993
0.00144113
-0.00014678
-0.00139800
-0.00205820
-0.00219133
-0.00225132
-0.00346584
-0.00578241
-0.00806807
-0.01003381
-0.01176660
-0.01332357
-0.01446119
-0.01554767
-0.01628711
-0.01636787
-0.01541692
-0.01393135
-0.01220131
-0.01076568
-0.00888343
-0.00705528
-0.00571285
-0.00452498
-0.00370209
-0.00290677
-0.00230480
-0.00221154
-0.00257327
-0.00243700
-0.00170455
-0.00065450
0.00039299
0.00162128
0.00294985
0.00349750
0.00410319
0.00565460
0.00693734
0.00731527
0.00754352
0.00805696
0.00872161
0.00928459
0.00895727
0.00826132
0.00784767
0.00852371
0.00918861
0.00809056
0.00594581
0.00458673
0.00312840
0.00060925
-0.00278327
-0.00618313
-0.00865236
-0.00987849
-0.01015862
-0.01044009
-0.01153206
-0.01228513
-0.01299082
-0.01389754
-0.01446514
-0.01483612
-0.01447117
-0.01300600
-0.01104441
-0.00860659
-0.00640338
-0.00429084
-0.00228541
-0.00015914
0.00129745
0.00166894
0.00142983
0.00112427
0.00172772
0.00293477
0.00449989
0.00586154
0.00685641
0.00821950
0.00923988
0.00947679
0.00934889
0.00934353
0.00974369
0.00984775
0.01008385
0.01116525
0.01185371
0.01101300
0.00917469
0.00712288
0.00500068
0.00282367
0.00057669
-0.00164057
-0.00310566
-0.00310874
-0.00270549
-0.00234778
-0.00225320
-0.00228227
-0.00229116
-0.00225904
-0.00163894
-0.00020646
0.00072654
0.00097893
0.00119416
0.00122674
0.00089895
0.00062725
0.00075337
0.00201893
0.00433986
0.00646892
0.00754628
0.00750658
0.00679833
0.00551727
0.00414729
0.00291414
0.00129859
-0.00041841
-0.00194269
-0.00320050
-0.00378322
-0.00365775
-0.00285087
-0.00223127
-0.00186867
-0.00194668
-0.00220836
-0.00231214
-0.00229991
-0.00319286
-0.00473213
-0.00546545
-0.00536965
-0.00501471
-0.00415533
-0.00291124
-0.00187176
0.00008787
0.00239982
0.00375547
0.00423782
0.00483818
0.00583241
0.00665251
0.00684392
0.00703719
0.00749653
0.00804574
0.00823213
0.00770724
0.00688473
0.00637732
0.00529996
0.00407058
0.00356792
0.00363750
0.00378262
0.00376911
0.00353638
0.00233852
0.00040693
-0.00121815
-0.00198128
-0.00229388
-0.00344505
-0.00481995
-0.00527760
-0.00508131
-0.00506984
-0.00612900
-0.00727324
-0.00853071
-0.01007919
-0.01139950
-0.01264771
-0.01380020
-0.01396106
-0.01353257
-0.01329789
-0.01314467
-0.01294790
-0.01298078
-0.01276422
-0.01204524
-0.01052387
-0.00850661
-0.00691641
-0.00537510
-0.00372539
-0.00211955
-0.00041807
0.00146286
0.00342883
0.00466627
0.00490404
0.00521674
0.00582724
0.00589401
0.00651792
0.00756647
0.00803677
0.00901008
0.01014191
0.01107586
0.01204028
0.01273545
0.01315433
0.01329272
0.01308761
0.01237249
0.01110097
0.01000808
0.00864698
0.00761624
0.00737543
0.00758740
0.00848672
0.00959728
0.00978038
0.00873899
0.00724683
0.00555267
0.00391823
0.00198051
-0.00019712
-0.00258391
-0.00391790
-0.00441771
-0.00526193
-0.00622705
-0.00658280
-0.00582509
-0.00434991
-0.00333460
-0.00318448
-0.00332720
-0.00320709
-0.00191228
-0.00038777
0.00008030
-0.00041430
-0.00050239
-0.00013217
0.00010504
0.00008705
0.00010072
0.00047632
0.00076945
0.00050636
-0.00006816
-0.00066389
-0.00167073
-0.00228304
-0.00259807
-0.00275419
-0.00277327
-0.00248985
-0.00145578
-0.00018430
0.00069095
0.00195707
0.00305409
0.00341412
0.00331780
0.00321478
0.00327139
0.00336271
0.00365131
0.00439081
0.00462646
0.00386375
0.00241033
0.00059987
-0.00138013
-0.00341613
-0.00587316
-0.00823748
-0.01024573
-0.01155789
-0.01244606
-0.01309810
-0.01388697
-0.01435057
-0.01433894
-0.01383296
-0.01267202
-0.01115495
-0.00939748
-0.00802036
-0.00704171
-0.00658636
-0.00598020
-0.00530327
-0.00501941
-0.00506294
-0.00511616
-0.00505135
-0.00487967
-0.00370603
-0.00230887
-0.00144036
-0.00022175
0.00080230
0.00109255
0.00153596
0.00235703
0.00285228
0.00253939
0.00190916
0.00122179
0.00054730
-0.00074101
-0.00154756
-0.00177390
-0.00087326
0.00077449
0.00158754
0.00163944
0.00175545
0.00157458
0.00137717
0.00127099
0.00106720
0.00093274
0.00059298
0.00018383
0.00049876
0.00102166
0.00144026
0.00167483
0.00277633
0.00385828
0.00447946
0.00541560
0.00655392
0.00716748
0.00750890
0.00836578
0.00956966
0.01011994
0.01004860
0.00990637
0.00992458
0.00999080
0.00999977
0.00994923
0.00978683
0.00942172
0.00928418
0.00962547
0.01020921
0.01038115
0.01049328
0.01129382
0.01151983
0.01087493
0.01010863
0.00974483
0.00877353
0.00730968
0.00602096
0.00510279
0.00437103
0.00353210
0.00170055
-0.00042131
-0.00185931
-0.00304292
-0.00399974
-0.00464851
-0.00484591
-0.00478014
-0.00503339
-0.00555117
-0.00620343
-0.00705495
-0.00687788
-0.00548184
-0.00446217
-0.00406178
-0.00416497
-0.00452048
-0.00468845
-0.00464848
-0.00458628
-0.00458741
-0.00458373
-0.00378422
-0.00304202
-0.00356514
-0.00480720
-0.00605792
-0.00591741
-0.00494036
-0.00416423
-0.00396584
-0.00400022
-0.00396609
-0.00383557
-0.00371392
-0.00368522
-0.00406901
-0.00487856
-0.00584652
-0.00608061
-0.00556786
-0.00440161
-0.00321336
-0.00203504
-0.00077059
-0.00004302
0.00005470
-0.00065045
-0.00211572
-0.00359876
-0.00511597
-0.00633367
-0.00756762
-0.00854498
-0.00897670
-0.00912915
-0.00888416
-0.00802459
-0.00646508
-0.00554097
-0.00549116
-0.00580592
-0.00621529
-0.00683214
-0.00762713
-0.00829047
-0.00860737
-0.00863077
-0.00859035
-0.00859418
-0.00861506
-0.00843168
-0.00763862
-0.00669261
-0.00653166
-0.00704294
-0.00700390
-0.00637975
-0.00560400
-0.00531555
-0.00523401
-0.00443090
-0.00304682
-0.00135397
0.00032956
0.00157351
0.00279783
0.00355058
0.00371351
0.00383856
0.00404300
0.00390274
0.00372560
0.00374975
0.00433887
0.00531491
0.00636419
0.00757159
0.00909522
0.01044929
0.01174033
0.01264470
0.01291527
0.01283899
0.01276044
0.01278787
0.01282489
0.01286808
0.01316604
0.01337741
0.01365362
0.01486446
0.01638101
0.01778153
0.01827776
0.01785620
0.01676318
0.01538162
0.01370029
0.01278274
0.01191364
0.01062050
0.00986782
0.00942214
0.00815346
0.00700602
0.00674627
0.00694768
0.00687047
0.00551610
0.00343508
0.00142374
-0.00023237
-0.00152856
-0.00205378
-0.00247805
-0.00378451
-0.00491555
-0.00581767
-0.00729126
-0.00921137
-0.01072162
-0.01153705
-0.01241017
-0.01270301
-0.01212048
-0.01129343
-0.01035006
-0.00881616
-0.00717610
-0.00609498
-0.00572502
-0.00590424
-0.00563609
-0.00509843
-0.00486937
-0.00493649
-0.00500294
-0.00436852
-0.00301635
-0.00306222
-0.00317390
-0.00158557
0.00052806
0.00132652
0.00105323
0.00064286
0.00045963
0.00014523
-0.00077500
-0.00136454
-0.00182951
-0.00216603
-0.00189094
-0.00271548
-0.00407365
-0.00454898
-0.00462841
-0.00478899
-0.00497195
-0.00528389
-0.00521028
-0.00488640
-0.00472072
-0.00470980
-0.00469078
-0.00459513
-0.00449429
-0.00442604
-0.00440335
-0.00478884
-0.00546562
-0.00604234
-0.00628313
-0.00605231
-0.00517948
-0.00417532
-0.00360643
-0.00348213
-0.00347386
-0.00340597
-0.00372377
-0.00437647
-0.00497441
-0.00536254
-0.00567805
-0.00579118
-0.00572301
-0.00515021
-0.00402631
-0.00313618
-0.00202632
-0.00022326
0.00180110
0.00297420
0.00370796
0.00522649
0.00661256
0.00716117
0.00682904
0.00652788
0.00746201
0.00910665
0.00985525
0.00975172
0.01018776
0.01140766
0.01197840
0.01200236
0.01248096
0.01310311
0.01304017
0.01276137
0.01269353
0.01262024
0.01194412
0.01131102
0.01102766
0.01089685
0.01156796
0.01253622
0.01292720
0.01286535
0.01276274
0.01228631
0.01111441
0.01001535
0.00877252
0.00692496
0.00556206
0.00481451
0.00403151
0.00254310
0.00113306
0.00069466
0.00070725
0.00012137
-0.00070244
-0.00158430
-0.00266009
-0.00403676
-0.00455283
-0.00407291
-0.00351790
-0.00387913
-0.00476944
-0.00517345
-0.00507982
-0.00496335
-0.00515889
-0.00592848
-0.00652741
-0.00645865
-0.00577824
-0.00587956
-0.00691744
-0.00733447
-0.00642012
-0.00537024
-0.00499380
-0.00509597
-0.00518428
-0.00514220
-0.00553654
-0.00631179
-0.00718864
-0.00787602
-0.00805354
-0.00825566
-0.00826611
-0.00902824
-0.01003295
-0.01060549
-0.01068503
-0.01058824
-0.01052890
-0.01047813
-0.01038833
-0.01029548
-0.01020846
-0.01009675
-0.00978250
-0.00896581
-0.00811276
-0.00717942
-0.00661920
-0.00626936
-0.00573930
-0.00449319
-0.00340524
-0.00355832
-0.00371446
-0.00323624
-0.00279515
-0.00270600
-0.00268339
-0.00179284
-0.00021631
0.00096172
0.00256241
0.00461471
0.00593645
0.00646441
0.00658222
0.00634273
0.00512584
0.00396104
0.00365732
0.00410125
0.00501140
0.00607063
0.00682768
0.00701415
0.00692089
0.00689054
0.00694212
0.00697188
0.00672459
0.00627348
0.00549729
0.00501953
0.00462093
0.00412548
0.00295145
0.00140021
0.00008014
-0.00112666
-0.00185880
-0.00200205
-0.00191630
-0.00181079
-0.00114914
0.00006266
0.00054821
-0.00021354
-0.00152974
-0.00251024
-0.00380313
-0.00479696
-0.00512056
-0.00529318
-0.00488083
-0.00387099
-0.00248958
-0.00179318
-0.00180939
-0.00195532
-0.00195160
-0.00190285
-0.00188206
-0.00181327
-0.00112245
0.00034628
0.00194235
0.00282093
0.00350258
0.00430388
0.00508839
0.00629010
0.00717844
0.00736118
0.00723297
0.00718379
0.00675499
0.00566925
0.00501672
0.00542035
0.00621679
0.00700286
0.00748871
0.00749340
0.00699020
0.00582907
0.00477643
0.00410891
0.00306793
0.00215912
0.00137900
0.00013425
-0.00066386
-0.00069152
-0.00045234
-0.00032655
-0.00059051
-0.00118117
-0.00213968
-0.00256637
-0.00258402
-0.00233038
-0.00253477
-0.00289716
-0.00256101
-0.00195151
-0.00195226
-0.00248114
-0.00317381
-0.00414123
-0.00443644
-0.00393537
-0.00296277
-0.00206881
-0.00170052
-0.00087690
0.00010990
-0.00015039
-0.00106830
-0.00142583
-0.00149370
-0.00144982
-0.00115585
-0.00057836
0.00030971
0.00105873
0.00130219
0.00146848
0.00156461
0.00142512
0.00164737
0.00243088
0.00366055
0.00455555
0.00472550
0.00456572
0.00470954
0.00472335
0.00439932
0.00391060
0.00319421
0.00276336
0.00302574
0.00386701
0.00435643
0.00436966
0.00425813
0.00424705
0.00426198
0.00425703
0.00425740
0.00391562
0.00280491
0.00158595
0.00112635
0.00121567
0.00131440
0.00088235
0.00017233
0.00016495
0.00077139
0.00128012
0.00135202
0.00125164
0.00134618
0.00195864
0.00223240
0.00170639
0.00055025
0.00011255
0.00056394
0.00125510
0.00154724
0.00153645
0.00153246
0.00159388
0.00154006
0.00077028
-0.00051398
-0.00122439
-0.00148327
-0.00172541
-0.00217124
-0.00280493
-0.00342617
-0.00379044
-0.00455424
-0.00545254
-0.00609545
-0.00693315
-0.00837039
-0.00920804
-0.00920976
-0.00900454
-0.00893897
-0.00865844
-0.00846006
-0.00779273
-0.00667162
-0.00605108
-0.00605115
-0.00618829
-0.00619041
-0.00604873
-0.00531219
-0.00424166
-0.00381986
-0.00396544
-0.00387565
-0.00334040
-0.00296337
-0.00292341
-0.00296364
-0.00294531
-0.00281791
-0.00180040
-0.00070994
-0.00105933
-0.00120481
-0.00059148
0.00026278
0.00065959
0.00064110
0.00060780
0.00067944
0.00077938
0.00082405
0.00084273
0.00089250
0.00105059
0.00173852
0.00252662
0.00338488
0.00398518
0.00417741
0.00391478
0.00383277
0.00408638
0.00388920
0.00315400
0.00245617
0.00232754
0.00233699
0.00237202
0.00267635
0.00254062
0.00182104
0.00136159
0.00136387
0.00149200
0.00154913
0.00151159
0.00097397
0.00005177
0.00045043
0.00137845
0.00171119
0.00140256
0.00031245
-0.00037895
-0.00024758
0.00005145
0.00047998
0.00113892
0.00151023
0.00153160
0.00149151
0.00111248
0.00064349
0.00031568
-0.00031027
-0.00112511
-0.00124672
-0.00112724
-0.00125562
-0.00143280
-0.00147293
-0.00142790
-0.00140399
-0.00141625
-0.00142831
-0.00142559
-0.00141936
-0.00141835
-0.00142012
-0.00142919
-0.00144732
-0.00144674
-0.00145901
-0.00175094
-0.00178092
-0.00168318
-0.00223148
-0.00239364
-0.00179608
-0.00132911
-0.00131336
-0.00144302
-0.00146669
-0.00141755
-0.00139593
-0.00143645
-0.00223386
-0.00351239
-0.00438184
-0.00419986
-0.00372878
-0.00390568
-0.00436324
-0.00452934
-0.00444487
-0.00437676
-0.00439905
-0.00428923
-0.00386197
-0.00281659
-0.00168163
-0.00127639
-0.00138432
-0.00133111
-0.00028054
0.00085275
0.00145334
0.00151103
0.00160456
0.00265308
0.00366923
0.00403711
0.00421220
0.00436189
0.00443997
0.00459862
0.00547328
0.00678462
0.00752659
0.00756184
0.00741987
0.00741357
0.00749431
0.00708628
0.00588991
0.00483143
0.00460413
0.00481010
0.00449434
0.00389991
0.00381600
0.00334747
0.00286888
0.00286850
0.00294945
0.00302313
0.00266620
0.00183015
0.00178304
0.00258773
0.00317175
0.00341379
0.00393169
0.00434854
0.00476903
0.00532391
0.00575682
0.00544135
0.00482597
0.00445077
0.00389508
0.00253894
0.00120697
0.00050516
0.00005533
-0.00102654
-0.00187438
-0.00198072
-0.00178158
-0.00169596
-0.00174934
-0.00191773
-0.00260634
-0.00362220
-0.00445910
-0.00469695
-0.00461307
-0.00440557
-0.00357903
-0.00276644
-0.00267724
-0.00233037
-0.00183961
-0.00163582
-0.00165744
-0.00141635
-0.00135899
-0.00109553
-0.00093641
-0.00133089
-0.00142058
-0.00143497
-0.00146204
-0.00135537
-0.00153670
-0.00176059
-0.00240302
-0.00377334
-0.00377144
-0.00235930
-0.00149164
-0.00203467
-0.00338097
-0.00407339
-0.00368990
-0.00315038
-0.00290510
-0.00261076
-0.00210591
-0.00170997
-0.00178891
-0.00272273
-0.00376382
-0.00397396
-0.00374492
-0.00340490
-0.00266361
-0.00187093
-0.00155088
-0.00159319
-0.00166477
-0.00148291
-0.00126891
-0.00144032
-0.00171922
-0.00226653
-0.00223388
-0.00138311
-0.00079625
-0.00048810
-0.00011065
0.00070800
0.00147316
0.00192938
0.00189987
0.00199548
0.00243820
0.00239904
0.00206879
0.00190922
0.00178448
0.00186646
0.00250873
0.00297331
0.00317087
0.00266940
0.00216539
0.00159870
0.00150528
0.00191802
0.00229954
0.00220647
0.00199104
0.00163270
0.00140052
0.00140342
0.00146943
0.00147949
0.00150850
0.00206875
0.00225367
0.00155799
0.00049812
-0.00019052
-0.00035781
-0.00040538
-0.00047827
-0.00074096
-0.00097003
-0.00075239
-0.00075016
-0.00093301
-0.00103390
-0.00103232
-0.00151464
-0.00209097
-0.00256450
-0.00293274
-0.00314341
-0.00331140
-0.00342919
-0.00398269
-0.00489212
-0.00580699
-0.00609294
-0.00593079
-0.00579329
-0.00579428
-0.00569918
-0.00531106
-0.00530167
-0.00551624
-0.00561875
-0.00556185
-0.00492879
-0.00374092
-0.00350698
-0.00408098
-0.00357984
-0.00249490
-0.00129680
-0.00009279
0.00058679
0.00105918
0.00212276
0.00327326
0.00369737
0.00412852
0.00549068
0.00698474
0.00793417
0.00784685
0.00728464
0.00708137
0.00698304
0.00664468
0.00625073
0.00609144
0.00574984
0.00492233
0.00413921
0.00380039
0.00367012
0.00331101
0.00286921
0.00288149
0.00325103
0.00325531
0.00292222
0.00273178
0.00253575
0.00238477
0.00201569
0.00150212
0.00101801
0.00084532
0.00087855
0.00091348
0.00089585
0.00087279
0.00087106
0.00087656
0.00069341
0.00027787
0.00001073
-0.00034177
-0.00081272
-0.00102581
-0.00075543
-0.00022327
-0.00043254
-0.00116703
-0.00185887
-0.00237962
-0.00288330
-0.00317855
-0.00346838
-0.00364984
-0.00332646
-0.00200119
-0.00173539
-0.00287513
-0.00347874
-0.00323280
-0.00269101
-0.00240250
-0.00250333
-0.00288729
-0.00341953
-0.00367849
-0.00390575
-0.00430726
-0.00486638
-0.00519853
-0.00531198
-0.00539065
-0.00497417
-0.00486726
-0.00462513
-0.00395551
-0.00351588
-0.00318209
-0.00277560
-0.00224990
-0.00226092
-0.00234503
-0.00228098
-0.00236075
-0.00245864
-0.00210897
-0.00105400
-0.00028542
0.00028166
0.00091821
0.00129889
0.00105093
0.00049036
0.00014655
0.00090072
0.00233358
0.00365027
0.00441794
0.00461680
0.00491143
0.00511726
0.00515409
0.00491916
0.00524488
0.00619075
0.00747296
0.00822920
0.00807016
0.00779113
0.00825075
0.00878129
0.00864257
0.00789435
0.00740053
0.00762026
0.00762319
0.00717043
0.00664209
0.00625282
0.00558515
0.00507103
0.00447737
0.00388164
0.00365769
0.00339045
0.00293334
0.00249621
0.00221826
0.00188286
0.00140958
0.00092288
0.00070808
0.00032100
-0.00056816
-0.00155585
-0.00225667
-0.00272389
-0.00294359
-0.00295489
-0.00290332
-0.00284929
-0.00287541
-0.00387712
-0.00532717
-0.00563899
-0.00551636
-0.00588634
-0.00653927
-0.00708798
-0.00703303
-0.00651906
-0.00591903
-0.00544787
-0.00520643
-0.00493305
-0.00445016
-0.00424331
-0.00504981
-0.00580837
-0.00580981
-0.00501962
-0.00396483
-0.00298502
-0.00235266
-0.00227677
-0.00238433
-0.00187429
-0.00111860
-0.00081447
-0.00071194
-0.00040081
-0.00012366
-0.00000843
0.00030089
0.00062091
0.00073584
0.00077311
0.00108885
0.00161700
0.00217370
0.00288430
0.00356932
0.00379838
0.00376051
0.00370985
0.00372524
0.00372079
0.00368988
0.00319396
0.00295165
0.00336639
0.00368504
0.00318594
0.00235942
0.00203848
0.00216949
0.00256172
0.00253123
0.00204185
0.00147664
0.00095559
0.00089693
0.00137267
0.00122628
0.00109305
0.00201957
0.00234231
0.00142211
0.00012075
-0.00060899
-0.00061106
-0.00044924
-0.00040251
-0.00038216
-0.00032952
-0.00030439
-0.00081992
-0.00174589
-0.00242721
-0.00202865
-0.00141132
-0.00148325
-0.00201656
-0.00193491
-0.00122998
-0.00082275
-0.00088029
-0.00102140
-0.00127985
-0.00134212
-0.00122012
-0.00091091
-0.00067516
-0.00031900
-0.00035439
-0.00059536
-0.00066514
-0.00028697
-0.00030685
-0.00092779
-0.00154933
-0.00160163
-0.00142488
-0.00171410
-0.00180188
-0.00092174
0.00002979
0.00000332
-0.00052239
-0.00068073
-0.00006808
0.00032344
0.00023440
0.00016272
0.00053414
0.00113208
0.00132671
0.00101298
0.00050057
0.00000863
-0.00027294
0.00027741
0.00104789
0.00135575
0.00134034
0.00132658
0.00166327
0.00187766
0.00176263
0.00192265
0.00190598
0.00184578
0.00218849
0.00253179
0.00261505
0.00284486
0.00294447
0.00270508
0.00274389
0.00295817
0.00287549
0.00265458
0.00247962
0.00223583
0.00212215
0.00216791
0.00224733
0.00189584
0.00073901
-0.00021186
-0.00033022
-0.00039504
-0.00098899
-0.00207234
-0.00180613
-0.00085919
-0.00045397
-0.00059344
-0.00074092
-0.00070711
-0.00070960
-0.00122612
-0.00163441
-0.00229987
-0.00317808
-0.00270368
-0.00159104
-0.00190780
-0.00321514
-0.00389511
-0.00386375
-0.00428562
-0.00497273
-0.00537088
-0.00581277
-0.00603859
-0.00631446
-0.00635406
-0.00603004
-0.00566240
-0.00536309
-0.00496882
-0.00399841
-0.00318332
-0.00298991
-0.00331654
-0.00347536
-0.00340620
-0.00302602
-0.00262463
-0.00198295
-0.00162361
-0.00168416
-0.00219250
-0.00209520
-0.00166647
-0.00149072
-0.00138794
-0.00104349
-0.00041543
-0.00006016
0.00047889
0.00023873
-0.00081775
-0.00063321
0.00051954
0.00144107
0.00191773
0.00257822
0.00328431
0.00387156
0.00403667
0.00398232
0.00393778
0.00394717
0.00381883
0.00337087
0.00235042
0.00126100
0.00118363
0.00132943
0.00115654
0.00123319
0.00231668
0.00359918
0.00443388
0.00412985
0.00373262
0.00340883
0.00319798
0.00311090
0.00289431
0.00213186
0.00162512
0.00132726
0.00129393
0.00164462
0.00167083
0.00139646
0.00108715
0.00091684
0.00085423
0.00055885
-0.00017447
-0.00051947
-0.00065277
-0.00079612
-0.00061917
-0.00089593
-0.00112858
-0.00083242
-0.00064290
-0.00092904
-0.00171055
-0.00169981
-0.00122346
-0.00097378
-0.00096159
-0.00071779
-0.00069765
-0.00061893
-0.00051870
-0.00065348
-0.00047269
-0.00012791
0.00073782
0.00121479
0.00041696
-0.00007025
0.00031377
0.00045583
0.00058223
0.00133797
0.00250884
0.00310516
0.00305487
0.00255807
0.00249798
0.00303008
0.00344326
0.00368245
0.00347510
0.00352375
0.00377437
0.00385129
0.00330629
0.00297361
0.00305733
0.00289846
0.00261012
0.00249282
0.00235093
0.00221517
0.00186338
0.00138283
0.00094602
0.00057966
0.00036268
0.00047661
0.00037090
-0.00053571
-0.00163104
-0.00252470
-0.00358788
-0.00372839
-0.00311058
-0.00270547
-0.00291707
-0.00344925
-0.00391475
-0.00380606
-0.00386505
-0.00413371
-0.00399596
-0.00359975
-0.00281941
-0.00256940
-0.00323101
-0.00371744
-0.00335722
-0.00263781
-0.00204720
-0.00167493
-0.00237348
-0.00331558
-0.00302371
-0.00211079
-0.00172378
-0.00165418
-0.00134787
-0.00093307
-0.00106263
-0.00104944
-0.00107144
-0.00127441
-0.00141640
-0.00135900
-0.00115947
-0.00060593
-0.00004200
0.00062480
0.00122135
0.00171431
0.00221446
0.00256341
0.00293204
0.00306937
0.00301671
0.00271132
0.00251644
0.00233239
0.00216183
0.00216322
0.00212317
0.00202995
0.00223994
0.00277854
0.00257050
0.00229662
0.00219004
0.00162366
0.00126257
0.00137256
0.00160301
0.00167899
0.00236888
0.00276747
0.00213527
0.00103525
0.00027572
-0.00017505
-0.00044368
-0.00085615
-0.00132484
-0.00146010
-0.00112093
-0.00060981
-0.00037664
-0.00011778
-0.00017556
-0.00041575
-0.00069919
-0.00084543
-0.00062560
-0.00038017
-0.00001774
0.00001823
0.00009557
0.00001302
0.00034876
0.00097161
0.00104396
0.00104904
0.00124806
0.00148747
0.00126135
0.00088546
0.00094739
0.00096308
0.00109041
0.00074760
0.00013228
-0.00068253
-0.00235779
-0.00347264
-0.00336211
-0.00300018
-0.00347334
-0.00427064
-0.00484590
-0.00582057
-0.00646047
-0.00618969
-0.00569837
-0.00571233
-0.00530283
-0.00435781
-0.00494737
-0.00615436
-0.00647305
-0.00605781
-0.00545662
-0.00445136
-0.00328965
-0.00242266
-0.00206267
-0.00199624
-0.00194755
-0.00157723
-0.00067918
0.00002545
0.00052225
0.00089579
0.00077666
0.00090317
0.00165148
0.00196509
0.00165374
0.00162804
0.00209723
0.00277478
0.00336579
0.00372865
0.00381235
0.00378725
0.00379365
0.00380532
0.00390797
0.00420251
0.00410242
0.00361808
0.00305799
0.00223129
0.00132363
0.00148993
0.00194409
0.00178423
0.00121292
0.00148855
0.00213391
0.00204753
0.00147882
0.00130961
0.00151125
0.00197771
0.00294679
0.00340962
0.00258739
0.00182163
0.00159192
0.00167657
0.00206053
0.00205212
0.00168955
0.00137916
0.00129557
0.00119324
0.00093245
0.00064544
0.00006892
-0.00025272
-0.00048422
-0.00049661
-0.00024417
-0.00038163
-0.00076511
-0.00124183
-0.00137334
-0.00127061
-0.00142158
-0.00163419
-0.00159224
-0.00164030
-0.00131953
-0.00086303
-0.00068841
-0.00074178
-0.00079893
-0.00078837
-0.00076560
-0.00077556
-0.00069776
-0.00041502
-0.00016360
0.00043398
0.00132051
0.00165181
0.00162950
0.00191616
0.00225067
0.00193346
0.00145985
0.00116609
0.00107465
0.00126198
0.00194114
0.00210311
0.00137368
0.00047134
0.00015087
0.00002101
0.00018693
0.00055601
0.00081641
0.00094058
0.00074191
0.00085175
0.00111654
0.00100829
0.00058167
0.00070435
0.00095395
0.00075259
0.00081102
0.00031349
-0.00058240
-0.00101054
-0.00120280
-0.00101685
-0.00077396
-0.00103037
-0.00141577
-0.00168452
-0.00153768
-0.00151455
-0.00177284
-0.00162203
-0.00166978
-0.00168141
-0.00180069
-0.00210382
-0.00182505
-0.00192653
-0.00223414
-0.00163078
-0.00073450
-0.00040768
-0.00075602
-0.00109372
-0.00144199
-0.00180461
-0.00166490
-0.00115116
-0.00088654
-0.00082676
-0.00006095
0.00003178
-0.00065662
-0.00111381
-0.00107358
-0.00097170
-0.00130429
-0.00182384
-0.00194873
-0.00156264
-0.00108026
-0.00113694
-0.00137296
-0.00128101
-0.00142398
-0.00169356
-0.00179568
-0.00190242
-0.00219496
-0.00259836
-0.00262059
-0.00259543
-0.00296801
-0.00325236
-0.00328832
-0.00366855
-0.00401805
-0.00409742
-0.00405178
-0.00426877
-0.00448999
-0.00456048
-0.00424284
-0.00393419
-0.00384154
-0.00386983
-0.00393164
-0.00483238
-0.00581191
-0.00501940
-0.00362751
-0.00244843
-0.00135205
-0.00081307
-0.00043472
-0.00021608
-0.00037103
-0.00020994
0.00037940
0.00113805
0.00234060
0.00273689
0.00219813
0.00213216
0.00243973
0.00285209
0.00331778
0.00388670
0.00400076
0.00431380
0.00480119
0.00523286
0.00541365
0.00571559
0.00601365
0.00594050
0.00637033
0.00697953
0.00703598
0.00699239
0.00695193
0.00666352
0.00670498
0.00649143
0.00610098
0.00549287
0.00500560
0.00488502
0.00483462
0.00458975
0.00495120
0.00550081
0.00508537
0.00440634
0.00403648
0.00370409
0.00322461
0.00213265
0.00145986
0.00160290
0.00187444
0.00161351
0.00103230
0.00047285
0.00029298
-0.00009132
-0.00083957
-0.00124529
-0.00124230
-0.00097312
0.00006065
0.00021553
-0.00097983
-0.00163882
-0.00135881
-0.00118287
-0.00146144
-0.00143158
-0.00088125
-0.00073843
-0.00118799
-0.00165016
-0.00149707
-0.00151498
-0.00181705
-0.00196942
-0.00177576
-0.00175127
-0.00188347
-0.00200117
-0.00214523
-0.00202053
-0.00155853
-0.00120252
-0.00115072
-0.00121878
-0.00120647
-0.00086956
-0.00082430
-0.00077610
-0.00091089
-0.00106977
-0.00107930
-0.00072761
-0.00050135
-0.00034358
-0.00043096
-0.00121314
-0.00203456
-0.00202036
-0.00157175
-0.00104780
-0.00057293
-0.00036793
-0.00031304
-0.00018905
0.00026420
0.00035403
0.00019144
0.00022362
0.00096228
0.00160093
0.00120004
0.00068944
0.00063113
0.00051669
0.00040648
0.00075837
0.00115164
0.00098277
0.00072548
0.00078163
0.00048513
0.00013316
0.00006502
0.00019178
0.00030011
0.00030949
0.00030716
0.00027338
-0.00002604
0.00006163
0.00059182
0.00084610
0.00058161
0.00033823
0.00033475
0.00039228
0.00014350
-0.00034913
-0.00057449
-0.00039652
-0.00063392
-0.00073287
-0.00068923
-0.00041906
0.00004929
-0.00031532
-0.00173521
-0.00209827
-0.00120437
-0.00028505
-0.00012377
-0.00080325
-0.00136483
-0.00166328
-0.00151804
-0.00160808
-0.00207301
-0.00222282
-0.00137016
-0.00073154
-0.00096480
-0.00163594
-0.00189432
-0.00145006
-0.00114591
-0.00148954
-0.00179228
-0.00173343
-0.00172139
-0.00165229
-0.00164469
-0.00148174
-0.00153706
-0.00164101
-0.00180144
-0.00164072
-0.00126980
-0.00109928
-0.00138721
-0.00182734
-0.00205728
-0.00212382
-0.00192699
-0.00146917
-0.00114862
-0.00110225
-0.00115583
-0.00123873
-0.00149028
-0.00110053
-0.00064170
-0.00047710
-0.00030631
-0.00030648
-0.00004531
-0.00052288
-0.00167457
-0.00115457
0.00008136
0.00042308
0.00031432
0.00039042
0.00094193
0.00161893
0.00210427
0.00209938
0.00214873
0.00261142
0.00327013
0.00376030
0.00339112
0.00301287
0.00278859
0.00275586
0.00272781
0.00257015
0.00252305
0.00268364
0.00309270
0.00309391
0.00263348
0.00212439
0.00200526
0.00225241
0.00218409
0.00183922
0.00166783
0.00175006
0.00187484
0.00164720
0.00127517
0.00129922
0.00093674
0.00019512
-0.00002012
-0.00029988
-0.00040667
-0.00034645
-0.00028220
-0.00037966
-0.00048164
-0.00026411
0.00011699
-0.00016061
-0.00012611
-0.00020713
-0.00124876
-0.00166109
-0.00114804
-0.00060334
-0.00099570
-0.00098760
-0.00076875
-0.00080484
-0.00081206
-0.00057134
-0.00038599
-0.00030878
0.00070924
0.00172891
0.00130717
0.00022380
0.00005363
0.00044701
0.00063467
0.00023522
-0.00024811
-0.00017840
0.00002396
-0.00014319
-0.00063305
-0.00056588
0.00006952
0.00056425
0.00047607
-0.00003126
-0.00042804
-0.00029571
0.00013663
0.00034891
0.00064673
0.00061693
0.00069339
0.00103003
0.00115555
0.00088724
0.00071562
0.00066079
0.00075358
0.00061824
0.00054587
0.00065925
0.00086414
0.00101621
0.00083257
0.00022409
-0.00066817
-0.00021007
0.00099116
0.00181486
0.00165752
0.00155103
0.00133116
0.00106363
0.00151772
0.00207617
0.00178131
0.00151734
0.00241655
0.00335964
0.00301576
0.00227480
0.00207749
0.00224609
0.00231973
0.00225302
0.00220104
0.00199584
0.00157536
0.00100347
0.00065019
0.00063832
0.00043773
-0.00010229
-0.00048635
-0.00075634
-0.00085307
-0.00085032
-0.00083722
-0.00088659
-0.00123812
-0.00159985
-0.00216308
-0.00275168
-0.00327620
-0.00375509
-0.00395925
-0.00394843
-0.00397835
-0.00432276
-0.00484361
-0.00498760
-0.00490390
-0.00503905
-0.00525124
-0.00610994
-0.00672552
-0.00612615
-0.00487465
-0.00408015
-0.00398157
-0.00372257
-0.00344612
-0.00356467
-0.00388115
-0.00383210
-0.00297442
-0.00207005
-0.00172244
-0.00169798
-0.00193240
-0.00232679
-0.00263403
-0.00313518
-0.00307736
-0.00268273
-0.00275023
-0.00284524
-0.00246420
-0.00206028
-0.00157486
-0.00088473
-0.00050885
-0.00050040
-0.00057823
-0.00058119
-0.00054592
-0.00028457
0.00016761
0.00066533
0.00061014
0.00049878
0.00040475
0.00057214
0.00122738
0.00167128
0.00153754
0.00099387
0.00069668
0.00072669
0.00080914
0.00080626
0.00078467
0.00094314
0.00073154
0.00019772
-0.00047347
-0.00029489
0.00097252
0.00216770
0.00246767
0.00229289
0.00220707
0.00227576
0.00233086
0.00232942
0.00260497
0.00325667
0.00445885
0.00462778
0.00323189
0.00213408
0.00207725
0.00236626
0.00228091
0.00192775
0.00208261
0.00240111
0.00253257
0.00252853
0.00256655
0.00265954
0.00244697
0.00204991
0.00164553
0.00157429
0.00171171
0.00188217
0.00244978
0.00242130
0.00140341
0.00077802
0.00092550
0.00127190
0.00145061
0.00164600
0.00196508
0.00196876
0.00188264
0.00192711
0.00204622
0.00211921
0.00189265
0.00193856
0.00186169
0.00099495
-0.00021416
-0.00052986
-0.00000240
0.00020937
-0.00019559
-0.00053629
-0.00054891
-0.00046605
-0.00063216
-0.00089281
-0.00077735
-0.00037397
0.00009666
0.00007838
-0.00040601
-0.00068412
-0.00069376
-0.00108508
-0.00153936
-0.00203647
-0.00198693
-0.00166547
-0.00222692
-0.00279624
-0.00253759
-0.00213943
-0.00206106
-0.00217527
-0.00223734
-0.00218677
-0.00236978
-0.00291444
-0.00321231
-0.00311458
-0.00317916
-0.00339414
-0.00329786
-0.00285682
-0.00256276
-0.00238008
-0.00244139
-0.00261631
-0.00250472
-0.00240949
-0.00232124
-0.00196222
-0.00136258
-0.00066959
-0.00031317
-0.00104694
-0.00164061
-0.00044878
0.00086609
0.00093142
0.00078113
0.00100236
0.00133237
0.00167554
0.00210681
0.00217237
0.00218552
0.00287030
0.00421419
0.00468236
0.00340942
0.00210413
0.00185306
0.00215623
0.00231254
0.00227446
0.00225058
0.00230370
0.00236588
0.00214463
0.00197474
0.00220582
0.00247047
0.00250976
0.00245373
0.00220174
0.00175982
0.00121177
0.00089925
0.00090588
0.00091712
0.00052688
0.00015893
-0.00011811
-0.00043169
-0.00060641
-0.00062098
-0.00058912
-0.00058411
-0.00059185
-0.00057662
-0.00057803
-0.00058913
-0.00034495
-0.00020959
-0.00050309
-0.00090733
-0.00020735
0.00085692
0.00158285
0.00191679
0.00157355
0.00076097
0.00043794
0.00081838
0.00145012
0.00190388
0.00202358
0.00252751
0.00267749
0.00249408
0.00235227
0.00236489
0.00241478
0.00241246
0.00211794
0.00200276
0.00213670
0.00194196
0.00179213
0.00181966
0.00176480
0.00185973
0.00152636
0.00105200
0.00096303
0.00129720
0.00135856
0.00149775
0.00186240
0.00203065
0.00227157
0.00246758
0.00251999
0.00235854
0.00191850
0.00138225
0.00088235
0.00037865
0.00013069
0.00014635
-0.00009283
-0.00048177
-0.00076836
-0.00112480
-0.00199740
-0.00313668
-0.00314305
-0.00194284
-0.00125420
-0.00163008
-0.00183087
-0.00137321
-0.00086651
-0.00130178
-0.00153794
-0.00122521
-0.00082333
-0.00061304
-0.00062066
-0.00105873
-0.00148402
-0.00177545
-0.00197146
-0.00205325
-0.00250168
-0.00279220
-0.00238915
-0.00200207
-0.00226290
-0.00241056
-0.00233511
-0.00239483
-0.00240025
-0.00266770
-0.00319029
-0.00356208
-0.00365530
-0.00360910
-0.00357949
-0.00361391
-0.00365247
-0.00364832
-0.00361258
-0.00360385
-0.00362460
-0.00360963
-0.00358682
-0.00356239
-0.00352287
-0.00361798
-0.00386628
-0.00399153
-0.00371623
-0.00347274
-0.00415750
-0.00485187
-0.00404545
-0.00296656
-0.00261220
-0.00226592
-0.00164087
-0.00136875
-0.00107759
-0.00081778
-0.00065210
-0.00053712
0.00001796
0.00088276
0.00117742
0.00052193
-0.00005705
0.00044249
0.00146486
0.00192723
0.00189210
0.00186248
0.00199489
0.00213416
0.00234290
0.00260987
0.00248702
0.00233046
0.00263703
0.00271930
0.00247057
0.00235092
0.00269988
0.00276191
0.00247445
0.00229084
0.00233717
0.00241830
0.00242156
0.00239036
0.00234698
0.00202421
0.00201498
0.00223566
0.00238103
0.00238326
0.00212797
0.00165826
0.00111687
0.00080977
0.00025410
-0.00038644
0.00013606
0.00109435
0.00142350
0.00100644
0.00067426
0.00067299
0.00045254
-0.00007276
-0.00059872
-0.00078221
-0.00071089
-0.00018099
0.00001543
-0.00044259
-0.00080109
-0.00082795
-0.00102662
-0.00102415
-0.00085971
-0.00103170
-0.00104224
-0.00082773
-0.00066222
-0.00067188
-0.00073224
-0.00093075
-0.00112826
-0.00098437
-0.00106521
-0.00102788
-0.00104081
-0.00142259
-0.00126249
-0.00084476
-0.00087123
-0.00142683
-0.00149372
-0.00123196
-0.00089174
-0.00126199
-0.00182284
-0.00172815
-0.00112052
-0.00071337
-0.00070533
-0.00083401
-0.00112188
-0.00112817
-0.00187145
-0.00249552
-0.00196569
-0.00103930
-0.00063460
-0.00070701
-0.00082502
-0.00080237
-0.00070681
-0.00065151
-0.00063144
-0.00068801
-0.00079389
-0.00008775
0.00022509
-0.00028970
-0.00071858
-0.00041713
-0.00022268
-0.00010462
-0.00001475
-0.00024146
-0.00005233
0.00053714
0.00087310
0.00104017
0.00135226
0.00142031
0.00157284
0.00201678
0.00197620
0.00149019
0.00142070
0.00146273
0.00089779
-0.00011929
-0.00065711
-0.00027578
0.00042737
0.00093642
0.00085780
0.00059416
0.00080937
0.00115498
0.00131911
0.00148924
0.00170728
0.00161980
0.00177781
0.00159952
0.00072803
0.00015533
0.00049117
0.00120367
0.00149218
0.00149241
0.00131847
0.00097737
0.00076520
0.00079128
0.00093895
0.00103207
0.00135833
0.00213626
0.00214734
0.00134221
0.00087450
0.00122034
0.00163275
0.00170731
0.00165443
0.00161931
0.00142157
0.00125789
0.00100917
0.00086845
0.00102393
0.00122707
0.00128233
0.00150440
0.00183584
0.00152262
0.00141004
0.00142095
0.00125428
0.00141276
0.00122481
0.00081142
0.00050328
-0.00012650
-0.00043438
-0.00051398
-0.00067612
-0.00080677
-0.00083040
-0.00080240
-0.00078973
-0.00065396
-0.00025897
-0.00015309
-0.00054621
-0.00085069
-0.00069699
-0.00019673
0.00036911
0.00069480
0.00073744
0.00071471
0.00053203
0.00030908
0.00035964
0.00081953
0.00099722
0.00115666
0.00102843
0.00026220
-0.00059218
-0.00089408
-0.00080809
-0.00072766
-0.00078637
-0.00111717
-0.00111335
-0.00085638
-0.00071857
-0.00074730
-0.00074081
-0.00040060
-0.00042466
-0.00069446
-0.00066291
-0.00071470
-0.00051001
-0.00051443
-0.00069858
-0.00080187
-0.00078386
-0.00069358
-0.00033947
-0.00036594
-0.00041816
-0.00005468
0.00058178
0.00071869
0.00069375
0.00127171
0.00206305
0.00224869
0.00184452
0.00178065
0.00144111
0.00053197
0.00056701
0.00130550
0.00175929
0.00166817
0.00097859
0.00038939
0.00030369
0.00045949
0.00052951
0.00028482
0.00050349
0.00154170
0.00182115
0.00056504
-0.00037201
-0.00065213
-0.00038612
-0.00001028
-0.00007593
-0.00013195
-0.00008472
-0.00037123
-0.00067879
-0.00075707
-0.00060728
0.00000802
0.00028991
0.00022078
0.00046458
0.00077540
0.00047987
-0.00020343
-0.00034632
-0.00045198
-0.00060692
-0.00069526
-0.00069877
-0.00095027
-0.00103293
-0.00091274
-0.00102219
-0.00129784
-0.00175497
-0.00167891
-0.00148203
-0.00134784
-0.00093405
-0.00083371
-0.00180352
-0.00235899
-0.00157221
-0.00030101
-0.00004910
-0.00068122
-0.00123349
-0.00127356
-0.00094384
-0.00104908
-0.00091185
-0.00074399
-0.00053966
-0.00024881
-0.00020269
-0.00083231
-0.00144147
-0.00151323
-0.00132979
-0.00150884
-0.00187776
-0.00198947
-0.00144837
-0.00096285
-0.00130276
-0.00166376
-0.00133895
-0.00077459
-0.00057041
-0.00064093
-0.00037890
0.00004694
-0.00008314
-0.00048954
-0.00079071
-0.00094841
-0.00100820
-0.00110960
-0.00083433
-0.00061511
-0.00086750
-0.00103230
-0.00100482
-0.00117549
-0.00164828
-0.00190927
-0.00164782
-0.00142529
-0.00097801
-0.00027377
-0.00025535
-0.00077663
-0.00029099
0.00072689
0.00116944
0.00105398
0.00091198
0.00094110
0.00101029
0.00101772
0.00100577
0.00105795
0.00182345
0.00309193
0.00289557
0.00182762
0.00106979
0.00105428
0.00130962
0.00135803
0.00098426
0.00096540
0.00081834
0.00049723
0.00043169
0.00025551
-0.00011792
0.00022835
0.00056196
0.00080041
0.00140909
0.00115585
0.00018233
0.00013747
0.00103535
0.00167220
0.00180842
0.00179947
0.00206578
0.00233055
0.00240494
0.00238425
0.00241400
0.00246870
0.00252615
0.00256594
0.00252681
0.00216043
0.00161956
0.00111156
0.00039986
-0.00023403
-0.00044878
-0.00041486
-0.00037759
-0.00039683
-0.00041761
-0.00039614
-0.00037516
-0.00038683
-0.00040211
-0.00040268
-0.00031338
0.00049911
0.00068460
-0.00001967
-0.00051904
-0.00049931
-0.00034516
-0.00032721
-0.00038547
-0.00040497
-0.00038360
-0.00034627
-0.00022096
0.00013142
0.00010229
-0.00012025
-0.00017813
-0.00006527
0.00008542
0.00023492
0.00062387
0.00085070
0.00059417
0.00037507
0.00040915
0.00054460
0.00063970
0.00070906
0.00079172
0.00064649
-0.00025051
-0.00073468
-0.00070899
-0.00088884
-0.00136970
-0.00174942
-0.00180714
-0.00173171
-0.00168948
-0.00171013
-0.00159644
-0.00086951
-0.00018326
-0.00001958
-0.00013128
-0.00017289
0.00018820
0.00057259
0.00049972
0.00033997
0.00050376
0.00113187
0.00136672
0.00020400
-0.00077237
-0.00043885
0.00018501
0.00063616
0.00083585
0.00090891
0.00068644
0.00070562
0.00067157
0.00004213
-0.00005934
0.00064132
0.00091813
0.00077503
0.00068028
0.00074468
0.00084783
0.00071586
0.00052803
0.00074766
0.00080243
0.00015759
-0.00037176
-0.00007821
0.00063527
0.00116592
0.00120707
0.00084904
0.00091764
0.00120868
0.00127776
0.00062681
-0.00013816
-0.00040529
-0.00057747
-0.00096723
-0.00076618
-0.00036236
-0.00020436
-0.00026285
-0.00033211
-0.00032717
-0.00029591
-0.00027288
-0.00028388
-0.00028458
-0.00021384
0.00034765
0.00040276
-0.00009181
-0.00040589
-0.00037727
-0.00027786
-0.00025694
-0.00034639
-0.00095287
-0.00149012
-0.00126243
-0.00093951
-0.00130111
-0.00199608
-0.00221401
-0.00195422
-0.00121499
-0.00036372
-0.00075774
-0.00258617
-0.00321617
-0.00254303
-0.00170287
-0.00160321
-0.00171589
-0.00166247
-0.00178723
-0.00219412
-0.00240492
-0.00236886
-0.00207024
-0.00121481
-0.00097580
-0.00095196
-0.00047854
0.00001858
-0.00027730
-0.00111169
-0.00192835
-0.00138764
0.00011096
0.00034645
-0.00031969
-0.00067435
-0.00052648
-0.00008587
-0.00028728
-0.00089375
-0.00089557
-0.00024841
0.00090126
0.00102097
-0.00040064
-0.00129598
-0.00092276
-0.00047831
-0.00096583
-0.00152342
-0.00160421
-0.00147647
-0.00146015
-0.00153971
-0.00161569
-0.00195082
-0.00219997
-0.00243653
-0.00228347
-0.00121313
-0.00029557
-0.00018818
-0.00019303
-0.00014793
-0.00013903
-0.00038433
-0.00091179
-0.00125470
-0.00163394
-0.00185365
-0.00177469
-0.00197458
-0.00224469
-0.00219001
-0.00174673
-0.00159899
-0.00168903
-0.00164957
-0.00141772
-0.00143104
-0.00149406
-0.00078570
-0.00020855
0.00033497
0.00027546
0.00037286
0.00106762
0.00140820
0.00149135
0.00136361
0.00113520
0.00132403
0.00188537
0.00214494
0.00147775
0.00078735
0.00065162
0.00079240
0.00084850
0.00079705
0.00075946
0.00091358
0.00118727
0.00103114
0.00077931
0.00086723
0.00137069
0.00154417
0.00113665
0.00080580
0.00083794
0.00130097
0.00169030
0.00144086
0.00084679
0.00017513
0.00027189
0.00042883
0.00005866
-0.00026973
-0.00000124
0.00034308
0.00070525
0.00067379
0.00070755
0.00080895
0.00042694
0.00021332
0.00010697
-0.00065975
-0.00162237
-0.00139828
0.00029428
0.00173651
0.00189524
0.00130457
0.00129947
0.00143115
0.00125814
0.00076377
0.00069831
0.00115354
0.00185418
0.00182215
0.00155772
0.00122850
0.00138343
0.00171120
0.00151968
0.00083355
0.00051040
0.00055161
0.00117821
0.00158080
0.00162281
0.00126986
0.00099923
0.00066780
0.00070801
0.00098883
0.00123184
0.00141750
0.00107236
0.00062047
0.00058310
0.00043124
0.00008781
0.00023725
0.00003803
-0.00036659
-0.00026151
-0.00022113
-0.00023004
-0.00013182
0.00002664
0.00033335
0.00025759
-0.00025087
-0.00012181
-0.00041531
-0.00148101
-0.00161493
-0.00072654
-0.00026360
-0.00016772
-0.00042214
-0.00058746
-0.00072372
-0.00084834
-0.00035746
0.00013783
0.00016942
0.00052129
0.00075259
0.00013831
-0.00078024
-0.00104599
-0.00084682
-0.00067708
-0.00108376
-0.00128695
-0.00136875
-0.00144062
-0.00113599
-0.00116903
-0.00116240
-0.00072362
-0.00029093
-0.00019224
-0.00024008
0.00006367
0.00058202
0.00077870
0.00093642
0.00114198
0.00126730
0.00108023
0.00081726
0.00095280
0.00089681
0.00099760
0.00123044
0.00134950
0.00133443
0.00131273
0.00136207
0.00144503
0.00176366
0.00171793
0.00097871
0.00066969
0.00114791
0.00139026
0.00119912
0.00129295
0.00200089
0.00232121
0.00184059
0.00142989
0.00164243
0.00220155
0.00248265
0.00273002
0.00266182
0.00230055
0.00214391
0.00179130
0.00118464
0.00108360
0.00151876
0.00152782
0.00154466
0.00183524
0.00175534
0.00140121
0.00115131
0.00095727
0.00064223
0.00076904
0.00096691
0.00116487
0.00130706
0.00196880
0.00238428
0.00255649
0.00211168
0.00131090
0.00141352
0.00139135
0.00092223
0.00108342
0.00121246
0.00111159
0.00105198
0.00118451
0.00138307
0.00162063
0.00140301
0.00054940
-0.00074762
-0.00088952
0.00013867
0.00088292
0.00083026
0.00005598
-0.00066935
-0.00078843
-0.00014621
0.00003421
-0.00040722
-0.00043197
-0.00020269
-0.00041758
-0.00122431
-0.00120684
-0.00073359
-0.00051942
-0.00091437
-0.00192071
-0.00219727
-0.00199973
-0.00168733
-0.00165269
-0.00192735
-0.00186067
-0.00146269
-0.00117529
-0.00086980
-0.00091004
-0.00124621
-0.00126958
-0.00154852
-0.00272317
-0.00358042
-0.00256653
-0.00146707
-0.00136085
-0.00153454
-0.00152705
-0.00131810
-0.00088073
-0.00062647
-0.00062209
-0.00067721
-0.00078306
-0.00102231
-0.00090559
-0.00079188
-0.00111898
-0.00228799
-0.00350385
-0.00259410
-0.00107848
-0.00042940
-0.00036750
-0.00082181
-0.00116389
-0.00122757
-0.00140704
-0.00155007
-0.00132319
-0.00037605
0.00062395
0.00050458
-0.00021359
-0.00114798
-0.00106522
-0.00036566
-0.00030994
-0.00076338
-0.00116280
-0.00124987
-0.00126857
-0.00101859
-0.00072584
-0.00063133
-0.00066730
-0.00069392
-0.00112607
-0.00152154
-0.00183518
-0.00203833
-0.00209622
-0.00208471
-0.00210755
-0.00239564
-0.00211109
-0.00185531
-0.00167873
-0.00129849
-0.00102490
-0.00096169
-0.00103458
-0.00117928
-0.00147945
-0.00155056
-0.00123973
-0.00111241
-0.00130555
-0.00196124
-0.00220809
-0.00118385
-0.00052940
-0.00071289
-0.00081437
-0.00067975
-0.00080962
-0.00094569
-0.00074011
-0.00020292
0.00050481
0.00093915
0.00151660
0.00166681
0.00122557
0.00061773
0.00045741
0.00067970
0.00058160
0.00064996
0.00112826
0.00175753
0.00202787
0.00183708
0.00179735
0.00151814
0.00110780
0.00127251
0.00163050
0.00133998
0.00095951
0.00086675
0.00095532
0.00098736
0.00094367
0.00078329
0.00023276
0.00001278
-0.00001558
-0.00027309
-0.00022913
-0.00023594
-0.00040949
-0.00025345
-0.00021635
-0.00041605
-0.00055226
-0.00050427
-0.00042326
-0.00082589
-0.00156169
-0.00143326
-0.00028582
0.00060572
0.00071023
0.00020437
-0.00016627
-0.00012304
0.00005306
0.00010541
0.00006666
0.00029102
0.00110657
0.00154842
0.00122563
0.00037880
-0.00040248
-0.00045923
-0.00026482
-0.00026934
-0.00025610
-0.00064555
-0.00076795
-0.00066835
-0.00032628
-0.00039739
-0.00017048
-0.00008181
-0.00013543
-0.00067105
-0.00114481
-0.00123556
-0.00112705
-0.00103361
-0.00055402
-0.00039310
-0.00064723
-0.00078561
-0.00094960
-0.00105263
-0.00085475
-0.00044668
-0.00046990
-0.00084164
-0.00070303
-0.00040608
-0.00064888
-0.00103917
-0.00120560
-0.00189626
-0.00264372
-0.00211504
-0.00108000
-0.00013909
0.00020486
-0.00013280
-0.00068886
-0.00093463
-0.00089839
-0.00058271
-0.00002779
0.00061083
0.00159657
0.00158746
0.00060074
0.00009574
0.00009502
0.00038683
0.00068534
0.00049920
0.00007705
-0.00004572
-0.00021280
-0.00020155
-0.00006746
0.00010965
0.00026370
0.00051414
0.00082825
0.00046970
0.00004982
-0.00029396
-0.00047030
-0.00030007
-0.00012591
-0.00036500
-0.00061474
-0.00066810
-0.00063784
-0.00060335
-0.00063302
-0.00064971
-0.00041321
-0.00046433
-0.00064975
-0.00073473
-0.00076810
-0.00104936
-0.00129012
-0.00176719
-0.00176826
-0.00104366
-0.00059127
-0.00082956
-0.00083184
-0.00056679
-0.00041017
-0.00041180
-0.00032278
0.00033668
0.00102210
0.00129416
0.00177116
0.00181130
0.00139594
0.00113374
0.00117084
0.00127019
0.00164097
0.00239475
0.00255697
0.00231680
0.00183439
0.00164316
0.00187786
0.00189432
0.00185473
0.00178567
0.00155675
0.00186119
0.00219641
0.00225616
0.00208684
0.00215784
0.00218167
0.00209322
0.00174780
0.00175998
0.00212977
0.00238941
0.00236937
0.00258903
0.00257504
0.00229204
0.00228748
0.00229118
0.00226318
0.00225510
0.00198521
0.00126450
0.00088306
0.00155131
0.00218731
0.00222281
0.00217948
0.00219007
0.00193701
0.00141505
0.00131996
0.00160823
0.00184319
0.00233325
0.00335233
0.00359988
0.00261648
0.00148722
0.00138450
0.00212873
0.00238132
0.00208545
0.00189365
0.00209578
0.00229850
0.00175474
0.00166803
0.00157397
0.00096051
0.00053694
0.00053210
0.00069194
0.00075399
0.00070812
0.00036267
-0.00012467
-0.00060617
-0.00082391
-0.00110018
-0.00110173
-0.00084267
-0.00065789
-0.00079379
-0.00098261
-0.00048299
-0.00024286
-0.00062967
-0.00120393
-0.00168005
-0.00165372
-0.00160440
-0.00208585
-0.00293050
-0.00286941
-0.00230677
-0.00189712
-0.00143974
-0.00120733
-0.00093821
-0.00090331
-0.00110623
-0.00068326
-0.00026480
0.00027540
0.00068021
0.00062427
-0.00014289
-0.00077645
-0.00074095
-0.00064510
-0.00078802
-0.00053441
-0.00042877
-0.00047166
-0.00008559
-0.00049969
-0.00128280
-0.00174624
-0.00192508
-0.00179943
-0.00179043
-0.00144132
-0.00131475
-0.00139294
-0.00149711
-0.00140551
-0.00136746
-0.00172632
-0.00183024
-0.00186707
-0.00164150
-0.00153650
-0.00159976
-0.00154969
-0.00162039
-0.00167091
-0.00165973
-0.00152148
-0.00169404
-0.00204501
-0.00219852
-0.00215215
-0.00181434
-0.00133499
-0.00083512
-0.00089450
-0.00127145
-0.00105419
-0.00022872
0.00053342
0.00088052
0.00088945
0.00085318
0.00126530
0.00194243
0.00156612
0.00050330
0.00009475
0.00055573
0.00071066
0.00063175
0.00062467
0.00051189
0.00065552
0.00053404
0.00034835
0.00017412
0.00008506
-0.00012479
-0.00012277
0.00001469
0.00000533
-0.00011096
-0.00034289
-0.00061555
-0.00054283
-0.00038843
-0.00008547
-0.00015356
-0.00048395
-0.00026414
0.00027651
0.00055857
0.00040346
-0.00004278
-0.00027346
0.00007799
0.00061230
0.00066672
0.00021517
-0.00030500
-0.00102279
-0.00154353
-0.00124595
-0.00012153
0.00006443
-0.00080867
-0.00119141
-0.00125983
-0.00117928
-0.00080957
-0.00052086
-0.00018945
0.00025522
0.00108451
0.00163641
0.00073666
-0.00076220
-0.00134972
-0.00115824
-0.00093747
-0.00093411
-0.00099756
-0.00099191
-0.00091511
-0.00085312
-0.00080638
-0.00077597
-0.00075784
-0.00071302
-0.00067073
-0.00065882
-0.00066371
-0.00062497
-0.00026457
-0.00011590
-0.00034740
-0.00063239
-0.00087255
-0.00065894
-0.00038029
-0.00030573
-0.00035607
-0.00039086
-0.00066054
-0.00101249
-0.00086560
-0.00033489
0.00028141
0.00043417
-0.00001040
-0.00085134
-0.00176775
-0.00123600
-0.00026101
0.00005747
-0.00010629
0.00007686
0.00037744
0.00062180
0.00059724
0.00023119
0.00004548
0.00022829
0.00137440
0.00227187
0.00139368
0.00025754
0.00000826
0.00029827
0.00045172
0.00012931
0.00001743
0.00029629
0.00050805
0.00024787
-0.00029028
-0.00070959
-0.00052799
-0.00036257
-0.00063507
-0.00047836
-0.00052858
-0.00024022
-0.00005609
-0.00031044
-0.00042060
-0.00010746
-0.00017321
-0.00039941
-0.00049501
-0.00023409
0.00004733
0.00021003
0.00010233
-0.00019947
0.00014251
0.00035652
0.00036023
0.00048098
0.00044752
-0.00048611
-0.00127699
-0.00051172
0.00051482
0.00055598
0.00047434
0.00062316
0.00103659
0.00117957
0.00093430
0.00073470
0.00072161
0.00110104
0.00179957
0.00154588
0.00056157
0.00032381
0.00090675
0.00102045
0.00063785
0.00057004
0.00047307
0.00042560
0.00065631
0.00086028
0.00089042
0.00083701
0.00052964
0.00015565
0.00028742
0.00072664
0.00093088
0.00088079
0.00081310
0.00082292
0.00085309
0.00085573
0.00084038
0.00058040
0.00012078
-0.00016798
0.00003801
0.00062624
0.00073123
0.00032764
0.00028436
0.00059568
0.00053422
0.00033538
-0.00003559
-0.00103931
-0.00136155
-0.00065338
0.00008357
0.00005050
0.00014555
0.00060896
0.00090498
0.00089454
0.00080647
0.00079308
0.00057770
0.00081516
0.00179251
0.00202594
0.00115645
0.00030622
0.00041831
0.00055155
0.00056643
0.00058115
0.00042071
0.00057031
0.00079734
0.00075553
0.00032152
0.00001160
-0.00017812
-0.00020012
-0.00044724
-0.00068424
-0.00073787
-0.00079739
-0.00104697
-0.00123912
-0.00140001
-0.00129755
-0.00148806
-0.00142818
-0.00137369
-0.00141570
-0.00162164
-0.00159300
-0.00160669
-0.00165778
-0.00183459
-0.00178349
-0.00169855
-0.00154436
-0.00130381
-0.00206035
-0.00281965
-0.00215281
-0.00127109
-0.00114672
-0.00137456
-0.00128828
-0.00112660
-0.00112947
-0.00099004
-0.00075378
-0.00067350
-0.00055821
0.00015519
0.00066453
-0.00005474
-0.00120411
-0.00146628
-0.00158388
-0.00160707
-0.00186672
-0.00177744
-0.00144608
-0.00124296
-0.00112476
-0.00083092
-0.00062815
-0.00045470
0.00021271
0.00053330
0.00063774
0.00074434
0.00053676
0.00040206
0.00028376
0.00036075
0.00069369
0.00089784
0.00089414
0.00085421
0.00089692
0.00096668
0.00102416
0.00086685
0.00082856
0.00122382
0.00128981
0.00084675
0.00046657
0.00021433
-0.00054951
-0.00089973
-0.00025576
0.00089596
0.00150632
0.00148158
0.00134215
0.00134785
0.00115423
0.00118228
0.00140908
0.00157188
0.00177649
0.00237067
0.00238872
0.00181393
0.00146876
0.00152427
0.00161627
0.00128963
0.00122172
0.00147148
0.00164188
0.00164102
0.00158006
0.00161713
0.00154448
0.00137971
0.00154186
0.00177936
0.00186378
0.00169116
0.00129896
0.00066004
0.00035626
0.00075487
0.00117131
0.00086156
0.00034810
0.00044216
0.00076863
0.00089388
0.00086559
0.00084387
0.00089156
0.00095048
0.00099084
0.00097605
0.00065479
0.00015346
-0.00075690
-0.00138137
-0.00078598
0.00000959
-0.00018617
-0.00091549
-0.00136148
-0.00123698
-0.00101267
-0.00084772
-0.00078394
-0.00059856
-0.00041557
-0.00013301
-0.00044161
-0.00136079
-0.00191938
-0.00192835
-0.00179480
-0.00158486
-0.00147327
-0.00167606
-0.00208937
-0.00203672
-0.00174467
-0.00158267
-0.00158018
-0.00160161
-0.00155396
-0.00148348
-0.00123629
-0.00108845
-0.00148615
-0.00179940
-0.00176807
-0.00138995
-0.00127304
-0.00114391
-0.00101751
-0.00114643
-0.00129627
-0.00128379
-0.00119913
-0.00125054
-0.00156424
-0.00188821
-0.00156386
-0.00121916
-0.00117400
-0.00103064
-0.00128195
-0.00172109
-0.00143688
-0.00075666
-0.00024696
-0.00036043
-0.00043912
-0.00012376
0.00018222
-0.00012018
-0.00026646
0.00011796
0.00105597
0.00177497
0.00185498
0.00109018
0.00034013
0.00034557
0.00060376
0.00032570
-0.00002937
0.00024786
0.00060299
0.00070447
0.00085691
0.00098656
0.00090981
0.00064929
0.00050838
0.00052058
0.00055656
0.00055137
0.00058828
0.00080876
0.00075912
0.00057209
0.00047872
0.00049500
0.00057729
0.00079313
0.00071251
0.00051762
0.00049953
0.00075523
0.00093164
0.00104213
0.00089037
0.00065545
0.00077522
0.00089359
0.00030766
0.00002237
0.00030060
0.00056220
0.00054806
0.00042352
0.00038033
0.00040657
0.00043719
0.00053018
0.00069736
0.00058611
0.00074816
0.00139503
0.00135618
0.00066907
0.00024153
0.00027000
0.00057443
0.00063141
0.00034486
-0.00003003
-0.00007791
0.00022992
0.00043411
0.00032774
0.00001169
-0.00004975
-0.00003638
-0.00010167
-0.00009675
-0.00004414
-0.00019334
-0.00030080
-0.00009371
0.00003442
-0.00012825
0.00002195
0.00015758
-0.00007845
-0.00047488
-0.00044872
-0.00018081
-0.00003713
-0.00004749
-0.00007946
-0.00004398
0.00003248
0.00006843
-0.00012505
-0.00076820
-0.00114404
-0.00075267
-0.00015926
0.00013084
-0.00003343
-0.00015172
-0.00018802
-0.00007161
-0.00001021
-0.00031609
-0.00044195
-0.00005975
0.00038454
0.00043006
-0.00009881
-0.00056921
-0.00077777
-0.00070556
-0.00037796
-0.00032100
-0.00044108
-0.00050090
-0.00041751
-0.00014671
-0.00000058
-0.00029805
-0.00053249
-0.00059085
-0.00067668
-0.00077561
-0.00067397
-0.00044713
-0.00024644
-0.00023592
-0.00019761
-0.00009151
-0.00007034
0.00013057
0.00018852
0.00012524
0.00007901
0.00008735
0.00013085
0.00028355
0.00043627
0.00034809
0.00022529
0.00028806
0.00018833
-0.00016824
-0.00017613
0.00011043
0.00041740
0.00043940
0.00009177
-0.00006062
0.00004673
0.00017187
0.00013975
0.00001105
0.00001465
0.00020885
0.00060311
0.00063154
0.00014733
-0.00027452
-0.00020868
0.00010628
0.00029792
0.00029153
0.00024812
0.00027828
0.00042855
0.00044497
0.00033590
0.00027133
0.00029266
0.00032301
0.00031689
0.00029182
0.00028168
0.00028867
0.00029164
0.00028071
0.00026762
0.00036393
0.00046129
0.00046526
0.00038605
0.00033363
0.00035404
0.00039112
0.00029218
0.00022087
0.00025473
0.00036560
0.00045385
0.00039153
0.00028453
0.00005016
-0.00006443
0.00004531
0.00026626
0.00042887
0.00039251
0.00031748
0.00019445
0.00017398
0.00024961
0.00029141
0.00033076
0.00036610
0.00040968
0.00039678
0.00020282
0.00004565
0.00002747
0.00012095
0.00022269
0.00028595
0.00023569
0.00016585
0.00016762
0.00016740
0.00014148
0.00009708
0.00007496
0.00003410
0.00000890
0.00004824
0.00002149
-0.00004948
-0.00007591
-0.00011720
-0.00012356
-0.00011204
-0.00012553
-0.00013729
-0.00014164
-0.00011725
-0.00011641
-0.00012473
-0.00014845
-0.00016806
-0.00016974
-0.00011534
-0.00009059
-0.00013183
-0.00016927
-0.00020101
-0.00023196
-0.00020513
-0.00013070
-0.00008431
-0.00007778
-0.00010707
-0.00010750
-0.00009432
-0.00007307
-0.00005439
-0.00005954
-0.00004911
-0.00002249
-0.00002952
-0.00006361
-0.00009240
-0.00009511
-0.00008466
-0.00007538
-0.00007018
-0.00006907
-0.00008041
-0.00008709
-0.00009078
-0.00008247
-0.00005853
-0.00004657
-0.00005496
-0.00005541
-0.00004415
-0.00003608
-0.00004637
-0.00004811
-0.00004139
-0.00004348
-0.00004696
-0.00004513
-0.00004747
-0.00005736
-0.00006421
-0.00005722
-0.00004838
-0.00005056
-0.00005819
-0.00005263
-0.00004952
-0.00004599
-0.00004223
-0.00004380
-0.00004854
-0.00004825
-0.00003567
-0.00002148
-0.00001805
-0.00001720
-0.00001087
-0.00001009
-0.00001300
-0.00000992
-0.00000046
0.00000630
0.00001039
0.00002035
0.00002714
0.00002480
0.00002066
0.00001847
0.00001512
0.00001484
0.00001595
0.00001544
0.00001170
0.00001072
0.00001029
0.00000920
0.00000919
0.00000902
0.00000665
0.00000189
0.00000152
0.00000158
-0.00000067
-0.00000261
-0.00000299
-0.00000281
-0.00000219
-0.00000135
-0.00000115
-0.00000134
-0.00000243
-0.00000372
-0.00000389
-0.00000370
-0.00000452
-0.00000605
-0.00000608
-0.00000583
-0.00000615
-0.00000720
-0.00000904
-0.00001079
-0.00001042
-0.00000957
-0.00000983
-0.00001065
-0.00001124
-0.00001156
-0.00001187
-0.00001227
-0.00001248
-0.00001261
-0.00001285
-0.00001338
-0.00001433
-0.00001522
-0.00001580
-0.00001624
-0.00001672
-0.00001734
-0.00001789
-0.00001825
-0.00001875
-0.00001930
-0.00001988
-0.00002052
-0.00002117
-0.00002178
-0.00002233
-0.00002288
-0.00002347
-0.00002409
-0.00002473
-0.00002538
-0.00002601
-0.00002663
-0.00002726
-0.00002791
-0.00002856
-0.00002923
-0.00002988
-0.00003056
-0.00003126
-0.00003197
-0.00003268
-0.00003341
-0.00003413
-0.00003487
-0.00003561
-0.00003636
-0.00003711
-0.00003788
-0.00003864
-0.00003941
-0.00004019
-0.00004098
-0.00004177
-0.00004257
-0.00004337
-0.00004418
-0.00004500
-0.00004582
-0.00004664
-0.00004747
-0.00004831
-0.00004915
-0.00004999
-0.00005084
-0.00005169
-0.00005254
-0.00005340
-0.00005426
-0.00005512
-0.00005599
-0.00005686
-0.00005773
-0.00005860
-0.00005948
-0.00006036
-0.00006124
-0.00006212
-0.00006301
-0.00006389
-0.00006478
