0.00004864
0.00004813
0.00004761
0.00004709
0.00004657
0.00004605
0.00004551
0.00004496
0.00004436
0.00004373
0.00004309
0.00004246
0.00004176
0.00004096
0.00004012
0.00003921
0.00003822
0.00003758
0.00003708
0.00003642
0.00003577
0.00003619
0.00003750
0.00003831
0.00003785
0.00003578
0.00003278
0.00003098
0.00003214
0.00003861
0.00005373
0.00007418
0.00009234
0.00009685
0.00009330
0.00009002
0.00008530
0.00007531
0.00005233
0.00001823
-0.00001827
-0.00005064
-0.00007257
-0.00010142
-0.00014677
-0.00021017
-0.00026925
-0.00031316
-0.00033152
-0.00033230
-0.00034980
-0.00038611
-0.00040910
-0.00038473
-0.00029803
-0.00014454
0.00001430
0.00015372
0.00024641
0.00028560
0.00032560
0.00038125
0.00044821
0.00050856
0.00052479
0.00048739
0.00040898
0.00030025
0.00018067
0.00012746
0.00022347
0.00041432
0.00056271
0.00070209
0.00086232
0.00099467
0.00115568
0.00125463
0.00114116
0.00084009
0.00063474
0.00067927
0.00091188
0.00110478
0.00120282
0.00128366
0.00137844
0.00144950
0.00148987
0.00158646
0.00184829
0.00232375
0.00293852
0.00349893
0.00380366
0.00400164
0.00417787
0.00422679
0.00404009
0.00359984
0.00300710
0.00239935
0.00194668
0.00166426
0.00153209
0.00148266
0.00161585
0.00179424
0.00178161
0.00156269
0.00115200
0.00051328
-0.00025153
-0.00129126
-0.00245089
-0.00332640
-0.00376367
-0.00391787
-0.00398321
-0.00392769
-0.00360398
-0.00306994
-0.00252626
-0.00206356
-0.00190785
-0.00196616
-0.00191785
-0.00163825
-0.00113041
-0.00051628
0.00025140
0.00100337
0.00113489
0.00080386
0.00015856
-0.00054903
-0.00079052
-0.00042524
0.00000565
0.00044327
0.00095757
0.00148696
0.00206673
0.00279335
0.00351138
0.00408737
0.00463990
0.00519450
0.00604735
0.00701931
0.00758114
0.00755854
0.00698488
0.00605736
0.00512045
0.00464227
0.00465819
0.00492651
0.00496718
0.00459694
0.00394273
0.00310748
0.00203465
0.00090711
0.00027166
-0.00028192
-0.00115735
-0.00242409
-0.00421048
-0.00612610
-0.00756647
-0.00834039
-0.00859442
-0.00863955
-0.00868133
-0.00863809
-0.00813175
-0.00756913
-0.00753846
-0.00798811
-0.00869268
-0.00968789
-0.01103157
-0.01262473
-0.01388129
-0.01452292
-0.01500878
-0.01573703
-0.01665330
-0.01761155
-0.01785014
-0.01682577
-0.01442879
-0.01084485
-0.00682920
-0.00342218
-0.00180635
-0.00181806
-0.00280837
-0.00368135
-0.00395771
-0.00406901
-0.00440491
-0.00546152
-0.00736233
-0.00992288
-0.01267952
-0.01532811
-0.01728086
-0.01761728
-0.01581533
-0.01265667
-0.00929151
-0.00656690
-0.00462734
-0.00330045
-0.00184068
-0.00031330
0.00133373
0.00309369
0.00486901
0.00583404
0.00547431
0.00365927
0.00115073
-0.00082859
-0.00201988
-0.00268448
-0.00287458
-0.00272724
-0.00226964
-0.00250318
-0.00418009
-0.00768295
-0.01163074
-0.01519902
-0.01802313
-0.01991328
-0.02113498
-0.02200471
-0.02241019
-0.02248317
-0.02247410
-0.02191681
-0.02040199
-0.01770775
-0.01441018
-0.01131849
-0.00793820
-0.00378410
0.00158773
0.00687811
0.01067042
0.01379640
0.01738302
0.02021189
0.02106439
0.02078539
0.02033489
0.01934268
0.01777573
0.01625412
0.01495938
0.01285254
0.01019496
0.00806452
0.00677465
0.00663944
0.00644986
0.00523717
0.00335398
0.00179138
0.00152358
0.00351153
0.00787779
0.01288282
0.01754765
0.02141606
0.02437205
0.02628586
0.02787116
0.03003505
0.03196650
0.03233873
0.03136727
0.02975039
0.02782270
0.02617130
0.02470333
0.02279563
0.02052066
0.01912075
0.01956066
0.02171828
0.02390827
0.02443244
0.02331741
0.02113243
0.01781750
0.01446860
0.01200538
0.01067249
0.01040276
0.01030600
0.00969732
0.00806069
0.00582150
0.00356337
0.00188770
0.00095338
0.00085166
0.00237593
0.00547390
0.00892210
0.01133360
0.01265146
0.01387350
0.01574446
0.01767580
0.01939023
0.02079568
0.02119298
0.01996686
0.01707342
0.01379139
0.01143392
0.00962842
0.00745919
0.00492964
0.00248506
0.00057470
-0.00128565
-0.00391680
-0.00797518
-0.01200161
-0.01534120
-0.01786709
-0.01912280
-0.01924051
-0.01901616
-0.01894314
-0.01920723
-0.02006707
-0.02112119
-0.02161131
-0.02201963
-0.02293997
-0.02380268
-0.02400464
-0.02312446
-0.02142234
-0.01912958
-0.01633226
-0.01319215
-0.00875553
-0.00242478
0.00497217
0.01168667
0.01618596
0.01959685
0.02323837
0.02563231
0.02584274
0.02545717
0.02453472
0.02115920
0.01482140
0.00612428
-0.00527226
-0.01813475
-0.02903226
-0.03566490
-0.03836888
-0.03869896
-0.03785412
-0.03638789
-0.03504461
-0.03383668
-0.03237467
-0.02992379
-0.02552059
-0.01819528
-0.00995660
-0.00360540
-0.00025507
0.00061570
0.00005008
-0.00247369
-0.00783743
-0.01599537
-0.02367596
-0.02838404
-0.03109480
-0.03345575
-0.03560829
-0.03715101
-0.03822264
-0.03950773
-0.04033806
-0.04044301
-0.04020426
-0.03944444
-0.03694438
-0.03190741
-0.02467963
-0.01765106
-0.01286653
-0.01029151
-0.00931780
-0.00920697
-0.00925362
-0.00851471
-0.00645105
-0.00372258
-0.00111947
0.00130391
0.00397027
0.00770702
0.01135394
0.01456807
0.01827088
0.02332050
0.02894304
0.03427382
0.03925741
0.04352209
0.04593034
0.04611324
0.04422666
0.04064671
0.03632503
0.03240406
0.02863642
0.02468574
0.02111006
0.01897296
0.01867906
0.01994050
0.02212244
0.02471699
0.02649966
0.02632602
0.02361947
0.01906673
0.01433418
0.01030631
0.00773159
0.00650954
0.00620342
0.00623223
0.00604878
0.00491909
0.00307208
0.00017607
-0.00404911
-0.00828877
-0.01228541
-0.01638758
-0.02094654
-0.02549435
-0.02945060
-0.03162343
-0.03154335
-0.02934447
-0.02506797
-0.02058575
-0.01652852
-0.01294395
-0.00955551
-0.00650185
-0.00305315
0.00179504
0.00675926
0.01104092
0.01499263
0.01816218
0.01998266
0.02068387
0.01992416
0.01796945
0.01648741
0.01603975
0.01522555
0.01335364
0.01159593
0.01125819
0.01237776
0.01464451
0.01772316
0.02120043
0.02364144
0.02431668
0.02312624
0.02024689
0.01472339
0.00752881
0.00107737
-0.00274228
-0.00401477
-0.00485607
-0.00566253
-0.00549236
-0.00489682
-0.00477751
-0.00545687
-0.00601418
-0.00514560
-0.00236623
0.00235327
0.00891180
0.01658037
0.02383518
0.02919846
0.03262234
0.03412770
0.03261596
0.03193106
0.03319358
0.03268342
0.02889740
0.02338225
0.01775387
0.01222684
0.00626534
0.00000033
-0.00570707
-0.01039942
-0.01456033
-0.01836859
-0.02185872
-0.02532869
-0.02792124
-0.02899559
-0.02896314
-0.02864006
-0.02828281
-0.02813430
-0.02816438
-0.02819108
-0.02892045
-0.03061917
-0.03233178
-0.03310198
-0.03204518
-0.02864839
-0.02271310
-0.01446653
-0.00537011
0.00144579
0.00537838
0.00740623
0.00884585
0.01023711
0.01087888
0.01057572
0.00890167
0.00554005
0.00018203
-0.00720813
-0.01486787
-0.02072133
-0.02429999
-0.02556680
-0.02565865
-0.02523268
-0.02408339
-0.02259164
-0.02041006
-0.01779872
-0.01461084
-0.01120623
-0.00766364
-0.00447779
-0.00169260
0.00194330
0.00673349
0.01285637
0.01939692
0.02444256
0.02599320
0.02487084
0.02290953
0.02128742
0.02052729
0.02102019
0.02268580
0.02543721
0.02872263
0.03125031
0.03139785
0.02842032
0.02203802
0.01224008
0.00124437
-0.00765091
-0.01287416
-0.01610783
-0.01863832
-0.02142698
-0.02455634
-0.02668489
-0.02741806
-0.02704172
-0.02539816
-0.02287772
-0.02042313
-0.01855013
-0.01733706
-0.01697686
-0.01704746
-0.01762900
-0.01900374
-0.02088724
-0.02236719
-0.02267125
-0.02229186
-0.02195493
-0.02028583
-0.01766825
-0.01399596
-0.00894682
-0.00340059
0.00214591
0.00615476
0.00858985
0.01051590
0.01257933
0.01452446
0.01619251
0.01708741
0.01696913
0.01692645
0.01799459
0.01917048
0.02008230
0.02082903
0.02129000
0.02133008
0.02118521
0.02066629
0.01990237
0.01893965
0.01739714
0.01501705
0.01212764
0.00946999
0.00804571
0.00789747
0.00887095
0.01082109
0.01303924
0.01418506
0.01389933
0.01207399
0.00897384
0.00577977
0.00324409
0.00024013
-0.00275051
-0.00447936
-0.00564016
-0.00700325
-0.00937160
-0.01195583
-0.01435445
-0.01632848
-0.01822557
-0.02006720
-0.02198048
-0.02372595
-0.02432734
-0.02283734
-0.01892179
-0.01188534
-0.00256152
0.00666849
0.01382967
0.01866608
0.02172103
0.02399150
0.02631226
0.02920091
0.03247978
0.03490110
0.03545527
0.03416624
0.03129264
0.02694141
0.02168645
0.01508910
0.00697273
-0.00017154
-0.00497964
-0.00850093
-0.01107089
-0.01258907
-0.01224228
-0.01111261
-0.00963784
-0.00805601
-0.00684790
-0.00638581
-0.00615136
-0.00555574
-0.00392272
-0.00196794
-0.00045057
0.00032070
-0.00003113
-0.00107599
-0.00287740
-0.00524554
-0.00774347
-0.01106671
-0.01527492
-0.01962784
-0.02325727
-0.02596169
-0.02803122
-0.02914539
-0.02832919
-0.02553004
-0.02184235
-0.01858434
-0.01623889
-0.01424895
-0.01215531
-0.00958378
-0.00564396
-0.00040345
0.00522038
0.01098410
0.01678333
0.02139121
0.02352684
0.02350948
0.02128011
0.01781737
0.01397492
0.01021307
0.00685560
0.00432781
0.00187515
-0.00247946
-0.00886176
-0.01621283
-0.02331909
-0.02953966
-0.03418072
-0.03638043
-0.03646871
-0.03475499
-0.03149707
-0.02754546
-0.02373841
-0.02023980
-0.01642143
-0.01152214
-0.00525417
0.00194744
0.00856391
0.01378691
0.01745769
0.01980037
0.02176103
0.02380166
0.02538323
0.02582221
0.02450497
0.02092177
0.01602486
0.01108717
0.00678490
0.00339680
0.00055602
-0.00230671
-0.00553153
-0.00849726
-0.01057894
-0.01209561
-0.01256530
-0.01138006
-0.00907174
-0.00600982
-0.00268795
0.00025840
0.00288503
0.00558415
0.00837102
0.01158553
0.01498554
0.01767520
0.01964783
0.02002751
0.01844421
0.01593909
0.01299122
0.00935355
0.00640768
0.00530056
0.00538223
0.00542162
0.00524788
0.00478722
0.00352625
0.00179689
0.00050855
-0.00086654
-0.00251771
-0.00404502
-0.00510008
-0.00576021
-0.00552071
-0.00392777
-0.00024423
0.00545230
0.01292481
0.02092080
0.02675956
0.02950727
0.03038685
0.02986989
0.02840011
0.02627543
0.02352102
0.02113242
0.01942269
0.01753032
0.01585884
0.01454696
0.01436267
0.01563794
0.01747861
0.01831509
0.01728981
0.01532345
0.01333228
0.01136290
0.00927004
0.00697327
0.00460042
0.00173014
-0.00203993
-0.00587852
-0.00898623
-0.01106717
-0.01265826
-0.01418739
-0.01610743
-0.01779236
-0.01948107
-0.02124680
-0.02233690
-0.02271336
-0.02232744
-0.02126020
-0.01974870
-0.01749885
-0.01440280
-0.01121881
-0.00853997
-0.00608805
-0.00408428
-0.00257381
-0.00194680
-0.00176650
-0.00077178
0.00127333
0.00322656
0.00491759
0.00664941
0.00824553
0.00981419
0.01075993
0.01081026
0.00995999
0.00815883
0.00537422
0.00213388
-0.00119665
-0.00461489
-0.00759370
-0.00963252
-0.01177461
-0.01409130
-0.01528036
-0.01525320
-0.01459673
-0.01339135
-0.01259938
-0.01340907
-0.01603912
-0.02011037
-0.02418043
-0.02742259
-0.02957241
-0.03152722
-0.03337889
-0.03361144
-0.03239983
-0.03007853
-0.02704410
-0.02390835
-0.02111381
-0.01840852
-0.01581792
-0.01375962
-0.01168099
-0.00878769
-0.00544839
-0.00269483
-0.00142863
-0.00132318
-0.00105005
0.00047091
0.00287409
0.00606000
0.00917803
0.01115864
0.01160672
0.01052488
0.00848367
0.00581535
0.00300863
0.00083034
-0.00027620
-0.00125602
-0.00323001
-0.00640561
-0.01054042
-0.01482363
-0.01876380
-0.02203476
-0.02410354
-0.02450593
-0.02320478
-0.02070082
-0.01729404
-0.01337532
-0.00914968
-0.00485007
0.00003276
0.00472747
0.00826006
0.01100990
0.01328107
0.01520252
0.01688195
0.01870120
0.02070304
0.02240758
0.02313688
0.02261258
0.02145949
0.01955247
0.01717929
0.01527128
0.01410993
0.01358885
0.01290645
0.01208723
0.01097087
0.00944962
0.00768937
0.00617122
0.00444038
0.00311521
0.00225066
0.00064766
-0.00111704
-0.00166774
-0.00112855
-0.00065394
-0.00074183
-0.00124686
-0.00218236
-0.00312259
-0.00267486
-0.00020184
0.00418026
0.00942753
0.01483386
0.01867574
0.02003723
0.01981441
0.01883526
0.01780849
0.01738420
0.01743672
0.01768705
0.01772345
0.01713679
0.01593886
0.01405441
0.01159592
0.00892448
0.00603096
0.00317841
0.00183819
0.00205458
0.00301105
0.00310604
0.00116043
-0.00304616
-0.00767649
-0.01208129
-0.01517561
-0.01572622
-0.01382435
-0.01108752
-0.00880290
-0.00686834
-0.00537308
-0.00465069
-0.00480668
-0.00573825
-0.00675496
-0.00712876
-0.00729660
-0.00750237
-0.00717975
-0.00580682
-0.00384028
-0.00212720
0.00024999
0.00223538
0.00282697
0.00273330
0.00126833
-0.00241861
-0.00739579
-0.01142163
-0.01349221
-0.01470539
-0.01532014
-0.01542749
-0.01533932
-0.01520803
-0.01437271
-0.01254001
-0.01022067
-0.00790470
-0.00602503
-0.00479017
-0.00344781
-0.00197601
-0.00034726
0.00150052
0.00407978
0.00748163
0.01215252
0.01725960
0.02128074
0.02409256
0.02583802
0.02639112
0.02587790
0.02386389
0.02094666
0.01850448
0.01742208
0.01666253
0.01601283
0.01539856
0.01440473
0.01280081
0.01093486
0.00868087
0.00556993
0.00160969
-0.00171544
-0.00395745
-0.00586954
-0.00819523
-0.01083967
-0.01249184
-0.01269477
-0.01198592
-0.01082392
-0.00988315
-0.00937232
-0.00828336
-0.00673847
-0.00511761
-0.00358536
-0.00151773
0.00048422
0.00187689
0.00245874
0.00188368
0.00099758
0.00068406
0.00085332
0.00103106
0.00102497
0.00096841
0.00082780
0.00011231
-0.00073848
-0.00131264
-0.00191540
-0.00256686
-0.00310304
-0.00312108
-0.00310803
-0.00322992
-0.00353638
-0.00436410
-0.00533051
-0.00592776
-0.00626783
-0.00645197
-0.00621849
-0.00505790
-0.00393593
-0.00296792
-0.00143668
0.00030056
0.00090323
0.00038342
-0.00014753
0.00008501
0.00092039
0.00141225
0.00169395
0.00270995
0.00374231
0.00371463
0.00222288
-0.00013259
-0.00290195
-0.00549679
-0.00746410
-0.00873310
-0.00913243
-0.00906202
-0.00896023
-0.00893404
-0.00840669
-0.00694920
-0.00500311
-0.00339099
-0.00193812
-0.00031539
0.00159666
0.00321337
0.00408013
0.00483966
0.00621037
0.00792099
0.00918848
0.01032430
0.01140197
0.01187874
0.01182889
0.01103968
0.00904300
0.00658904
0.00446575
0.00248661
0.00104828
0.00039580
0.00053169
0.00109548
0.00082893
-0.00036045
-0.00133501
-0.00174489
-0.00229546
-0.00364115
-0.00500375
-0.00472971
-0.00348593
-0.00168953
0.00050756
0.00276525
0.00446142
0.00580455
0.00657847
0.00660735
0.00665452
0.00685375
0.00698541
0.00648038
0.00493116
0.00259689
-0.00000726
-0.00230728
-0.00332116
-0.00327441
-0.00304782
-0.00302277
-0.00321340
-0.00421261
-0.00537561
-0.00577504
-0.00561301
-0.00519679
-0.00382390
-0.00162898
0.00058217
0.00205316
0.00289386
0.00349603
0.00374861
0.00338690
0.00267765
0.00233038
0.00240328
0.00252227
0.00252742
0.00322995
0.00470767
0.00653908
0.00843015
0.00985587
0.01025075
0.00941991
0.00725399
0.00379898
0.00015979
-0.00274192
-0.00461214
-0.00524317
-0.00529632
-0.00541790
-0.00534010
-0.00517527
-0.00483057
-0.00423673
-0.00289158
-0.00055510
0.00169069
0.00332470
0.00479805
0.00648237
0.00829886
0.01008288
0.01180045
0.01251333
0.01158630
0.01032155
0.00877977
0.00645968
0.00335211
0.00032607
-0.00263625
-0.00583786
-0.00932360
-0.01273145
-0.01553885
-0.01827838
-0.02086342
-0.02283257
-0.02447601
-0.02516352
-0.02524036
-0.02517180
-0.02429303
-0.02262496
-0.02084079
-0.01929217
-0.01789246
-0.01642168
-0.01503427
-0.01372748
-0.01259414
-0.01115370
-0.00999528
-0.00947705
-0.00854014
-0.00687675
-0.00497152
-0.00320563
-0.00194020
-0.00066923
0.00038474
0.00129843
0.00219122
0.00246957
0.00256762
0.00341917
0.00484497
0.00589145
0.00647968
0.00649832
0.00608636
0.00585256
0.00590985
0.00603669
0.00653619
0.00764899
0.00859980
0.00860969
0.00844346
0.00835359
0.00838635
0.00788241
0.00686642
0.00622407
0.00563415
0.00427588
0.00259397
0.00145619
0.00130192
0.00155239
0.00161300
0.00104588
-0.00023792
-0.00147311
-0.00259183
-0.00373685
-0.00472129
-0.00546378
-0.00501885
-0.00294222
-0.00011368
0.00261008
0.00441814
0.00490884
0.00458504
0.00391830
0.00287673
0.00217960
0.00184240
0.00132692
0.00030793
-0.00029131
0.00001158
0.00046412
0.00032074
0.00061316
0.00176037
0.00279520
0.00338383
0.00361237
0.00361591
0.00394463
0.00479427
0.00610440
0.00843199
0.01084375
0.01267185
0.01415282
0.01506531
0.01468165
0.01349049
0.01194334
0.01075329
0.00980472
0.00870207
0.00812736
0.00858539
0.00899382
0.00918375
0.00921048
0.00809395
0.00635952
0.00485532
0.00373489
0.00312457
0.00231511
0.00125076
0.00002799
-0.00130149
-0.00217278
-0.00251690
-0.00253056
-0.00317886
-0.00474977
-0.00660184
-0.00809008
-0.00904872
-0.00929679
-0.00870922
-0.00712282
-0.00495803
-0.00317190
-0.00191165
-0.00189357
-0.00280349
-0.00248949
-0.00111076
0.00037683
0.00111892
0.00133246
0.00182351
0.00226942
0.00192440
0.00113776
-0.00010525
-0.00130408
-0.00244545
-0.00380770
-0.00517521
-0.00647072
-0.00809518
-0.01014831
-0.01154577
-0.01176948
-0.01147228
-0.01131572
-0.01135046
-0.01139419
-0.01127394
-0.01038993
-0.00874798
-0.00676130
-0.00469575
-0.00313052
-0.00226235
-0.00257630
-0.00374458
-0.00483118
-0.00553778
-0.00551056
-0.00497796
-0.00392133
-0.00306815
-0.00284020
-0.00294781
-0.00280978
-0.00236779
-0.00177527
-0.00099844
-0.00034449
0.00040274
0.00183622
0.00381476
0.00498164
0.00505805
0.00501507
0.00529980
0.00531401
0.00471662
0.00397105
0.00417526
0.00504136
0.00648110
0.00753784
0.00796254
0.00787127
0.00749379
0.00651284
0.00525533
0.00377441
0.00171140
-0.00036018
-0.00201903
-0.00282711
-0.00348434
-0.00448891
-0.00522241
-0.00534849
-0.00519423
-0.00510257
-0.00504241
-0.00473607
-0.00411174
-0.00334918
-0.00298892
-0.00274955
-0.00245742
-0.00184145
-0.00054357
0.00105569
0.00276126
0.00518356
0.00827329
0.01060722
0.01144177
0.01232304
0.01334739
0.01382059
0.01376494
0.01365914
0.01371469
0.01433464
0.01554068
0.01609755
0.01608449
0.01621176
0.01670219
0.01665446
0.01613171
0.01480856
0.01265641
0.01003546
0.00787454
0.00649692
0.00565362
0.00452752
0.00322466
0.00179160
0.00065520
-0.00029841
-0.00091618
-0.00130865
-0.00108437
-0.00002913
0.00101836
0.00129010
0.00111183
0.00063235
-0.00036856
-0.00165775
-0.00294940
-0.00388412
-0.00478773
-0.00600558
-0.00677853
-0.00767811
-0.00893637
-0.01058650
-0.01172769
-0.01202511
-0.01247214
-0.01282045
-0.01356775
-0.01483228
-0.01593522
-0.01631537
-0.01534909
-0.01350837
-0.01178488
-0.01056635
-0.00939759
-0.00828148
-0.00721938
-0.00687548
-0.00689021
-0.00657113
-0.00609886
-0.00502339
-0.00364174
-0.00203177
-0.00108029
-0.00097653
-0.00142670
-0.00204626
-0.00266224
-0.00265943
-0.00204658
-0.00126245
-0.00079179
0.00011345
0.00119745
0.00169664
0.00152212
0.00065744
-0.00010811
-0.00026980
-0.00018029
0.00027254
0.00121847
0.00164313
0.00167741
0.00177210
0.00193978
0.00206316
0.00209858
0.00223823
0.00263240
0.00294240
0.00313436
0.00302328
0.00294079
0.00344527
0.00323956
0.00232736
0.00158780
0.00103313
0.00032271
-0.00060878
-0.00160407
-0.00239628
-0.00323445
-0.00351811
-0.00312920
-0.00250375
-0.00136800
-0.00000592
0.00155614
0.00244727
0.00236990
0.00184107
0.00174117
0.00232408
0.00338428
0.00422121
0.00470506
0.00539821
0.00548245
0.00473577
0.00345192
0.00246870
0.00217684
0.00227261
0.00265444
0.00359121
0.00451647
0.00488936
0.00482860
0.00472782
0.00474166
0.00479244
0.00460081
0.00375634
0.00237209
0.00049232
-0.00141961
-0.00271914
-0.00371898
-0.00485831
-0.00553683
-0.00558709
-0.00540927
-0.00534888
-0.00558223
-0.00600879
-0.00629661
-0.00636793
-0.00629556
-0.00593313
-0.00590149
-0.00660421
-0.00740433
-0.00783793
-0.00745293
-0.00718916
-0.00752324
-0.00787603
-0.00792061
-0.00784074
-0.00848513
-0.00978364
-0.01052178
-0.01050834
-0.01030523
-0.01026357
-0.01032013
-0.01026451
-0.00930841
-0.00827944
-0.00775970
-0.00768760
-0.00748867
-0.00657785
-0.00537865
-0.00433449
-0.00321900
-0.00174723
-0.00004062
0.00154521
0.00356713
0.00567827
0.00796885
0.00983001
0.01106641
0.01212229
0.01293882
0.01326878
0.01324256
0.01342660
0.01457286
0.01572357
0.01605614
0.01590465
0.01572842
0.01509397
0.01437420
0.01409876
0.01363003
0.01255418
0.01109867
0.00964946
0.00852850
0.00703021
0.00469689
0.00175858
-0.00104622
-0.00303302
-0.00429944
-0.00495290
-0.00575267
-0.00677128
-0.00730868
-0.00743863
-0.00741261
-0.00721207
-0.00705943
-0.00700181
-0.00695931
-0.00643269
-0.00527839
-0.00387927
-0.00238860
-0.00151982
-0.00035394
0.00154444
0.00323566
0.00383334
0.00409942
0.00400386
0.00365360
0.00338921
0.00266050
0.00171683
0.00085282
0.00024072
-0.00063349
-0.00092122
-0.00026235
0.00051576
0.00100332
0.00178566
0.00328019
0.00467518
0.00540173
0.00569495
0.00563671
0.00577086
0.00616048
0.00637205
0.00632951
0.00626111
0.00648415
0.00690295
0.00708216
0.00659129
0.00591184
0.00592174
0.00627400
0.00643303
0.00636360
0.00628400
0.00628975
0.00630164
0.00619044
0.00561451
0.00470639
0.00379440
0.00303433
0.00287076
0.00327617
0.00371487
0.00381803
0.00372941
0.00368039
0.00342487
0.00282719
0.00221976
0.00182796
0.00140949
0.00037129
-0.00125828
-0.00296112
-0.00379764
-0.00376732
-0.00352219
-0.00343793
-0.00338885
-0.00305072
-0.00239674
-0.00137892
-0.00023884
0.00114783
0.00193357
0.00140169
-0.00009261
-0.00210090
-0.00413572
-0.00561057
-0.00683703
-0.00798441
-0.00907754
-0.01019127
-0.01125725
-0.01256512
-0.01361185
-0.01468828
-0.01456402
-0.01369347
-0.01290205
-0.01211079
-0.01150061
-0.01089255
-0.00974439
-0.00832137
-0.00670660
-0.00552727
-0.00496545
-0.00474783
-0.00502263
-0.00553905
-0.00657050
-0.00772869
-0.00863503
-0.00933311
-0.00892497
-0.00827743
-0.00787751
-0.00782581
-0.00786275
-0.00782195
-0.00766722
-0.00699172
-0.00608235
-0.00543026
-0.00484212
-0.00382154
-0.00278063
-0.00206133
-0.00114493
-0.00026323
0.00006797
-0.00001166
-0.00012371
-0.00043767
-0.00104608
-0.00140922
-0.00114527
-0.00060404
-0.00014808
-0.00048977
-0.00179255
-0.00270912
-0.00277615
-0.00304049
-0.00425433
-0.00510542
-0.00436571
-0.00311773
-0.00216387
-0.00089407
0.00058482
0.00235744
0.00436222
0.00626171
0.00785262
0.00933016
0.01060937
0.01185009
0.01275931
0.01324654
0.01339132
0.01367578
0.01441873
0.01537864
0.01602416
0.01614361
0.01607336
0.01605780
0.01568676
0.01503732
0.01432339
0.01374640
0.01355583
0.01362143
0.01368654
0.01367347
0.01365538
0.01369723
0.01371175
0.01345899
0.01263191
0.01185735
0.01156958
0.01069946
0.00903200
0.00754085
0.00661248
0.00622811
0.00643642
0.00645932
0.00606029
0.00548970
0.00452238
0.00296708
0.00074999
-0.00115316
-0.00228798
-0.00322001
-0.00401073
-0.00531199
-0.00702412
-0.00866781
-0.00954677
-0.00991469
-0.01071406
-0.01161148
-0.01262795
-0.01351037
-0.01408216
-0.01427828
-0.01424578
-0.01420399
-0.01422958
-0.01425737
-0.01402270
-0.01358307
-0.01280538
-0.01195990
-0.01152770
-0.01116946
-0.01021240
-0.00912713
-0.00790343
-0.00671646
-0.00574044
-0.00491638
-0.00410064
-0.00310317
-0.00191719
-0.00123439
-0.00044675
0.00075664
0.00217961
0.00338589
0.00316417
0.00191533
0.00108397
0.00094631
0.00023438
-0.00101690
-0.00191265
-0.00226870
-0.00199446
-0.00136934
-0.00142208
-0.00175463
-0.00153153
-0.00116380
-0.00139928
-0.00222725
-0.00310670
-0.00338388
-0.00347049
-0.00353680
-0.00356832
-0.00356176
-0.00352594
-0.00335216
-0.00231776
-0.00102446
-0.00000713
0.00113806
0.00165238
0.00173846
0.00156364
0.00137976
0.00151877
0.00158283
0.00101681
0.00059581
0.00084210
0.00132741
0.00129973
0.00117324
0.00119665
0.00094336
0.00095521
0.00150076
0.00227009
0.00263111
0.00269979
0.00359874
0.00485709
0.00538957
0.00525837
0.00496270
0.00466723
0.00428954
0.00360391
0.00286429
0.00212887
0.00088958
-0.00085352
-0.00291040
-0.00474115
-0.00615756
-0.00703512
-0.00736596
-0.00745601
-0.00763065
-0.00750549
-0.00726749
-0.00649568
-0.00469614
-0.00221660
0.00011267
0.00213312
0.00431033
0.00633973
0.00798781
0.00872032
0.00872927
0.00859551
0.00862565
0.00885936
0.00949150
0.01040899
0.01121175
0.01146832
0.01138132
0.01132106
0.01102439
0.01031761
0.00936358
0.00808716
0.00659790
0.00501599
0.00319518
0.00089478
-0.00102276
-0.00227541
-0.00341308
-0.00424440
-0.00479887
-0.00568634
-0.00644025
-0.00666554
-0.00659020
-0.00664300
-0.00739052
-0.00859166
-0.00927733
-0.00928080
-0.00911488
-0.00935529
-0.00974212
-0.00962343
-0.00923270
-0.00893787
-0.00864994
-0.00859228
-0.00860895
-0.00825874
-0.00719746
-0.00635521
-0.00584160
-0.00525389
-0.00435588
-0.00330213
-0.00223185
-0.00152055
-0.00112962
-0.00126652
-0.00154295
-0.00150208
-0.00174383
-0.00249757
-0.00325517
-0.00345832
-0.00328620
-0.00327036
-0.00342742
-0.00331325
-0.00335549
-0.00329116
-0.00306958
-0.00292522
-0.00292039
-0.00289001
-0.00235720
-0.00116661
0.00028593
0.00182434
0.00298332
0.00312262
0.00327926
0.00379403
0.00459757
0.00508048
0.00518062
0.00540120
0.00564528
0.00547682
0.00519088
0.00487275
0.00386276
0.00330786
0.00363257
0.00378911
0.00360688
0.00327368
0.00298064
0.00293669
0.00304516
0.00314178
0.00299526
0.00281576
0.00274257
0.00278058
0.00306990
0.00311974
0.00325363
0.00341928
0.00329417
0.00316410
0.00317657
0.00292774
0.00222811
0.00138720
0.00080949
0.00040761
-0.00000302
-0.00005482
-0.00004284
0.00017211
0.00079511
0.00102855
0.00089191
0.00064742
0.00057052
0.00091993
0.00122838
0.00125204
0.00117696
0.00113822
0.00114059
0.00123024
0.00196023
0.00247627
0.00210695
0.00137602
0.00083222
0.00071780
0.00072237
0.00034419
-0.00055114
-0.00044682
0.00111798
0.00301947
0.00362787
0.00305592
0.00236786
0.00196160
0.00165843
0.00139913
0.00129895
0.00173466
0.00303085
0.00405638
0.00423316
0.00404531
0.00400323
0.00409762
0.00376433
0.00246998
0.00095941
-0.00006357
-0.00062959
-0.00079013
-0.00077305
-0.00073149
-0.00069542
-0.00067205
-0.00062650
-0.00069923
-0.00103126
-0.00124982
-0.00158837
-0.00211168
-0.00189867
-0.00087026
-0.00019398
0.00022255
0.00061860
0.00074333
0.00132447
0.00216915
0.00268596
0.00338791
0.00447834
0.00518563
0.00528486
0.00517659
0.00514228
0.00465189
0.00348468
0.00286523
0.00320670
0.00353620
0.00330159
0.00301079
0.00301085
0.00317512
0.00326270
0.00328415
0.00336012
0.00347248
0.00354628
0.00359070
0.00360925
0.00357423
0.00294361
0.00196788
0.00124341
0.00105138
0.00117329
0.00148040
0.00209480
0.00247441
0.00223007
0.00183317
0.00149759
0.00098231
-0.00004992
-0.00113078
-0.00155434
-0.00179380
-0.00286785
-0.00395748
-0.00457959
-0.00536422
-0.00586879
-0.00566793
-0.00559295
-0.00615388
-0.00662008
-0.00668681
-0.00658604
-0.00655108
-0.00659073
-0.00662092
-0.00660739
-0.00654882
-0.00660321
-0.00751369
-0.00838267
-0.00767532
-0.00635642
-0.00586592
-0.00564901
-0.00484262
-0.00405418
-0.00406980
-0.00429178
-0.00417513
-0.00389319
-0.00372211
-0.00353384
-0.00293307
-0.00195498
-0.00096637
-0.00037483
0.00000155
0.00054097
0.00124107
0.00159490
0.00160332
0.00152781
0.00154044
0.00162057
0.00167985
0.00120446
0.00005828
-0.00058235
-0.00076695
-0.00075967
-0.00078103
-0.00099365
-0.00161288
-0.00168136
-0.00111880
-0.00092557
-0.00111139
-0.00205652
-0.00306973
-0.00336747
-0.00319082
-0.00308039
-0.00309669
-0.00308867
-0.00321093
-0.00357967
-0.00403826
-0.00446400
-0.00506233
-0.00541833
-0.00498411
-0.00398717
-0.00315776
-0.00288801
-0.00274409
-0.00259456
-0.00249046
-0.00243396
-0.00212539
-0.00092170
0.00026125
0.00060335
0.00045242
0.00036578
0.00047197
0.00055139
0.00013697
-0.00000070
0.00040833
0.00078605
0.00085462
0.00076769
0.00073066
0.00097173
0.00117704
0.00121446
0.00164379
0.00225447
0.00275800
0.00317743
0.00340471
0.00340244
0.00333400
0.00331355
0.00330962
0.00330000
0.00327485
0.00322183
0.00255301
0.00135427
0.00091341
0.00090951
0.00088274
0.00078614
0.00072971
0.00074070
0.00076557
0.00073155
0.00049118
0.00059172
0.00154283
0.00295757
0.00367263
0.00365266
0.00348643
0.00350383
0.00358654
0.00363567
0.00364953
0.00364967
0.00387030
0.00437049
0.00452640
0.00431941
0.00390940
0.00367505
0.00341226
0.00282130
0.00213431
0.00141674
0.00106154
0.00101032
0.00047429
-0.00061374
-0.00114227
-0.00098308
-0.00050513
0.00033744
0.00100267
0.00121892
0.00170927
0.00279843
0.00365457
0.00353741
0.00268122
0.00244151
0.00315650
0.00343019
0.00227100
0.00097221
-0.00010027
-0.00113338
-0.00239106
-0.00367670
-0.00422381
-0.00421027
-0.00431910
-0.00427162
-0.00408062
-0.00370844
-0.00277031
-0.00175887
-0.00164686
-0.00192148
-0.00175574
-0.00140331
-0.00126744
-0.00127754
-0.00110100
-0.00087380
-0.00035475
0.00070015
0.00173962
0.00263562
0.00346154
0.00382285
0.00381110
0.00371955
0.00374250
0.00381710
0.00382801
0.00381477
0.00379931
0.00379929
0.00381598
0.00361869
0.00315096
0.00215030
0.00133954
0.00110917
0.00049549
-0.00065667
-0.00135084
-0.00161189
-0.00157628
-0.00143706
-0.00149318
-0.00190085
-0.00284933
-0.00341515
-0.00336480
-0.00327103
-0.00397709
-0.00479522
-0.00542411
-0.00582114
-0.00586367
-0.00558458
-0.00529693
-0.00446540
-0.00307211
-0.00132937
-0.00008828
0.00024543
0.00037213
0.00082692
0.00156148
0.00174311
0.00171709
0.00169681
0.00164773
0.00151867
0.00166039
0.00166418
0.00196876
0.00204418
0.00194609
0.00163319
0.00143641
0.00145232
0.00152096
0.00147157
0.00114330
0.00096426
0.00124938
0.00181697
0.00214670
0.00225966
0.00251755
0.00283717
0.00271445
0.00250944
0.00275409
0.00309310
0.00319097
0.00318473
0.00343009
0.00340405
0.00300953
0.00273159
0.00249637
0.00259598
0.00258357
0.00275096
0.00290954
0.00301199
0.00313928
0.00295200
0.00217395
0.00153729
0.00230035
0.00326240
0.00304138
0.00228843
0.00197781
0.00202170
0.00159815
0.00090708
0.00043138
0.00063215
0.00086329
0.00047170
-0.00001509
-0.00072460
-0.00164011
-0.00247643
-0.00320233
-0.00390180
-0.00397327
-0.00362245
-0.00363916
-0.00399987
-0.00423063
-0.00419476
-0.00419169
-0.00474824
-0.00536905
-0.00555396
-0.00532257
-0.00510056
-0.00546051
-0.00561574
-0.00582648
-0.00618020
-0.00552170
-0.00433637
-0.00366685
-0.00327872
-0.00310057
-0.00269818
-0.00210711
-0.00164414
-0.00169383
-0.00241965
-0.00274551
-0.00220290
-0.00179742
-0.00206845
-0.00278456
-0.00347450
-0.00327643
-0.00252571
-0.00210287
-0.00215283
-0.00252756
-0.00283628
-0.00299632
-0.00322982
-0.00338589
-0.00355738
-0.00418152
-0.00509233
-0.00554747
-0.00527989
-0.00471072
-0.00416945
-0.00374032
-0.00336848
-0.00320479
-0.00321167
-0.00325012
-0.00322699
-0.00291207
-0.00243554
-0.00198425
-0.00157641
-0.00139963
-0.00122908
-0.00084232
-0.00051549
-0.00040719
-0.00039391
0.00028847
0.00162881
0.00242305
0.00267978
0.00352888
0.00410617
0.00406778
0.00408673
0.00453742
0.00496899
0.00506041
0.00496541
0.00469390
0.00406587
0.00344144
0.00295269
0.00204728
0.00117551
0.00089826
0.00095423
0.00073159
0.00028228
0.00009958
-0.00003641
-0.00013270
-0.00015863
-0.00006849
0.00026131
0.00053405
0.00073351
0.00072560
0.00063496
0.00041742
0.00021941
0.00006111
0.00030996
0.00095681
0.00114759
0.00066653
-0.00046940
-0.00125151
-0.00141051
-0.00179259
-0.00240536
-0.00293876
-0.00333183
-0.00357870
-0.00364717
-0.00335430
-0.00284644
-0.00234888
-0.00174902
-0.00094394
0.00036380
0.00180446
0.00202751
0.00202845
0.00289077
0.00389486
0.00446057
0.00450865
0.00452039
0.00486785
0.00502037
0.00472981
0.00430544
0.00369322
0.00331039
0.00324621
0.00289098
0.00208623
0.00097687
0.00012440
-0.00035379
-0.00053868
-0.00054382
-0.00053349
-0.00049745
-0.00019875
-0.00017507
-0.00017050
-0.00008687
-0.00017276
-0.00005985
-0.00010028
-0.00006096
0.00023544
0.00048843
0.00057741
0.00083465
0.00133067
0.00186815
0.00213801
0.00229867
0.00278863
0.00293633
0.00279368
0.00288400
0.00303008
0.00289774
0.00265786
0.00228774
0.00187719
0.00189193
0.00238580
0.00215510
0.00104250
0.00020374
0.00011115
0.00032284
0.00040833
0.00034541
0.00029101
0.00030122
0.00033404
0.00057732
0.00070517
0.00083746
0.00134550
0.00174935
0.00181102
0.00180680
0.00203767
0.00202973
0.00163362
0.00116622
0.00098919
0.00092130
0.00066288
-0.00002211
-0.00091567
-0.00169110
-0.00193758
-0.00217493
-0.00274848
-0.00313942
-0.00290857
-0.00233210
-0.00179878
-0.00162026
-0.00157891
-0.00115179
-0.00111418
-0.00146728
-0.00172204
-0.00161437
-0.00127122
-0.00130789
-0.00130480
-0.00102210
-0.00052232
-0.00026826
-0.00014740
0.00038545
0.00092378
0.00107355
0.00096136
0.00113593
0.00146977
0.00135836
0.00110790
0.00130789
0.00185793
0.00225020
0.00227783
0.00180107
0.00111281
0.00130141
0.00238427
0.00332448
0.00349482
0.00278160
0.00214347
0.00217209
0.00268561
0.00299599
0.00284947
0.00268484
0.00253094
0.00198193
0.00123623
0.00082273
0.00035609
-0.00002766
-0.00022121
-0.00048762
-0.00093139
-0.00125738
-0.00140023
-0.00197636
-0.00278646
-0.00339065
-0.00362048
-0.00356345
-0.00346254
-0.00315271
-0.00269683
-0.00245158
-0.00229880
-0.00208993
-0.00160133
-0.00117326
-0.00087070
-0.00054250
-0.00022045
-0.00033996
-0.00076307
-0.00158415
-0.00197604
-0.00185887
-0.00203837
-0.00243525
-0.00278966
-0.00296433
-0.00294447
-0.00302674
-0.00400721
-0.00497846
-0.00499710
-0.00437900
-0.00373510
-0.00368916
-0.00409340
-0.00446435
-0.00451491
-0.00433983
-0.00422586
-0.00361167
-0.00274429
-0.00231207
-0.00233737
-0.00242441
-0.00226210
-0.00192543
-0.00197160
-0.00217868
-0.00198074
-0.00091886
0.00023628
0.00072786
0.00068375
0.00059015
0.00039717
0.00046063
0.00071141
0.00089659
0.00117998
0.00144786
0.00170783
0.00206629
0.00267955
0.00334646
0.00363455
0.00372545
0.00400420
0.00406739
0.00375322
0.00350841
0.00349123
0.00354560
0.00354435
0.00355911
0.00383354
0.00415506
0.00423134
0.00427219
0.00413203
0.00374670
0.00393424
0.00500171
0.00601790
0.00625986
0.00608079
0.00595960
0.00575968
0.00578044
0.00556490
0.00475352
0.00397704
0.00379842
0.00377393
0.00364206
0.00351456
0.00347141
0.00308554
0.00243492
0.00213860
0.00220895
0.00232131
0.00232083
0.00212519
0.00173915
0.00126005
0.00096526
0.00093069
0.00096186
0.00069008
0.00018890
-0.00052711
-0.00109872
-0.00148924
-0.00201090
-0.00236765
-0.00258008
-0.00228605
-0.00176570
-0.00222716
-0.00291083
-0.00278540
-0.00251917
-0.00227817
-0.00194594
-0.00155513
-0.00155462
-0.00172525
-0.00178438
-0.00224009
-0.00269935
-0.00235114
-0.00150498
-0.00101016
-0.00101110
-0.00110474
-0.00108375
-0.00098034
-0.00087229
-0.00082589
-0.00104511
-0.00100213
-0.00077048
-0.00086449
-0.00146936
-0.00249904
-0.00306505
-0.00369647
-0.00477445
-0.00547920
-0.00576619
-0.00600718
-0.00661462
-0.00722401
-0.00756672
-0.00755001
-0.00742439
-0.00735424
-0.00734126
-0.00732780
-0.00723434
-0.00686722
-0.00629448
-0.00554322
-0.00491803
-0.00450643
-0.00413949
-0.00351781
-0.00334968
-0.00324427
-0.00240866
-0.00169688
-0.00179007
-0.00210538
-0.00210379
-0.00176900
-0.00155742
-0.00132795
-0.00058537
-0.00024739
-0.00019585
0.00043172
0.00131155
0.00217481
0.00287817
0.00319359
0.00339283
0.00350705
0.00350534
0.00346418
0.00346141
0.00380971
0.00415942
0.00429428
0.00490322
0.00566570
0.00610581
0.00611424
0.00609868
0.00634146
0.00631243
0.00611263
0.00600696
0.00603126
0.00607521
0.00598875
0.00571832
0.00536378
0.00458734
0.00382302
0.00342802
0.00305398
0.00248668
0.00176473
0.00105485
0.00077868
0.00084346
0.00077876
-0.00021135
-0.00142928
-0.00187665
-0.00172065
-0.00157337
-0.00173342
-0.00229613
-0.00250919
-0.00264234
-0.00348981
-0.00428911
-0.00447485
-0.00429766
-0.00422578
-0.00428919
-0.00434562
-0.00430907
-0.00427704
-0.00429254
-0.00431884
-0.00405687
-0.00393822
-0.00360974
-0.00248968
-0.00159012
-0.00140081
-0.00155552
-0.00163130
-0.00157638
-0.00151433
-0.00147366
-0.00145494
-0.00141167
-0.00097818
-0.00061690
-0.00078600
-0.00090425
-0.00104804
-0.00113283
-0.00109681
-0.00099559
-0.00092795
-0.00087338
-0.00056196
-0.00030825
0.00052829
0.00164102
0.00214922
0.00248719
0.00304010
0.00306473
0.00249599
0.00223847
0.00250150
0.00256417
0.00241192
0.00232932
0.00243136
0.00281176
0.00301918
0.00303867
0.00280830
0.00301609
0.00373145
0.00457013
0.00502388
0.00499340
0.00512927
0.00547565
0.00569642
0.00572664
0.00582898
0.00607169
0.00600845
0.00584660
0.00579288
0.00583168
0.00589246
0.00593815
0.00597837
0.00602399
0.00602819
0.00602329
0.00603316
0.00604432
0.00604086
0.00581762
0.00540185
0.00484702
0.00409137
0.00351085
0.00315679
0.00280664
0.00202765
0.00109951
0.00069494
0.00052223
0.00002291
-0.00029244
-0.00038145
-0.00096016
-0.00159468
-0.00179567
-0.00169526
-0.00161006
-0.00163185
-0.00167591
-0.00168098
-0.00166393
-0.00165629
-0.00176193
-0.00257121
-0.00316324
-0.00279670
-0.00235491
-0.00233827
-0.00240360
-0.00252080
-0.00222233
-0.00175486
-0.00156718
-0.00163539
-0.00172789
-0.00171397
-0.00168642
-0.00191711
-0.00225063
-0.00247905
-0.00310541
-0.00399057
-0.00441748
-0.00437718
-0.00423730
-0.00435336
-0.00475474
-0.00488698
-0.00479299
-0.00481018
-0.00514191
-0.00602740
-0.00654131
-0.00675857
-0.00686994
-0.00690008
-0.00687543
-0.00684272
-0.00687927
-0.00692321
-0.00677972
-0.00626941
-0.00636321
-0.00683578
-0.00692147
-0.00637316
-0.00631501
-0.00672774
-0.00703636
-0.00700988
-0.00661989
-0.00600843
-0.00507510
-0.00458258
-0.00423440
-0.00317139
-0.00181015
-0.00102519
-0.00050388
0.00019986
0.00060647
0.00056582
0.00071482
0.00103451
0.00137730
0.00159993
0.00145784
0.00129049
0.00128816
0.00142442
0.00154949
0.00163659
0.00208547
0.00291760
0.00349257
0.00379508
0.00434848
0.00489047
0.00513676
0.00496566
0.00478950
0.00504442
0.00519722
0.00535674
0.00555981
0.00529620
0.00486765
0.00480279
0.00449116
0.00398462
0.00367212
0.00364497
0.00352652
0.00320422
0.00303568
0.00308539
0.00320692
0.00345377
0.00367733
0.00379948
0.00363552
0.00342617
0.00315351
0.00238412
0.00182580
0.00218519
0.00217192
0.00172562
0.00123999
0.00091840
0.00086822
0.00090440
0.00092351
0.00091797
0.00089533
0.00085101
0.00085299
0.00086384
0.00082160
0.00048927
-0.00000332
-0.00042234
-0.00050454
-0.00000576
0.00018772
-0.00039589
-0.00135263
-0.00184844
-0.00179754
-0.00165869
-0.00182439
-0.00221889
-0.00246210
-0.00272999
-0.00251898
-0.00226360
-0.00224717
-0.00224226
-0.00215586
-0.00185574
-0.00168545
-0.00170578
-0.00177872
-0.00176901
-0.00174470
-0.00174628
-0.00176300
-0.00176342
-0.00172003
-0.00170003
-0.00170612
-0.00169906
-0.00197948
-0.00281266
-0.00267872
-0.00191223
-0.00175902
-0.00200044
-0.00206826
-0.00183774
-0.00146420
-0.00127106
-0.00126855
-0.00128243
-0.00100014
-0.00083762
-0.00065446
-0.00010552
0.00032784
0.00042644
0.00038522
0.00030965
0.00014992
0.00051951
0.00117621
0.00144457
0.00089947
0.00025416
0.00033189
0.00071856
0.00089677
0.00063529
0.00051566
0.00064261
0.00029518
-0.00008938
0.00001293
0.00032961
0.00057809
0.00078123
0.00141192
0.00199173
0.00164142
0.00109832
0.00087046
0.00070469
0.00049541
0.00040808
0.00046911
0.00057545
0.00063154
0.00064823
0.00054495
-0.00002964
-0.00041090
-0.00026667
-0.00025762
-0.00016713
-0.00020838
-0.00039251
-0.00050874
-0.00047829
-0.00078431
-0.00146119
-0.00225860
-0.00287046
-0.00320273
-0.00337515
-0.00362880
-0.00409505
-0.00438879
-0.00464601
-0.00458994
-0.00418712
-0.00344187
-0.00295374
-0.00276169
-0.00264902
-0.00253070
-0.00210918
-0.00169925
-0.00184880
-0.00190732
-0.00157066
-0.00132116
-0.00116361
-0.00084387
-0.00055709
-0.00044130
-0.00019447
0.00039191
0.00130912
0.00137912
0.00091625
0.00081814
0.00107284
0.00076226
0.00013377
-0.00033836
0.00004920
0.00067976
0.00082279
0.00046169
0.00018585
0.00067309
0.00144058
0.00201300
0.00228138
0.00239728
0.00264029
0.00283494
0.00310264
0.00358802
0.00446083
0.00503797
0.00503212
0.00504601
0.00522132
0.00517535
0.00543776
0.00550776
0.00538203
0.00512076
0.00453708
0.00394085
0.00354034
0.00340817
0.00314940
0.00289898
0.00264106
0.00192338
0.00164563
0.00186219
0.00160620
0.00116093
0.00102042
0.00114064
0.00125665
0.00125638
0.00100809
0.00109392
0.00136112
0.00104526
0.00015943
-0.00076043
-0.00106431
-0.00090451
-0.00074662
-0.00073824
-0.00075151
-0.00071230
-0.00083090
-0.00137244
-0.00195588
-0.00174308
-0.00088517
-0.00036522
-0.00038944
-0.00071863
-0.00082723
-0.00056437
-0.00035205
-0.00035016
-0.00042184
-0.00044120
-0.00042363
-0.00044411
-0.00045052
-0.00042718
-0.00040804
-0.00043741
-0.00070148
-0.00086636
-0.00090832
-0.00069454
-0.00050392
-0.00077312
-0.00143023
-0.00166098
-0.00148958
-0.00086581
-0.00042581
-0.00041329
-0.00075782
-0.00084777
-0.00062247
-0.00045408
-0.00046355
-0.00052607
-0.00040369
0.00061268
0.00185068
0.00231359
0.00215329
0.00172897
0.00169858
0.00199291
0.00205216
0.00181970
0.00191455
0.00216368
0.00218451
0.00145782
0.00030071
-0.00019513
0.00034413
0.00068630
0.00060289
0.00021788
0.00002159
0.00013488
0.00030072
0.00036716
0.00037483
0.00040778
0.00044146
0.00020877
0.00019617
0.00045160
0.00048575
0.00028826
0.00040117
0.00064707
0.00074847
0.00070841
0.00067552
0.00072817
0.00080211
0.00083768
0.00059937
0.00057658
0.00080484
0.00103056
0.00111087
0.00124954
0.00147403
0.00139833
0.00129113
0.00130448
0.00102609
0.00091842
0.00131039
0.00109166
-0.00010290
-0.00112453
-0.00176283
-0.00211714
-0.00244865
-0.00286748
-0.00313600
-0.00313437
-0.00302669
-0.00318018
-0.00364902
-0.00337668
-0.00272518
-0.00236374
-0.00236016
-0.00254189
-0.00222290
-0.00191094
-0.00215002
-0.00259950
-0.00261923
-0.00254034
-0.00278036
-0.00303723
-0.00315552
-0.00339399
-0.00349374
-0.00363743
-0.00414809
-0.00465920
-0.00462252
-0.00464987
-0.00480468
-0.00468361
-0.00469753
-0.00498934
-0.00500170
-0.00456483
-0.00422098
-0.00380389
-0.00351019
-0.00325894
-0.00307392
-0.00304146
-0.00305164
-0.00306099
-0.00286226
-0.00209819
-0.00144786
-0.00151936
-0.00178120
-0.00144057
-0.00072197
-0.00037430
-0.00044358
-0.00056970
-0.00056734
-0.00047500
-0.00040800
-0.00057159
-0.00094697
-0.00116862
-0.00071140
-0.00020583
-0.00009378
-0.00019236
-0.00020452
-0.00009882
-0.00000717
0.00000560
0.00001766
0.00007450
0.00015590
0.00023113
0.00027895
0.00032457
0.00036790
0.00040221
0.00044973
0.00071730
0.00146639
0.00242232
0.00270558
0.00257412
0.00271221
0.00273270
0.00263665
0.00303448
0.00327232
0.00347406
0.00367858
0.00386883
0.00441954
0.00524815
0.00548753
0.00534235
0.00515411
0.00532177
0.00591112
0.00568911
0.00501253
0.00451454
0.00441649
0.00449312
0.00406412
0.00315408
0.00243768
0.00213535
0.00213982
0.00214766
0.00166381
0.00086945
0.00075402
0.00125137
0.00157641
0.00159244
0.00104279
0.00056679
0.00039172
0.00045007
0.00020422
-0.00006971
-0.00017343
-0.00033490
-0.00048339
-0.00031257
-0.00016499
-0.00013743
-0.00020856
-0.00038034
0.00000555
0.00085653
0.00153737
0.00175378
0.00186531
0.00195276
0.00199442
0.00199421
0.00219517
0.00251430
0.00234030
0.00209531
0.00200026
0.00203977
0.00210091
0.00215592
0.00222666
0.00230381
0.00239202
0.00246679
0.00224026
0.00191487
0.00189047
0.00137701
0.00067529
0.00038348
0.00035799
0.00027985
-0.00029598
-0.00075288
-0.00109192
-0.00115747
-0.00103008
-0.00087898
-0.00075297
-0.00042007
-0.00028121
-0.00041101
-0.00025933
-0.00014527
-0.00023736
-0.00033193
-0.00007759
0.00039677
0.00086960
0.00103423
0.00074543
0.00090191
0.00153603
0.00215711
0.00233941
0.00221971
0.00223410
0.00243977
0.00232782
0.00210321
0.00201998
0.00220974
0.00247431
0.00260598
0.00264302
0.00236274
0.00202449
0.00191338
0.00196534
0.00198573
0.00171404
0.00167787
0.00148327
0.00074177
0.00023786
-0.00018591
-0.00047137
-0.00053777
-0.00046180
-0.00039692
-0.00034416
-0.00026270
-0.00039273
-0.00121048
-0.00227534
-0.00245229
-0.00184618
-0.00114371
-0.00062961
-0.00041888
-0.00042292
-0.00000317
0.00049610
0.00065558
0.00038963
0.00024751
0.00017826
0.00011055
0.00008203
-0.00001406
0.00014304
-0.00029059
-0.00101794
-0.00129804
-0.00116304
-0.00096602
-0.00088821
-0.00086804
-0.00088072
-0.00113024
-0.00150699
-0.00151891
-0.00109369
-0.00088859
-0.00109232
-0.00090576
-0.00058426
-0.00092999
-0.00156299
-0.00179511
-0.00163674
-0.00102937
-0.00072673
-0.00127187
-0.00232025
-0.00302715
-0.00312160
-0.00298771
-0.00294902
-0.00306542
-0.00336384
-0.00330382
-0.00326918
-0.00350138
-0.00375962
-0.00383432
-0.00338544
-0.00297865
-0.00285430
-0.00269238
-0.00280269
-0.00295737
-0.00281937
-0.00265602
-0.00235505
-0.00197774
-0.00212736
-0.00253803
-0.00277266
-0.00274723
-0.00265240
-0.00278260
-0.00271086
-0.00227163
-0.00150956
-0.00072345
-0.00049796
-0.00108443
-0.00168254
-0.00151654
-0.00119204
-0.00090640
-0.00036964
-0.00015270
-0.00025260
-0.00073822
-0.00073516
-0.00084306
-0.00109684
-0.00095773
-0.00049102
-0.00005492
0.00021169
-0.00014033
-0.00071546
-0.00101019
-0.00094546
-0.00077325
-0.00068083
-0.00064078
-0.00057526
-0.00050703
-0.00045733
-0.00106174
-0.00201600
-0.00186538
-0.00112566
-0.00076629
-0.00078112
-0.00071059
-0.00094663
-0.00108628
-0.00083354
-0.00054846
-0.00065964
-0.00064270
-0.00052156
-0.00046467
-0.00048765
-0.00051798
-0.00052430
-0.00073153
-0.00102906
-0.00085058
-0.00017110
0.00058016
0.00126522
0.00177199
0.00205995
0.00212207
0.00209241
0.00208437
0.00233481
0.00276097
0.00301617
0.00305378
0.00288888
0.00249658
0.00213484
0.00203299
0.00208646
0.00212508
0.00211013
0.00209739
0.00211431
0.00177973
0.00103144
0.00010368
-0.00031546
-0.00005587
0.00003585
-0.00008413
0.00007421
0.00017089
0.00018743
0.00044311
0.00093345
0.00143927
0.00216210
0.00268806
0.00282051
0.00278046
0.00277260
0.00284747
0.00292081
0.00297335
0.00299841
0.00305012
0.00338342
0.00350628
0.00332889
0.00321290
0.00325168
0.00329378
0.00292596
0.00253792
0.00187184
0.00110904
0.00082276
0.00094601
0.00111705
0.00114834
0.00113708
0.00105325
0.00094579
0.00115061
0.00141007
0.00152499
0.00152742
0.00156212
0.00179054
0.00206019
0.00221001
0.00207083
0.00172190
0.00134250
0.00133247
0.00147406
0.00148456
0.00130867
0.00047039
-0.00015542
-0.00018837
-0.00024777
-0.00085616
-0.00114566
-0.00078248
-0.00040522
-0.00032060
-0.00045015
-0.00094872
-0.00128007
-0.00150674
-0.00187506
-0.00240080
-0.00270583
-0.00294389
-0.00304619
-0.00309867
-0.00356059
-0.00420980
-0.00495818
-0.00552868
-0.00569723
-0.00540442
-0.00490468
-0.00509654
-0.00537071
-0.00537305
-0.00546490
-0.00557381
-0.00494847
-0.00431826
-0.00484774
-0.00560058
-0.00575949
-0.00509781
-0.00416415
-0.00378531
-0.00404313
-0.00380954
-0.00290750
-0.00256741
-0.00303971
-0.00348613
-0.00357379
-0.00324539
-0.00295913
-0.00294436
-0.00301593
-0.00302589
-0.00293025
-0.00265179
-0.00297835
-0.00360803
-0.00341845
-0.00225045
-0.00134822
-0.00119906
-0.00137079
-0.00133511
-0.00087933
-0.00019364
0.00008586
0.00019329
0.00051534
0.00060679
0.00075176
0.00106895
0.00136231
0.00148931
0.00141814
0.00106540
0.00079500
0.00076114
0.00088582
0.00117356
0.00131106
0.00147329
0.00191865
0.00248698
0.00247594
0.00224839
0.00237851
0.00238498
0.00222453
0.00209685
0.00208792
0.00212604
0.00214124
0.00239960
0.00299261
0.00289558
0.00230624
0.00198471
0.00204249
0.00216578
0.00217377
0.00212319
0.00210360
0.00211911
0.00213290
0.00212641
0.00184828
0.00156002
0.00185293
0.00223676
0.00232642
0.00194159
0.00150664
0.00149760
0.00144144
0.00121740
0.00108097
0.00090332
0.00089668
0.00081541
0.00037906
0.00030787
0.00043644
0.00040115
0.00023011
-0.00023019
-0.00037759
0.00003589
0.00056664
0.00078860
0.00078044
0.00079346
0.00065570
0.00045332
0.00034780
0.00015494
0.00026078
0.00050209
0.00077018
0.00093481
0.00124894
0.00164225
0.00185128
0.00187712
0.00211170
0.00225447
0.00214152
0.00237881
0.00294131
0.00279451
0.00199889
0.00165136
0.00193889
0.00224845
0.00206124
0.00153891
0.00077307
0.00048296
0.00098160
0.00134060
0.00114911
0.00084389
0.00078392
0.00079341
0.00059170
0.00072197
0.00122889
0.00148274
0.00139395
0.00115979
0.00099272
0.00114474
0.00108702
0.00089369
0.00079676
0.00082083
0.00086161
0.00086334
0.00084073
0.00059749
0.00029391
0.00040757
0.00067395
0.00050399
0.00005974
-0.00012509
-0.00028202
-0.00041445
-0.00046685
-0.00045837
-0.00052383
-0.00075050
-0.00067485
-0.00014556
0.00060259
0.00071968
0.00034052
0.00001587
-0.00003089
-0.00008265
-0.00021849
-0.00002984
0.00013249
0.00011728
0.00013417
0.00005062
-0.00030215
-0.00106254
-0.00106482
-0.00046457
0.00009116
-0.00004210
-0.00040068
-0.00052416
-0.00043759
-0.00056808
-0.00076880
-0.00064343
-0.00031609
-0.00017014
-0.00005951
-0.00022802
-0.00043121
-0.00048928
-0.00074814
-0.00124939
-0.00109006
-0.00055099
-0.00025255
-0.00008032
0.00013500
0.00034273
0.00045859
0.00049378
0.00036880
0.00024293
0.00006121
0.00009270
0.00012415
-0.00022786
-0.00071724
-0.00037217
0.00032660
0.00072148
0.00095427
0.00122071
0.00104843
0.00034801
0.00025614
0.00033802
-0.00056556
-0.00156877
-0.00185213
-0.00167430
-0.00191998
-0.00275932
-0.00378714
-0.00431201
-0.00428993
-0.00390592
-0.00383073
-0.00387357
-0.00400987
-0.00418870
-0.00430318
-0.00432600
-0.00428043
-0.00425703
-0.00427663
-0.00426124
-0.00424367
-0.00422779
-0.00421563
-0.00436747
-0.00452860
-0.00438512
-0.00423582
-0.00442431
-0.00440625
-0.00435310
-0.00451597
-0.00453137
-0.00442016
-0.00413048
-0.00405776
-0.00385650
-0.00317124
-0.00263846
-0.00209193
-0.00148382
-0.00109312
-0.00106436
-0.00110000
-0.00082485
-0.00007752
0.00087230
0.00138433
0.00123669
0.00123435
0.00199517
0.00263066
0.00298589
0.00288753
0.00255866
0.00218547
0.00204817
0.00210824
0.00197402
0.00199637
0.00254887
0.00300832
0.00299079
0.00278119
0.00255335
0.00261899
0.00261784
0.00230758
0.00192463
0.00176913
0.00160416
0.00148933
0.00128416
0.00129121
0.00126946
0.00105036
0.00051391
0.00010296
0.00014622
0.00030166
0.00044667
0.00072722
0.00066247
0.00024862
-0.00041385
-0.00103383
-0.00062808
-0.00029429
-0.00064823
-0.00090744
-0.00061736
-0.00001779
0.00031939
0.00021869
0.00046327
0.00086317
0.00102761
0.00097374
0.00092525
0.00093261
0.00094793
0.00094565
0.00094976
0.00099376
0.00100125
0.00096118
0.00093187
0.00093268
0.00094326
0.00094639
0.00094360
0.00095899
0.00099395
0.00102530
0.00129881
0.00130569
0.00109556
0.00096689
0.00096471
0.00101308
0.00101547
0.00101902
0.00100465
0.00120902
0.00166457
0.00199850
0.00251897
0.00307953
0.00349898
0.00361352
0.00356440
0.00349035
0.00323996
0.00327754
0.00350092
0.00361811
0.00359320
0.00354731
0.00354639
0.00356676
0.00357463
0.00356935
0.00356511
0.00356681
0.00357006
0.00358817
0.00363812
0.00341571
0.00245853
0.00150676
0.00107391
0.00111333
0.00124153
0.00128843
0.00129038
0.00133040
0.00139335
0.00129588
0.00121073
0.00144805
0.00173237
0.00185146
0.00186493
0.00188370
0.00195328
0.00203874
0.00182584
0.00141180
0.00114867
0.00097958
0.00068432
0.00005107
-0.00034720
-0.00032514
-0.00018551
-0.00015343
-0.00019940
-0.00022574
-0.00021326
-0.00017631
-0.00014485
-0.00016835
-0.00020145
-0.00026523
-0.00054102
-0.00097249
-0.00153722
-0.00194210
-0.00209976
-0.00235113
-0.00256994
-0.00259075
-0.00250011
-0.00240664
-0.00204315
-0.00111879
-0.00042725
-0.00102184
-0.00202780
-0.00234739
-0.00210115
-0.00188151
-0.00186227
-0.00190012
-0.00194572
-0.00248984
-0.00324868
-0.00361621
-0.00393894
-0.00415436
-0.00410802
-0.00324477
-0.00216579
-0.00150457
-0.00139779
-0.00148816
-0.00149507
-0.00144759
-0.00140009
-0.00142005
-0.00146358
-0.00147702
-0.00144706
-0.00143378
-0.00145086
-0.00146613
-0.00146559
-0.00145894
-0.00145622
-0.00145713
-0.00145754
-0.00145622
-0.00145454
-0.00145349
-0.00145354
-0.00147241
-0.00148548
-0.00151441
-0.00152418
-0.00152849
-0.00153964
-0.00154722
-0.00154704
-0.00154378
-0.00153991
-0.00134698
-0.00088256
-0.00098200
-0.00136830
-0.00154321
-0.00148150
-0.00139060
-0.00136475
-0.00135871
-0.00131051
-0.00124503
-0.00120452
-0.00116254
-0.00111851
-0.00106092
-0.00083836
-0.00015168
0.00039914
0.00052695
0.00048861
0.00090369
0.00135535
0.00140943
0.00115834
0.00080077
0.00069018
0.00076532
0.00064113
0.00002658
-0.00041934
-0.00043070
-0.00027554
-0.00018507
-0.00017669
-0.00015237
-0.00011062
-0.00005444
0.00000819
0.00007478
0.00014407
0.00021119
0.00027520
0.00030980
0.00035151
0.00043272
0.00069791
0.00115222
0.00150807
0.00166569
0.00210843
0.00295710
0.00327936
0.00268966
0.00186181
0.00117144
0.00094590
0.00102572
0.00113420
0.00114698
0.00112133
0.00115325
0.00121121
0.00102966
0.00088924
0.00106397
0.00146311
0.00181639
0.00189246
0.00171215
0.00187583
0.00201602
0.00158472
0.00140199
0.00142419
0.00132294
0.00121636
0.00117447
0.00116695
0.00115586
0.00113828
0.00090353
0.00081168
0.00100569
0.00094838
0.00086534
0.00100917
0.00105010
0.00085166
0.00091657
0.00085858
0.00088604
0.00094058
0.00045050
-0.00011288
-0.00052893
-0.00046662
-0.00017508
-0.00026365
-0.00033145
-0.00004008
0.00060577
0.00046244
-0.00058099
-0.00131722
-0.00132033
-0.00107538
-0.00096884
-0.00100771
-0.00101647
-0.00095290
-0.00087151
-0.00084526
-0.00108649
-0.00106631
-0.00079676
-0.00059364
-0.00053307
-0.00024570
0.00021020
0.00042403
0.00061276
0.00068817
0.00060752
0.00048310
0.00042897
0.00055276
0.00073019
0.00077286
0.00045343
0.00037072
0.00034053
0.00018362
0.00033389
0.00078561
0.00120926
0.00118523
0.00145575
0.00163040
0.00142006
0.00101646
0.00103509
0.00144874
0.00150485
0.00088229
0.00039128
0.00037972
0.00036172
0.00024338
0.00037095
0.00058543
0.00067493
0.00064752
0.00061319
0.00061791
0.00067215
0.00071796
0.00068162
0.00063325
0.00058299
0.00038563
0.00041438
0.00004674
-0.00096169
-0.00150041
-0.00095979
-0.00032915
-0.00024393
-0.00040064
-0.00043794
-0.00053380
-0.00088650
-0.00139212
-0.00140511
-0.00092221
-0.00072122
-0.00068825
-0.00051072
-0.00037352
-0.00018146
0.00020533
0.00063951
0.00099183
0.00111063
0.00118278
0.00136241
0.00144878
0.00140480
0.00131696
0.00128589
0.00129165
0.00152895
0.00165027
0.00148201
0.00154824
0.00147404
0.00126986
0.00135747
0.00150401
0.00146002
0.00162981
0.00225906
0.00273492
0.00217620
0.00135973
0.00109501
0.00104060
0.00103628
0.00101670
0.00057856
-0.00006300
-0.00050237
-0.00082204
-0.00130910
-0.00162575
-0.00169746
-0.00142626
-0.00117274
-0.00106894
-0.00086534
-0.00094078
-0.00114476
-0.00123425
-0.00120391
-0.00116453
-0.00116538
-0.00118122
-0.00118457
-0.00117747
-0.00117226
-0.00117929
-0.00155028
-0.00269083
-0.00317095
-0.00249052
-0.00147786
-0.00155936
-0.00208726
-0.00205105
-0.00145911
-0.00105329
-0.00105843
-0.00118599
-0.00121114
-0.00116134
-0.00113282
-0.00114335
-0.00115761
-0.00115661
-0.00116728
-0.00088306
0.00000878
0.00018276
-0.00020418
-0.00044089
-0.00000189
-0.00024739
-0.00100553
-0.00140550
-0.00133622
-0.00118539
-0.00117413
-0.00123651
-0.00153010
-0.00210775
-0.00194932
-0.00130659
-0.00078828
-0.00077092
-0.00084382
-0.00056189
-0.00021288
0.00005267
0.00018121
0.00061908
0.00089788
0.00089380
0.00109409
0.00127414
0.00110325
0.00114227
0.00127579
0.00104958
0.00052026
0.00022457
0.00040365
0.00061243
0.00073541
0.00051752
0.00016313
-0.00019333
-0.00044699
-0.00030369
-0.00018726
-0.00034232
-0.00029124
0.00007740
0.00028676
0.00010572
0.00001295
0.00039992
0.00114136
0.00144827
0.00079252
-0.00035076
-0.00077039
-0.00056291
-0.00013989
0.00016521
0.00021264
0.00013912
0.00001065
-0.00051661
-0.00103021
-0.00116851
-0.00107918
-0.00101677
-0.00103848
-0.00107106
-0.00107083
-0.00104966
-0.00083613
-0.00077012
-0.00094776
-0.00108947
-0.00111567
-0.00111125
-0.00108264
-0.00105200
-0.00104027
-0.00104787
-0.00128755
-0.00161255
-0.00150801
-0.00112921
-0.00092342
-0.00094553
-0.00098221
-0.00095873
-0.00092383
-0.00091678
-0.00090194
-0.00085518
-0.00082100
-0.00081671
-0.00081669
-0.00077422
-0.00072497
-0.00070866
-0.00070813
-0.00066939
-0.00062125
-0.00059638
-0.00055820
-0.00051871
-0.00059124
-0.00090950
-0.00144043
-0.00210676
-0.00233643
-0.00172283
-0.00124105
-0.00158471
-0.00222612
-0.00269137
-0.00244285
-0.00168555
-0.00126276
-0.00129449
-0.00137853
-0.00110555
-0.00069493
-0.00051534
-0.00044725
-0.00015210
-0.00010275
-0.00034691
-0.00030884
0.00000892
0.00042982
0.00061951
0.00063519
0.00038045
0.00040360
0.00081519
0.00124317
0.00123190
0.00093243
0.00054060
0.00052152
0.00069615
0.00086759
0.00076103
0.00074929
0.00073464
0.00047061
0.00061855
0.00112632
0.00106073
0.00089424
0.00092471
0.00165883
0.00231031
0.00206533
0.00136235
0.00118128
0.00114146
0.00096577
0.00066085
0.00040659
0.00044675
0.00070658
0.00064521
0.00045898
0.00014233
0.00009879
0.00029840
0.00045935
0.00049440
0.00050615
0.00077466
0.00094739
0.00110324
0.00109079
0.00106405
0.00128403
0.00171366
0.00194963
0.00193596
0.00201428
0.00235353
0.00228460
0.00136682
0.00078965
0.00132503
0.00202746
0.00219015
0.00201976
0.00187997
0.00165800
0.00153077
0.00115118
0.00081407
0.00073560
0.00080012
0.00083951
0.00082323
0.00080220
0.00058462
-0.00001848
-0.00016803
0.00023822
0.00047866
-0.00001936
-0.00091365
-0.00157050
-0.00147384
-0.00073358
-0.00025545
-0.00026476
-0.00038733
-0.00036422
-0.00035651
-0.00085360
-0.00147152
-0.00133797
-0.00034583
-0.00011518
-0.00047753
-0.00091242
-0.00108049
-0.00089161
-0.00080770
-0.00078148
-0.00081171
-0.00110178
-0.00135004
-0.00126663
-0.00083164
-0.00053150
-0.00026067
-0.00004632
-0.00014290
-0.00004084
0.00019385
0.00021723
-0.00037598
-0.00099076
-0.00113959
-0.00099985
-0.00089663
-0.00090722
-0.00093468
-0.00078281
-0.00051912
-0.00061482
-0.00042152
0.00058020
0.00119219
0.00057850
0.00039910
0.00117211
0.00143272
0.00065667
-0.00045954
-0.00084284
-0.00058952
-0.00031083
-0.00008723
-0.00021716
-0.00069885
-0.00098602
-0.00097042
-0.00102705
-0.00122244
-0.00114688
-0.00097807
-0.00089803
-0.00094636
-0.00100714
-0.00086057
-0.00069981
-0.00081923
-0.00097918
-0.00102706
-0.00099169
-0.00076470
-0.00056804
-0.00071011
-0.00089986
-0.00093852
-0.00110561
-0.00168984
-0.00169059
-0.00112045
-0.00074819
-0.00074832
-0.00083949
-0.00103651
-0.00111385
-0.00111957
-0.00134903
-0.00175550
-0.00152054
-0.00112335
-0.00096904
-0.00085582
-0.00077759
-0.00074892
-0.00075071
-0.00050808
0.00003899
0.00001521
-0.00020583
-0.00001529
0.00030103
-0.00006057
-0.00066425
-0.00091591
-0.00084424
-0.00081013
-0.00113373
-0.00175721
-0.00270848
-0.00326107
-0.00278344
-0.00207166
-0.00185824
-0.00199320
-0.00205522
-0.00177474
-0.00138998
-0.00116706
-0.00088788
-0.00065849
-0.00058855
-0.00061571
-0.00063877
-0.00063055
-0.00060971
-0.00058233
-0.00027383
0.00012136
0.00023411
0.00029083
0.00029652
0.00050835
0.00070060
0.00073693
0.00069398
0.00067331
0.00067753
0.00043519
0.00036677
0.00079606
0.00109358
0.00109952
0.00080554
0.00062080
0.00087959
0.00136245
0.00209095
0.00234447
0.00212886
0.00182394
0.00160667
0.00179672
0.00202437
0.00182641
0.00147572
0.00126148
0.00125281
0.00127921
0.00130563
0.00110916
0.00119571
0.00165185
0.00219973
0.00240714
0.00200047
0.00131279
0.00100701
0.00108475
0.00123826
0.00127590
0.00123804
0.00134350
0.00195824
0.00226203
0.00194722
0.00138598
0.00118702
0.00118160
0.00105322
0.00115192
0.00132470
0.00139151
0.00136512
0.00122212
0.00101696
0.00081540
0.00039512
0.00011854
0.00009800
0.00018109
0.00025129
0.00041515
0.00063002
0.00077681
0.00103091
0.00147313
0.00201515
0.00228777
0.00162294
0.00091659
0.00084657
0.00080599
0.00059660
0.00041605
0.00015566
-0.00000706
0.00023179
0.00037018
-0.00054300
-0.00129894
-0.00091834
-0.00009632
0.00034012
0.00017184
0.00008571
0.00041545
0.00069369
0.00069038
0.00060448
0.00057475
0.00059234
0.00060640
0.00060437
0.00061611
0.00061610
0.00060488
0.00059824
0.00059985
0.00060361
0.00060518
0.00060529
0.00060588
0.00060725
0.00060865
0.00060975
0.00061070
0.00059490
0.00056261
0.00057745
0.00061106
0.00062495
0.00062028
0.00061535
0.00061720
0.00062137
0.00084233
0.00145619
0.00144537
0.00086137
0.00049627
0.00052909
0.00046910
0.00036650
0.00048496
0.00063506
0.00067368
0.00064006
0.00055970
0.00006083
-0.00044554
-0.00006947
0.00087030
0.00130945
0.00139589
0.00169200
0.00172768
0.00115400
0.00068300
0.00083973
0.00131113
0.00141275
0.00139027
0.00145951
0.00149298
0.00122610
0.00099533
0.00091946
0.00048516
0.00021963
0.00069324
0.00123946
0.00138580
0.00129388
0.00117471
0.00069843
0.00021900
0.00031158
0.00058844
0.00060249
0.00037894
0.00053403
0.00085830
0.00093806
0.00077705
0.00078760
0.00097228
0.00164626
0.00250020
0.00236503
0.00155340
0.00156426
0.00182633
0.00177725
0.00110368
0.00042253
0.00026852
0.00041139
0.00048905
0.00033607
-0.00041080
-0.00041742
0.00023765
0.00064418
0.00059708
0.00024102
0.00008913
0.00033040
0.00049321
0.00005307
-0.00053758
-0.00079952
-0.00117300
-0.00137496
-0.00112017
-0.00074601
-0.00087866
-0.00140772
-0.00187568
-0.00194081
-0.00180605
-0.00174243
-0.00177927
-0.00183503
-0.00182924
-0.00179422
-0.00160039
-0.00122087
-0.00073588
-0.00045815
-0.00044186
-0.00050194
-0.00051260
-0.00048662
-0.00029372
-0.00009215
0.00021210
0.00080397
0.00114652
0.00068506
0.00018584
0.00017702
0.00023372
0.00034898
0.00033905
0.00020661
0.00016281
0.00022795
-0.00036989
-0.00124382
-0.00202910
-0.00161335
-0.00061770
-0.00019607
-0.00057804
-0.00095480
-0.00137770
-0.00164824
-0.00170057
-0.00166213
-0.00164482
-0.00165846
-0.00184885
-0.00219195
-0.00236869
-0.00222548
-0.00214482
-0.00241509
-0.00289332
-0.00335041
-0.00310702
-0.00242828
-0.00181515
-0.00177225
-0.00216353
-0.00221889
-0.00184146
-0.00178717
-0.00175915
-0.00161746
-0.00146517
-0.00137837
-0.00135103
-0.00134780
-0.00131018
-0.00102090
-0.00029426
0.00022937
0.00032886
0.00006848
-0.00009437
0.00011519
-0.00008694
-0.00064574
-0.00093131
-0.00082264
-0.00066363
-0.00061566
-0.00068010
-0.00117869
-0.00154906
-0.00108661
-0.00051850
-0.00038472
-0.00051401
-0.00057257
-0.00053872
-0.00050983
-0.00051885
-0.00051913
-0.00047092
-0.00039037
-0.00015195
-0.00004474
-0.00008719
-0.00031686
-0.00046383
-0.00047491
-0.00027767
0.00010303
0.00041441
0.00052903
0.00067230
0.00075335
0.00055470
0.00052694
0.00029451
0.00024573
0.00053592
0.00058970
0.00090863
0.00102191
0.00109655
0.00147884
0.00163877
0.00170160
0.00192154
0.00214081
0.00245706
0.00239838
0.00192034
0.00114410
0.00088430
0.00105069
0.00104099
0.00116552
0.00133071
0.00113902
0.00087906
0.00057320
0.00005688
0.00039857
0.00143994
0.00217201
0.00198148
0.00180314
0.00177112
0.00182196
0.00205530
0.00217784
0.00195719
0.00156620
0.00159026
0.00176641
0.00119308
0.00049036
0.00045230
0.00034896
-0.00012871
-0.00045064
-0.00004522
0.00094492
0.00168207
0.00160140
0.00098838
0.00063409
0.00042920
0.00015675
0.00004531
0.00013241
-0.00003112
-0.00028265
-0.00038061
-0.00034972
-0.00029656
-0.00027619
-0.00026340
-0.00023237
-0.00020365
-0.00019417
-0.00001870
0.00007884
-0.00040566
-0.00095267
-0.00094910
-0.00066228
-0.00040225
-0.00048753
-0.00050681
-0.00076304
-0.00174762
-0.00207790
-0.00127469
-0.00077239
-0.00080889
-0.00071533
-0.00048024
-0.00023058
-0.00015466
-0.00003018
-0.00030198
-0.00091276
-0.00151153
-0.00177472
-0.00164132
-0.00146074
-0.00121727
-0.00108449
-0.00107931
-0.00110839
-0.00126016
-0.00142114
-0.00084242
0.00003078
0.00043131
0.00036883
0.00024511
0.00041062
0.00086260
0.00099238
0.00068086
0.00045660
0.00073000
0.00088314
0.00072933
0.00061156
0.00106596
0.00180971
0.00214965
0.00169189
0.00094397
0.00064647
0.00075671
0.00089888
0.00077302
0.00037043
-0.00013290
-0.00042401
-0.00044587
-0.00064606
-0.00155706
-0.00204188
-0.00170576
-0.00111405
-0.00108577
-0.00153757
-0.00182928
-0.00180492
-0.00170107
-0.00147118
-0.00106043
-0.00101041
-0.00124322
-0.00128319
-0.00133683
-0.00157750
-0.00150929
-0.00149997
-0.00182373
-0.00210426
-0.00193353
-0.00176315
-0.00170885
-0.00159402
-0.00131399
-0.00135404
-0.00160858
-0.00152954
-0.00155327
-0.00150267
-0.00147033
-0.00158512
-0.00141354
-0.00121710
-0.00125606
-0.00123932
-0.00109054
-0.00052001
0.00006273
0.00010374
-0.00005780
-0.00032106
-0.00047631
-0.00028120
-0.00005541
0.00010787
0.00019216
0.00040280
0.00066349
0.00029536
-0.00023339
0.00006488
0.00072604
0.00099627
0.00093144
0.00089718
0.00096469
0.00109197
0.00134017
0.00129108
0.00112539
0.00106414
0.00109891
0.00113717
0.00117307
0.00119939
0.00121393
0.00125307
0.00120636
0.00069728
0.00015848
0.00000852
0.00014128
0.00015935
-0.00031800
-0.00065067
-0.00085678
-0.00094642
-0.00093757
-0.00079576
-0.00043310
-0.00003815
0.00000630
-0.00004305
0.00023151
0.00082374
0.00130315
0.00129123
0.00083782
0.00011113
-0.00049193
-0.00066250
-0.00058446
-0.00052719
-0.00063484
-0.00098703
-0.00123211
-0.00136315
-0.00142126
-0.00212812
-0.00270595
-0.00184987
-0.00081883
-0.00078577
-0.00144706
-0.00205707
-0.00208125
-0.00173803
-0.00163776
-0.00199108
-0.00198944
-0.00129661
-0.00051974
-0.00025461
-0.00035722
-0.00045776
-0.00053049
-0.00070643
-0.00082044
-0.00070622
-0.00017064
0.00032824
0.00035816
0.00031786
0.00025335
0.00027644
0.00054995
0.00079897
0.00083259
0.00076553
0.00074085
0.00078861
0.00082774
0.00082507
0.00080742
0.00080572
0.00110394
0.00162783
0.00166272
0.00120362
0.00086337
0.00107811
0.00127954
0.00103026
0.00073527
0.00077731
0.00115784
0.00140772
0.00150771
0.00114965
0.00074470
0.00063371
0.00079997
0.00111854
0.00151711
0.00179355
0.00192867
0.00204515
0.00189534
0.00170898
0.00166963
0.00160732
0.00143100
0.00150695
0.00146025
0.00115465
0.00072652
0.00052846
0.00066119
0.00095180
0.00090641
0.00073726
0.00067517
0.00071782
0.00068703
0.00050801
0.00026875
-0.00011453
-0.00029965
-0.00025176
-0.00035742
-0.00037967
-0.00022429
-0.00007914
-0.00025895
-0.00064819
-0.00092781
-0.00025352
0.00060409
0.00060358
-0.00008717
-0.00052552
-0.00053769
-0.00029415
-0.00048856
-0.00088633
-0.00106313
-0.00100026
-0.00090991
-0.00090839
-0.00121492
-0.00160679
-0.00135340
-0.00087481
-0.00069642
-0.00077573
-0.00084189
-0.00079448
-0.00073060
-0.00070451
-0.00070665
-0.00068363
-0.00063779
-0.00061144
-0.00059982
-0.00056619
-0.00053148
-0.00063291
-0.00107365
-0.00114062
-0.00071847
-0.00037704
-0.00034364
-0.00043258
-0.00034201
0.00002313
0.00026663
0.00023795
0.00007349
-0.00009328
-0.00011824
-0.00021015
-0.00036372
-0.00043711
-0.00042192
-0.00037540
-0.00008566
0.00031465
0.00021824
-0.00022237
-0.00027303
-0.00003750
-0.00008365
-0.00032546
-0.00055700
-0.00063275
-0.00047526
-0.00036883
-0.00069024
-0.00114416
-0.00128022
-0.00105800
-0.00074056
-0.00059600
-0.00041449
-0.00024317
-0.00018027
-0.00018960
-0.00024369
-0.00039723
-0.00034023
-0.00036069
-0.00071935
-0.00087437
-0.00066092
-0.00054119
-0.00040463
-0.00019503
-0.00007212
-0.00008436
-0.00038835
-0.00056483
-0.00050506
-0.00046047
-0.00050632
-0.00061510
-0.00074893
-0.00077948
-0.00072959
-0.00054383
-0.00032314
-0.00022759
-0.00037057
-0.00051526
-0.00042103
-0.00025784
0.00000253
0.00052979
0.00063096
0.00040090
0.00026317
0.00030397
0.00039330
0.00042032
0.00039824
0.00038618
0.00040396
0.00036692
0.00018802
-0.00007766
-0.00024376
-0.00014084
0.00026021
0.00056633
0.00059852
0.00052144
0.00049247
0.00050921
0.00039319
0.00037529
0.00046473
0.00051927
0.00038573
0.00035352
0.00045673
0.00053224
0.00052587
0.00047489
0.00032127
0.00012370
0.00016586
0.00042816
0.00057728
0.00055418
0.00050233
0.00047939
0.00037944
0.00040904
0.00051976
0.00058134
0.00058708
0.00058410
0.00060110
0.00061407
0.00064740
0.00089724
0.00119978
0.00141961
0.00142233
0.00105478
0.00090416
0.00115826
0.00124108
0.00086956
0.00055081
0.00052693
0.00061776
0.00064089
0.00059777
0.00042866
-0.00000074
0.00001853
0.00041238
0.00064040
0.00060039
0.00050366
0.00046010
0.00036227
0.00019227
0.00003753
-0.00000998
-0.00006805
0.00000769
0.00012284
0.00011457
0.00005692
0.00003482
0.00005022
0.00007651
0.00006000
-0.00002246
-0.00006782
-0.00011688
-0.00021454
-0.00027137
-0.00026495
-0.00023894
-0.00021381
-0.00019185
-0.00018215
-0.00017293
-0.00016255
-0.00014900
-0.00013585
-0.00013217
-0.00013335
-0.00010450
0.00010405
0.00020028
0.00003842
-0.00011373
-0.00012627
-0.00007647
-0.00005520
-0.00006763
-0.00007242
-0.00006144
-0.00004930
-0.00006388
-0.00018001
-0.00029041
-0.00024452
-0.00008001
0.00001664
0.00002924
0.00004657
0.00003195
0.00000923
0.00000330
0.00001090
0.00001996
0.00002660
0.00002850
0.00006342
0.00009223
0.00010150
0.00006713
0.00003617
0.00000095
-0.00000019
0.00003567
0.00006105
0.00006341
0.00005924
0.00007199
0.00011872
0.00015245
0.00017246
0.00017009
0.00018496
0.00018229
0.00020601
0.00024442
0.00021290
0.00017172
0.00016039
0.00020248
0.00024233
0.00027800
0.00026837
0.00023363
0.00022299
0.00016478
0.00008026
0.00004333
0.00005165
0.00006547
0.00006670
0.00006469
0.00005907
0.00002418
0.00001966
0.00005937
0.00009064
0.00009645
0.00009210
0.00009110
0.00009530
0.00009974
0.00010292
0.00010439
0.00010512
0.00010615
0.00010749
0.00010772
0.00010775
0.00010808
0.00010805
0.00010747
0.00010655
0.00010454
0.00009806
0.00008917
0.00008837
0.00008595
0.00008148
0.00007952
0.00007852
0.00007985
0.00007653
0.00007132
0.00006604
0.00006092
0.00005229
0.00004649
0.00004762
0.00005273
0.00005720
0.00006378
0.00006369
0.00004398
0.00002550
0.00001934
0.00001950
0.00002007
0.00001970
0.00002286
0.00002703
0.00002643
0.00002438
0.00002065
0.00001980
0.00002458
0.00002858
0.00003290
0.00003537
0.00003327
0.00003068
0.00002909
0.00002895
0.00002864
0.00002687
0.00002276
0.00001857
0.00001456
0.00000894
0.00000533
0.00000320
0.00000200
-0.00000012
-0.00000060
0.00000179
0.00000328
0.00000229
0.00000015
-0.00000235
-0.00000482
-0.00000708
-0.00000758
-0.00000710
-0.00000765
-0.00000927
-0.00001074
-0.00001184
-0.00001336
-0.00001458
-0.00001542
-0.00001626
-0.00001759
-0.00001972
-0.00002224
-0.00002384
-0.00002490
-0.00002622
-0.00002782
-0.00002924
-0.00003034
-0.00003133
-0.00003236
-0.00003341
-0.00003463
-0.00003570
-0.00003647
-0.00003727
-0.00003820
-0.00003917
-0.00004014
-0.00004113
-0.00004207
-0.00004282
-0.00004358
-0.00004450
-0.00004541
-0.00004619
-0.00004690
-0.00004761
-0.00004833
-0.00004903
-0.00004970
-0.00005033
-0.00005096
-0.00005160
-0.00005222
-0.00005283
-0.00005342
-0.00005398
-0.00005453
-0.00005507
-0.00005557
-0.00005606
-0.00005654
-0.00005700
-0.00005745
-0.00005787
-0.00005828
-0.00005866
-0.00005903
-0.00005938
-0.00005971
-0.00006003
-0.00006033
-0.00006061
-0.00006087
-0.00006111
-0.00006134
-0.00006155
-0.00006174
-0.00006191
-0.00006207
-0.00006221
-0.00006233
-0.00006244
-0.00006253
-0.00006260
-0.00006266
-0.00006270
-0.00006273
-0.00006274
-0.00006274
-0.00006272
-0.00006269
-0.00006264
-0.00006257
-0.00006249
-0.00006240
-0.00006230
-0.00006217
-0.00006204
-0.00006189
-0.00006173
