0.00014822
0.00014916
0.00015007
0.00015097
0.00015187
0.00015275
0.00015362
0.00015448
0.00015532
0.00015614
0.00015696
0.00015780
0.00015868
0.00015953
0.00016034
0.00016105
0.00016162
0.00016213
0.00016270
0.00016337
0.00016407
0.00016493
0.00016595
0.00016687
0.00016754
0.00016791
0.00016799
0.00016807
0.00016888
0.00016992
0.00017096
0.00017221
0.00017313
0.00017377
0.00017546
0.00017729
0.00017717
0.00017386
0.00016844
0.00016405
0.00016215
0.00016449
0.00017321
0.00018226
0.00018638
0.00018731
0.00018689
0.00018563
0.00018230
0.00017812
0.00017896
0.00018399
0.00018448
0.00018189
0.00017977
0.00018002
0.00018085
0.00017525
0.00016358
0.00016169
0.00016482
0.00016804
0.00017729
0.00017956
0.00018238
0.00017928
0.00017384
0.00017518
0.00019383
0.00021885
0.00022577
0.00023086
0.00023413
0.00023298
0.00022744
0.00022924
0.00022909
0.00022060
0.00018929
0.00017554
0.00017332
0.00014198
0.00012746
0.00010785
0.00004691
-0.00000227
-0.00002891
-0.00004887
-0.00001864
0.00007440
0.00012395
0.00011554
0.00007806
0.00004846
0.00009961
0.00026070
0.00035469
0.00037726
0.00036253
0.00035672
0.00044058
0.00055868
0.00063381
0.00071154
0.00063858
0.00036812
0.00003550
-0.00017057
-0.00014019
-0.00004144
-0.00002859
-0.00017389
-0.00039801
-0.00054127
-0.00053142
-0.00038975
-0.00011989
0.00014789
0.00023606
0.00025927
0.00016879
0.00013130
0.00001105
-0.00015153
-0.00017415
-0.00011246
-0.00006104
0.00003051
0.00014396
0.00020806
0.00022869
0.00032974
0.00033427
0.00021871
-0.00001861
-0.00010918
-0.00017322
-0.00006717
-0.00002602
0.00005768
0.00000226
-0.00018218
-0.00028785
-0.00024292
-0.00019456
0.00001013
0.00057261
0.00085833
0.00103081
0.00128054
0.00128916
0.00105776
0.00058825
0.00004520
-0.00036944
-0.00041026
-0.00010244
0.00022469
0.00031595
0.00051967
0.00088999
0.00130331
0.00125945
0.00077839
-0.00003130
-0.00029499
-0.00006684
-0.00007754
-0.00014110
-0.00092459
-0.00173872
-0.00214584
-0.00188484
-0.00124712
-0.00055233
-0.00014203
0.00012569
0.00030802
0.00065403
0.00121436
0.00150596
0.00130230
0.00119788
0.00076131
0.00011855
-0.00054440
-0.00088222
-0.00123010
-0.00215833
-0.00304119
-0.00379263
-0.00412366
-0.00364910
-0.00280920
-0.00205149
-0.00163093
-0.00140749
-0.00081999
-0.00005384
0.00077482
0.00105388
0.00139226
0.00171090
0.00174449
0.00171946
0.00175319
0.00177366
0.00124065
0.00064744
0.00020601
-0.00078120
-0.00147316
-0.00187035
-0.00162341
-0.00074081
0.00055834
0.00124241
0.00140046
0.00166445
0.00153851
0.00098410
-0.00017239
-0.00191233
-0.00287049
-0.00411627
-0.00455534
-0.00340707
-0.00248838
-0.00247951
-0.00256284
-0.00257697
-0.00273058
-0.00152828
0.00070263
0.00194852
0.00202469
0.00191032
0.00144052
0.00114455
0.00117707
0.00120819
0.00125380
0.00187158
0.00225573
0.00212407
0.00146035
0.00076870
-0.00053191
-0.00227696
-0.00286045
-0.00211831
-0.00177600
-0.00196967
-0.00165623
-0.00129365
-0.00216529
-0.00303273
-0.00302958
-0.00291269
-0.00300363
-0.00307544
-0.00272341
-0.00142550
-0.00081173
-0.00091903
-0.00095725
-0.00049952
0.00094649
0.00256650
0.00330293
0.00343440
0.00308434
0.00274495
0.00242032
0.00177723
0.00166323
0.00134125
-0.00024371
-0.00226830
-0.00394132
-0.00406530
-0.00416989
-0.00376294
-0.00331420
-0.00332076
-0.00339323
-0.00364458
-0.00303930
-0.00050925
0.00190399
0.00363887
0.00391102
0.00338938
0.00176262
-0.00048307
-0.00131033
-0.00222520
-0.00334513
-0.00434676
-0.00583830
-0.00758973
-0.00830016
-0.00775206
-0.00658639
-0.00586076
-0.00588147
-0.00584221
-0.00501424
-0.00464711
-0.00551411
-0.00600805
-0.00567211
-0.00401979
-0.00213671
-0.00110371
-0.00086680
-0.00132900
-0.00265123
-0.00361822
-0.00358009
-0.00285649
-0.00127813
0.00076244
0.00259954
0.00346553
0.00345219
0.00442538
0.00589019
0.00573778
0.00393361
0.00331551
0.00367993
0.00375046
0.00421847
0.00466467
0.00343190
0.00172771
-0.00005213
-0.00150231
-0.00236611
-0.00269000
-0.00275308
-0.00293840
-0.00427487
-0.00498977
-0.00468935
-0.00358449
-0.00223914
-0.00169232
-0.00156548
-0.00175027
-0.00163431
-0.00145951
-0.00141041
-0.00062547
0.00146346
0.00321439
0.00395289
0.00527554
0.00564892
0.00545765
0.00591245
0.00727009
0.00936830
0.00922083
0.00815854
0.00695367
0.00487024
0.00286239
0.00210650
0.00177204
0.00248906
0.00352596
0.00359198
0.00325022
0.00181193
0.00050391
-0.00074245
-0.00045702
0.00048030
0.00130060
0.00291905
0.00512026
0.00665599
0.00778459
0.00830919
0.00829968
0.00763778
0.00507920
0.00187530
-0.00037472
-0.00176733
-0.00315611
-0.00261949
-0.00066998
-0.00002688
-0.00100789
-0.00187698
-0.00235106
-0.00223821
-0.00127190
0.00033138
0.00113145
0.00050675
-0.00146662
-0.00416161
-0.00663803
-0.00743188
-0.00593587
-0.00219496
0.00229853
0.00480390
0.00540353
0.00540905
0.00589019
0.00645140
0.00658833
0.00688166
0.00789766
0.00924856
0.01017509
0.01080508
0.01161639
0.01190162
0.01125541
0.00989171
0.00773629
0.00474086
0.00214090
0.00174591
0.00263947
0.00356756
0.00399645
0.00410970
0.00438929
0.00479739
0.00480698
0.00441084
0.00303439
0.00198859
0.00023961
-0.00209591
-0.00475511
-0.00528570
-0.00531423
-0.00619162
-0.00815632
-0.00951334
-0.00947057
-0.00995280
-0.01090901
-0.01079815
-0.01045309
-0.00905953
-0.00713859
-0.00671633
-0.00819990
-0.00911885
-0.00932836
-0.00897119
-0.00571527
0.00005049
0.00469378
0.00640594
0.00726633
0.00793160
0.00887044
0.00933844
0.00948607
0.01024061
0.00961927
0.00908248
0.00998182
0.01140875
0.01303606
0.01507357
0.01724429
0.01895338
0.01989373
0.02136005
0.02242984
0.02135827
0.01969131
0.01833987
0.01539260
0.01037296
0.00589969
0.00340736
0.00165645
-0.00017737
-0.00146142
-0.00102557
0.00011548
0.00029512
0.00029404
0.00131116
0.00234169
0.00460424
0.00630471
0.00688584
0.00748351
0.00614786
0.00172854
-0.00358040
-0.00687409
-0.00933229
-0.01320588
-0.01912584
-0.02520263
-0.02800186
-0.02906056
-0.02806838
-0.02628423
-0.02475510
-0.02396284
-0.02415711
-0.02427700
-0.02446219
-0.02308349
-0.02047622
-0.01712983
-0.01475125
-0.01328176
-0.01158991
-0.01038934
-0.01034579
-0.01139587
-0.01408334
-0.01692956
-0.01835900
-0.01835426
-0.01615790
-0.01146670
-0.00738786
-0.00681873
-0.00931210
-0.01409628
-0.01790420
-0.01900368
-0.01670703
-0.01046546
-0.00249917
0.00525171
0.01040996
0.01197330
0.01105609
0.00613565
0.00020824
-0.00239979
-0.00232776
-0.00048982
0.00337182
0.00921276
0.01344338
0.01459713
0.01484687
0.01168342
0.00317593
-0.00866533
-0.02175248
-0.03107776
-0.03363902
-0.03396655
-0.03230015
-0.02731440
-0.02151667
-0.01600914
-0.00959240
0.00008514
0.01112777
0.01746598
0.01720888
0.01404214
0.01007111
0.00821201
0.00721754
0.00581960
0.00377476
0.00125438
-0.00175194
-0.00426341
-0.00604582
-0.00536205
0.00000064
0.00861747
0.01799852
0.02682309
0.03422610
0.04046716
0.04620896
0.05249897
0.05618011
0.05382248
0.04679999
0.03587534
0.02285750
0.00820022
-0.00474247
-0.01321918
-0.01774675
-0.01971797
-0.02024588
-0.01930505
-0.01704007
-0.01489462
-0.01272323
-0.01030371
-0.00483698
0.00267599
0.00864484
0.01059109
0.00978632
0.00699012
0.00181733
-0.00510861
-0.01161715
-0.01540905
-0.01674505
-0.01711996
-0.01492821
-0.01029087
-0.00491718
-0.00048768
0.00124475
0.00222133
0.00358423
0.00406758
0.00361348
0.00315956
0.00372419
0.00539608
0.00803719
0.01067582
0.01178462
0.01128256
0.01149934
0.01434145
0.02030373
0.02806381
0.03651990
0.04444121
0.05064792
0.05685478
0.06182421
0.06325998
0.05947614
0.05092000
0.03974218
0.02769632
0.01603059
0.00521779
-0.00575355
-0.01850812
-0.03248426
-0.04360977
-0.04891489
-0.04721759
-0.03920919
-0.02793815
-0.01623005
-0.00565927
0.00208576
0.00716420
0.00992371
0.01190572
0.01328903
0.01481882
0.01573896
0.01598671
0.01538524
0.01376212
0.01156361
0.00995157
0.00794808
0.00411512
-0.00191413
-0.00863745
-0.01522076
-0.02152173
-0.02683438
-0.03179661
-0.03574665
-0.03792502
-0.03826822
-0.03815425
-0.03749897
-0.03578170
-0.03260364
-0.02820686
-0.02494100
-0.02398500
-0.02350678
-0.02588568
-0.03404610
-0.04461887
-0.05253458
-0.05585299
-0.05631104
-0.05483719
-0.05019224
-0.04252851
-0.03424700
-0.02731065
-0.02079659
-0.01374248
-0.00655776
0.00342220
0.01649983
0.03036523
0.04215005
0.05209911
0.06153136
0.06867901
0.07178456
0.07197659
0.06980907
0.06391978
0.05492402
0.04432597
0.03412613
0.02453251
0.01554524
0.00748470
0.00040894
-0.00515927
-0.00909002
-0.01080611
-0.01021568
-0.01039659
-0.01176173
-0.01502614
-0.02104653
-0.02562913
-0.02621509
-0.02618405
-0.02598934
-0.02530843
-0.02341082
-0.01943409
-0.01433797
-0.00884015
-0.00412723
0.00012076
0.00658744
0.01408124
0.02211457
0.02993653
0.03628740
0.04040330
0.04292442
0.04513570
0.04666066
0.04734383
0.04806481
0.04814957
0.04592461
0.04124059
0.03434170
0.02580916
0.01686744
0.00688630
-0.00318768
-0.01417378
-0.02515688
-0.03413104
-0.04214438
-0.04827761
-0.05080086
-0.05025062
-0.04901033
-0.04717750
-0.04381504
-0.03886474
-0.03266256
-0.02567036
-0.01843452
-0.00987499
0.00132308
0.01386827
0.02618182
0.03523191
0.03886875
0.03853979
0.03382793
0.02431010
0.01120000
-0.00132472
-0.01055194
-0.01575751
-0.01695577
-0.01562868
-0.01219191
-0.00869565
-0.00740605
-0.00652670
-0.00568811
-0.00543215
-0.00577867
-0.00681291
-0.00859973
-0.01002692
-0.01012954
-0.00959862
-0.00852912
-0.00799750
-0.00714482
-0.00649575
-0.00393668
0.00216582
0.00736200
0.00905090
0.00595428
-0.00067549
-0.00746575
-0.01286404
-0.01726688
-0.02275076
-0.02987644
-0.03600729
-0.03918103
-0.04069027
-0.04230276
-0.04272351
-0.04281867
-0.04294030
-0.04324762
-0.04335832
-0.04334025
-0.04390725
-0.04183513
-0.03463310
-0.02351115
-0.00972974
0.00415787
0.01418491
0.01983113
0.02389795
0.02683556
0.02891547
0.02990469
0.02910687
0.02688480
0.02227262
0.01613992
0.00946897
0.00354273
-0.00152932
-0.00551029
-0.00875574
-0.01127749
-0.01326445
-0.01567809
-0.01928248
-0.02209289
-0.02418859
-0.02495377
-0.02538124
-0.02396483
-0.02138500
-0.01799275
-0.01341234
-0.00756839
-0.00102651
0.00449645
0.00991017
0.01815257
0.02781989
0.03603638
0.04413138
0.05171685
0.05628303
0.05733587
0.05444457
0.04734522
0.03744977
0.02840812
0.02322860
0.02127856
0.02004623
0.01896832
0.01731806
0.01492386
0.01250184
0.01075608
0.00906432
0.00666878
0.00458097
0.00496604
0.00549967
0.00835130
0.01527813
0.02331819
0.03011602
0.03557900
0.04015334
0.04397109
0.04559823
0.04639090
0.04607055
0.04402269
0.03963561
0.03216940
0.02339116
0.01578649
0.00846150
0.00010386
-0.01000176
-0.02071113
-0.03056510
-0.03906039
-0.04475298
-0.04614124
-0.04342734
-0.03843354
-0.03237323
-0.02539622
-0.01754864
-0.00951644
-0.00124831
0.00638509
0.01286755
0.01867126
0.02249534
0.02276090
0.02065032
0.01727850
0.01258705
0.00612759
-0.00110976
-0.00822502
-0.01508987
-0.02058700
-0.02522157
-0.03099463
-0.03945687
-0.04865695
-0.05422896
-0.05510247
-0.05437845
-0.05402093
-0.05301323
-0.04819671
-0.04048851
-0.03201943
-0.02376768
-0.01456195
-0.00462765
0.00428053
0.01454314
0.02600149
0.03511970
0.04140028
0.04478665
0.04528884
0.04375479
0.04333894
0.04367403
0.04371992
0.04358793
0.04241749
0.03944199
0.03467705
0.02743706
0.02041238
0.01438400
0.00819259
0.00170254
-0.00431041
-0.00991827
-0.01423660
-0.01803266
-0.02096072
-0.02191838
-0.02241207
-0.02288190
-0.02352268
-0.02454501
-0.02540779
-0.02614632
-0.02716765
-0.02763413
-0.02710531
-0.02471377
-0.02069962
-0.01602472
-0.01175319
-0.00900116
-0.00709890
-0.00548470
-0.00565568
-0.00742809
-0.00960457
-0.01067771
-0.01158730
-0.01148803
-0.00994454
-0.00863732
-0.00811146
-0.00826760
-0.00920448
-0.01157060
-0.01523192
-0.01652478
-0.01598452
-0.01281385
-0.00615626
0.00209781
0.01113893
0.02010008
0.02711862
0.03245016
0.03758559
0.04301071
0.04728520
0.05054187
0.05269653
0.05381433
0.05394021
0.05214526
0.04881035
0.04455549
0.04136308
0.04000075
0.03864803
0.03496610
0.03030829
0.02553782
0.02052064
0.01509838
0.01118744
0.01011174
0.01077787
0.01312280
0.01743661
0.01989596
0.01779369
0.01123961
0.00257632
-0.00509503
-0.01141801
-0.01662055
-0.02119648
-0.02443165
-0.02654543
-0.02735938
-0.02755408
-0.02848991
-0.02845766
-0.02727457
-0.02575333
-0.02419099
-0.02319462
-0.02347255
-0.02542758
-0.02745261
-0.02865289
-0.02937365
-0.02874420
-0.02620391
-0.02224683
-0.01851413
-0.01545726
-0.01072328
-0.00337660
0.00434146
0.00885409
0.00948712
0.00908224
0.00855041
0.00634815
0.00045028
-0.00748171
-0.01417807
-0.01634913
-0.01558848
-0.01188370
-0.00538406
-0.00060537
0.00083418
0.00062877
-0.00192453
-0.00408354
-0.00406341
-0.00177808
0.00176154
0.00463180
0.00709959
0.00956849
0.01086618
0.01108750
0.00928489
0.00437666
-0.00056573
-0.00341171
-0.00374857
-0.00389728
-0.00327778
-0.00215018
-0.00112525
-0.00005635
0.00089971
0.00179431
0.00176524
0.00056322
-0.00042174
-0.00122020
-0.00217980
-0.00314910
-0.00402142
-0.00321680
-0.00229461
-0.00091604
0.00086039
0.00216121
0.00383010
0.00549181
0.00749859
0.00953044
0.01017737
0.01027974
0.00654509
-0.00110385
-0.00776428
-0.01297105
-0.01750766
-0.02216295
-0.02860666
-0.03442511
-0.03782119
-0.03874806
-0.03775326
-0.03393751
-0.02685318
-0.01754604
-0.00898235
-0.00289537
0.00088232
0.00253250
0.00273987
0.00255634
0.00250129
0.00352340
0.00481631
0.00553764
0.00593803
0.00470488
0.00291641
-0.00011026
-0.00471959
-0.00842399
-0.00970526
-0.00928987
-0.00750342
-0.00492257
-0.00288253
-0.00204855
-0.00158204
-0.00082158
-0.00023008
0.00146784
0.00324054
0.00432915
0.00472315
0.00537211
0.00565007
0.00545429
0.00689832
0.00988563
0.01438551
0.01931690
0.02151524
0.02129738
0.01914915
0.01498870
0.00916884
0.00288115
-0.00259647
-0.00581322
-0.00515446
0.00023313
0.00880837
0.01811615
0.02596216
0.03110233
0.03287339
0.03256302
0.03184278
0.03153168
0.03087439
0.02796385
0.02409865
0.01952643
0.01387933
0.00970694
0.00687335
0.00378768
0.00135895
-0.00148992
-0.00618419
-0.01237629
-0.01932954
-0.02487685
-0.02861215
-0.03027528
-0.03181140
-0.03321109
-0.03462036
-0.03554968
-0.03653795
-0.03586577
-0.03354599
-0.02885000
-0.02107421
-0.01367203
-0.00732675
-0.00157830
0.00346075
0.00931630
0.01516032
0.01865847
0.01959989
0.01963311
0.02016374
0.02035858
0.01989929
0.01964847
0.01837001
0.01539100
0.01173013
0.00720604
0.00301721
0.00063917
0.00015048
-0.00009221
0.00043366
0.00180300
0.00412691
0.00620602
0.00748401
0.00736011
0.00620756
0.00385630
0.00005315
-0.00472714
-0.00932555
-0.01361368
-0.01705968
-0.01975269
-0.02064106
-0.02055137
-0.02095535
-0.02205120
-0.02379627
-0.02676921
-0.03055986
-0.03246216
-0.03242257
-0.03154209
-0.02875050
-0.02429879
-0.02119589
-0.02018025
-0.01877817
-0.01785900
-0.01651592
-0.01549515
-0.01381938
-0.01015093
-0.00348390
0.00479892
0.01188265
0.01711166
0.02146218
0.02428454
0.02483056
0.02505411
0.02631441
0.02713692
0.02698109
0.02590888
0.02282809
0.01772596
0.01192058
0.00733758
0.00260523
-0.00304260
-0.00807215
-0.01085586
-0.01167952
-0.01174260
-0.00963332
-0.00704829
-0.00555452
-0.00361097
-0.00138860
0.00038008
0.00194107
0.00386954
0.00562788
0.00755207
0.00995531
0.01306171
0.01728209
0.02132744
0.02264340
0.02231342
0.02168328
0.02107029
0.01967191
0.01759839
0.01494388
0.01252520
0.01131505
0.01108200
0.01173803
0.01282856
0.01460859
0.01631224
0.01806998
0.02001043
0.02103706
0.02070770
0.01977823
0.01818976
0.01581326
0.01336160
0.01119028
0.00997699
0.00821153
0.00533329
0.00204833
-0.00078455
-0.00238843
-0.00274929
-0.00262716
-0.00227585
-0.00158334
-0.00015227
0.00158204
0.00294884
0.00455298
0.00717874
0.00889545
0.00912367
0.00892681
0.00810514
0.00615350
0.00407180
0.00267704
0.00225119
0.00194476
0.00110207
-0.00018103
-0.00193488
-0.00268741
-0.00175390
0.00035739
0.00263329
0.00439939
0.00575485
0.00669844
0.00723397
0.00730637
0.00709223
0.00531817
0.00182813
-0.00204677
-0.00590720
-0.00963018
-0.01317847
-0.01659092
-0.01927915
-0.02087386
-0.02210641
-0.02289070
-0.02312703
-0.02409323
-0.02548351
-0.02562701
-0.02513707
-0.02364680
-0.02287082
-0.02134170
-0.01876215
-0.01737002
-0.01592337
-0.01364071
-0.01155461
-0.01078543
-0.00939820
-0.00736069
-0.00442234
0.00031667
0.00650455
0.01181938
0.01653329
0.02077632
0.02247801
0.02361019
0.02440928
0.02445570
0.02392986
0.02290387
0.02115921
0.01881444
0.01460093
0.00928778
0.00571962
0.00390768
0.00078639
-0.00434778
-0.01040304
-0.01728236
-0.02326495
-0.02710159
-0.02912592
-0.02982692
-0.02956729
-0.02770004
-0.02450142
-0.02164263
-0.01905299
-0.01576880
-0.01219109
-0.00862713
-0.00562330
-0.00401483
-0.00280594
-0.00166616
-0.00150186
-0.00163726
-0.00193016
-0.00185250
-0.00136304
0.00014320
0.00144790
0.00277452
0.00365923
0.00430471
0.00441269
0.00394679
0.00323711
0.00216830
-0.00063392
-0.00215590
-0.00251515
-0.00252587
-0.00218206
-0.00108569
-0.00010480
0.00080372
0.00180686
0.00147209
0.00101734
0.00118755
0.00142553
0.00216680
0.00301860
0.00383625
0.00468586
0.00508575
0.00501352
0.00423405
0.00276253
0.00073108
-0.00234576
-0.00481495
-0.00604687
-0.00618784
-0.00540006
-0.00541497
-0.00626595
-0.00717181
-0.00771733
-0.00781200
-0.00908751
-0.01043634
-0.01141879
-0.01257264
-0.01334943
-0.01322851
-0.01288783
-0.01238672
-0.01083736
-0.00908731
-0.00810409
-0.00761030
-0.00606130
-0.00410975
-0.00187386
0.00052625
0.00289317
0.00471091
0.00552674
0.00613659
0.00640226
0.00672758
0.00632217
0.00541082
0.00501796
0.00553249
0.00636991
0.00724417
0.00829400
0.00866262
0.00851276
0.00785849
0.00822855
0.00862610
0.00813948
0.00786555
0.00774847
0.00790820
0.00853184
0.00957379
0.00987931
0.00911350
0.00763928
0.00628224
0.00382738
-0.00050807
-0.00439216
-0.00704180
-0.00903301
-0.01023665
-0.01038199
-0.00941806
-0.00780707
-0.00590393
-0.00397022
-0.00218874
-0.00163118
-0.00020695
0.00202462
0.00420662
0.00516757
0.00639356
0.00733899
0.00791620
0.00825812
0.00781484
0.00825669
0.00861013
0.00826802
0.00686043
0.00452877
0.00268301
0.00245933
0.00222629
0.00232278
0.00248629
0.00248610
0.00245813
0.00246620
0.00247258
0.00246446
0.00245798
0.00273847
0.00285379
0.00355362
0.00472096
0.00484301
0.00506516
0.00596810
0.00696446
0.00717849
0.00665662
0.00579472
0.00488282
0.00469774
0.00331380
0.00040816
-0.00174391
-0.00363635
-0.00528695
-0.00679143
-0.00816192
-0.00955766
-0.01111073
-0.01244962
-0.01305026
-0.01389958
-0.01429516
-0.01429811
-0.01430732
-0.01468700
-0.01494476
-0.01436853
-0.01328207
-0.01246554
-0.01122504
-0.00957722
-0.00828915
-0.00677619
-0.00459087
-0.00224452
-0.00005097
0.00231152
0.00512693
0.00738928
0.00981738
0.01164248
0.01243225
0.01289214
0.01260630
0.01189291
0.01080580
0.01031112
0.00966808
0.00812839
0.00675774
0.00595918
0.00516309
0.00462291
0.00528047
0.00597542
0.00566018
0.00477257
0.00552841
0.00705972
0.00722347
0.00696609
0.00792351
0.00941800
0.01018731
0.01009044
0.00972014
0.00943241
0.00877555
0.00789928
0.00672511
0.00549555
0.00568821
0.00638963
0.00774010
0.00866071
0.00960800
0.01044800
0.01063255
0.01097164
0.01184587
0.01294155
0.01262038
0.01061450
0.00882974
0.00771759
0.00596897
0.00426238
0.00348389
0.00348780
0.00344397
0.00254059
0.00020393
-0.00261686
-0.00491851
-0.00688683
-0.00813978
-0.00886044
-0.00946330
-0.00897398
-0.00889926
-0.00944737
-0.00968477
-0.00843057
-0.00722135
-0.00674315
-0.00460242
-0.00147204
0.00205465
0.00435379
0.00579840
0.00727384
0.00775489
0.00704852
0.00686423
0.00695654
0.00612507
0.00486262
0.00450067
0.00366484
0.00213792
0.00102135
-0.00003097
-0.00105568
-0.00184888
-0.00249625
-0.00262092
-0.00270128
-0.00357804
-0.00499645
-0.00682052
-0.00790436
-0.00841587
-0.00848344
-0.00830971
-0.00793615
-0.00750669
-0.00771511
-0.00818357
-0.00912565
-0.01053218
-0.01213902
-0.01377425
-0.01547602
-0.01643060
-0.01675553
-0.01680270
-0.01668403
-0.01537622
-0.01438911
-0.01317267
-0.01216876
-0.01252340
-0.01239510
-0.01115301
-0.00951453
-0.00800308
-0.00730165
-0.00601134
-0.00421528
-0.00339101
-0.00311571
-0.00405334
-0.00468532
-0.00488749
-0.00488092
-0.00490993
-0.00494113
-0.00493478
-0.00532129
-0.00678800
-0.00779952
-0.00798607
-0.00629512
-0.00480441
-0.00414702
-0.00382775
-0.00343576
-0.00303223
-0.00326029
-0.00276446
-0.00144836
-0.00016378
0.00057996
0.00131772
0.00281464
0.00382967
0.00443911
0.00489460
0.00564066
0.00580898
0.00544871
0.00541113
0.00649276
0.00742391
0.00791330
0.00887051
0.00935248
0.01011381
0.01153275
0.01189879
0.01243817
0.01299331
0.01375825
0.01413000
0.01407325
0.01414061
0.01494275
0.01538798
0.01561330
0.01494182
0.01227689
0.00934419
0.00634480
0.00203994
-0.00207983
-0.00440698
-0.00562532
-0.00649819
-0.00725705
-0.00785029
-0.00830398
-0.00698413
-0.00500983
-0.00329948
-0.00123808
0.00046284
0.00264323
0.00524909
0.00644139
0.00721983
0.00772267
0.00801779
0.00730729
0.00634837
0.00522412
0.00441912
0.00365693
0.00321143
0.00249169
0.00216916
0.00204913
0.00186297
0.00215249
0.00226759
0.00220811
0.00219568
0.00222354
0.00219594
0.00167978
0.00011166
-0.00059191
-0.00143414
-0.00243281
-0.00263470
-0.00253283
-0.00261187
-0.00310166
-0.00286121
-0.00251167
-0.00229824
-0.00112554
0.00095693
0.00263741
0.00445390
0.00590572
0.00680297
0.00687182
0.00606876
0.00480540
0.00299172
0.00171467
0.00143884
0.00185335
0.00149159
-0.00011274
-0.00142752
-0.00211532
-0.00278171
-0.00315321
-0.00263623
-0.00282850
-0.00331613
-0.00315016
-0.00330896
-0.00449219
-0.00639779
-0.00777395
-0.00918094
-0.01055276
-0.01170386
-0.01213747
-0.01279143
-0.01372084
-0.01486904
-0.01566234
-0.01641906
-0.01659547
-0.01531397
-0.01330093
-0.01101392
-0.00916548
-0.00832516
-0.00709891
-0.00555081
-0.00485320
-0.00534146
-0.00522699
-0.00464083
-0.00379152
-0.00301414
-0.00232972
-0.00150548
-0.00066129
-0.00010263
0.00010865
0.00086486
0.00180022
0.00220923
0.00142764
0.00088773
0.00024281
-0.00060190
-0.00117274
-0.00138401
-0.00217652
-0.00269426
-0.00332892
-0.00358435
-0.00353728
-0.00350567
-0.00291775
-0.00174052
-0.00118212
-0.00102704
-0.00026830
0.00027989
0.00057523
0.00099146
0.00142258
0.00179386
0.00248608
0.00343971
0.00359990
0.00351819
0.00392816
0.00381032
0.00392223
0.00374037
0.00356285
0.00358266
0.00361488
0.00383511
0.00396551
0.00386278
0.00391940
0.00367727
0.00422767
0.00506507
0.00580163
0.00555883
0.00642533
0.00734440
0.00795847
0.00838172
0.00844978
0.00908297
0.00973712
0.01011010
0.01045806
0.01074555
0.01110007
0.01188853
0.01243662
0.01201951
0.01104474
0.00960677
0.00807641
0.00653083
0.00494747
0.00337514
0.00174614
0.00014068
-0.00141043
-0.00297865
-0.00420965
-0.00495156
-0.00565606
-0.00583635
-0.00577471
-0.00578132
-0.00581382
-0.00580759
-0.00621124
-0.00694109
-0.00704851
-0.00693031
-0.00704308
-0.00784258
-0.00826263
-0.00815655
-0.00810948
-0.00850300
-0.00849727
-0.00814115
-0.00768421
-0.00703427
-0.00677790
-0.00607207
-0.00518456
-0.00441821
-0.00349682
-0.00233500
-0.00112538
0.00041991
0.00138573
0.00136940
0.00143047
0.00230922
0.00320755
0.00330444
0.00278101
0.00361171
0.00453578
0.00468049
0.00397265
0.00372932
0.00445482
0.00530631
0.00603408
0.00643125
0.00696670
0.00592808
0.00491569
0.00442078
0.00371756
0.00283529
0.00266815
0.00273704
0.00274616
0.00374846
0.00435227
0.00424403
0.00450507
0.00504553
0.00508764
0.00466378
0.00564406
0.00719393
0.00732793
0.00706516
0.00737055
0.00722193
0.00674987
0.00629857
0.00562460
0.00581392
0.00598973
0.00657591
0.00742436
0.00751811
0.00738906
0.00746500
0.00725710
0.00685407
0.00642590
0.00678048
0.00714563
0.00650481
0.00626258
0.00641482
0.00645367
0.00681145
0.00753729
0.00809074
0.00871418
0.00884264
0.00878396
0.00880683
0.00884484
0.00884163
0.00883323
0.00833774
0.00689176
0.00614856
0.00474947
0.00277235
0.00156218
0.00032621
-0.00263529
-0.00488898
-0.00627658
-0.00739098
-0.00824823
-0.00936099
-0.01018343
-0.01018358
-0.01012732
-0.01092677
-0.01182492
-0.01244227
-0.01247793
-0.01242355
-0.01231658
-0.01112442
-0.00988190
-0.00981597
-0.00998360
-0.00986103
-0.00971966
-0.00970424
-0.01000390
-0.01036887
-0.01075873
-0.01148840
-0.01186982
-0.01174784
-0.01214905
-0.01361588
-0.01409817
-0.01384488
-0.01371870
-0.01260449
-0.01122332
-0.00965939
-0.00853559
-0.00747224
-0.00665598
-0.00647535
-0.00579488
-0.00489353
-0.00420558
-0.00407040
-0.00338093
-0.00289109
-0.00260953
-0.00227343
-0.00200393
-0.00342618
-0.00432246
-0.00412497
-0.00399936
-0.00412609
-0.00416671
-0.00369537
-0.00294673
-0.00276283
-0.00170666
-0.00008597
0.00072385
0.00098616
0.00092740
0.00112500
0.00143519
0.00085287
0.00061812
0.00036223
0.00014686
0.00063629
0.00009042
-0.00048491
-0.00041415
-0.00070702
-0.00154426
-0.00169260
-0.00150750
-0.00149148
-0.00155588
-0.00159074
-0.00148680
-0.00120991
-0.00139185
-0.00077444
-0.00065364
-0.00048192
0.00049648
0.00144361
0.00218926
0.00373487
0.00504657
0.00545298
0.00553307
0.00557575
0.00504286
0.00419703
0.00280109
0.00139965
0.00080719
0.00021545
-0.00035266
-0.00039473
-0.00034039
-0.00099421
-0.00091876
0.00037832
0.00166698
0.00232864
0.00328766
0.00433723
0.00486240
0.00549840
0.00570004
0.00570537
0.00607067
0.00613106
0.00596862
0.00567378
0.00572049
0.00647714
0.00696502
0.00730618
0.00807243
0.00899738
0.00943280
0.01018643
0.01125078
0.01135544
0.01154026
0.01171206
0.01166335
0.01112404
0.00938918
0.00880394
0.00856449
0.00818140
0.00821835
0.00869049
0.00902071
0.00878853
0.00830535
0.00810139
0.00816096
0.00817057
0.00813304
0.00813099
0.00800313
0.00672895
0.00553645
0.00466960
0.00366929
0.00331979
0.00344589
0.00341937
0.00313277
0.00215327
0.00110131
0.00091613
0.00103625
0.00099459
0.00096327
0.00042458
-0.00041523
-0.00125375
-0.00145941
-0.00138417
-0.00140754
-0.00145457
-0.00144539
-0.00144141
-0.00199608
-0.00351588
-0.00556660
-0.00692071
-0.00797770
-0.00918090
-0.01003108
-0.01073836
-0.01027521
-0.00988218
-0.01045347
-0.01114428
-0.01160204
-0.01174084
-0.01149309
-0.01104070
-0.01084796
-0.01087432
-0.01088387
-0.01082914
-0.01133842
-0.01270327
-0.01301550
-0.01311190
-0.01314413
-0.01314078
-0.01313649
-0.01313272
-0.01279175
-0.01169114
-0.01064921
-0.00919862
-0.00843506
-0.00774758
-0.00732808
-0.00731528
-0.00676169
-0.00570785
-0.00526180
-0.00483823
-0.00429760
-0.00319468
-0.00288549
-0.00274134
-0.00208333
-0.00115190
-0.00066544
-0.00029586
-0.00023771
-0.00023383
0.00017505
0.00022664
0.00049426
-0.00001433
0.00011296
0.00066452
0.00141215
0.00140668
0.00189965
0.00218514
0.00171694
0.00123716
0.00073145
0.00070945
0.00109997
0.00086860
0.00160377
0.00222704
0.00216422
0.00180999
0.00159349
0.00197799
0.00270142
0.00269251
0.00246344
0.00221354
0.00188301
0.00114808
0.00125734
0.00168963
0.00144327
0.00177937
0.00275854
0.00396635
0.00523760
0.00655780
0.00694817
0.00716933
0.00809439
0.01005214
0.01104571
0.01158230
0.01195445
0.01180167
0.01194722
0.01156474
0.01070376
0.00990469
0.00883644
0.00845973
0.00835287
0.00809018
0.00736868
0.00628479
0.00574513
0.00568505
0.00606415
0.00542995
0.00441061
0.00436480
0.00454509
0.00428303
0.00341953
0.00314722
0.00332970
0.00338589
0.00331311
0.00331403
0.00369890
0.00408392
0.00438795
0.00441076
0.00456779
0.00504296
0.00555581
0.00588616
0.00586764
0.00609310
0.00538366
0.00458144
0.00426139
0.00344129
0.00231916
0.00110455
0.00002405
-0.00148391
-0.00222246
-0.00326330
-0.00510165
-0.00544337
-0.00599879
-0.00695142
-0.00796565
-0.00775721
-0.00819723
-0.00896323
-0.00847069
-0.00741199
-0.00792919
-0.00832337
-0.00841319
-0.00812966
-0.00866862
-0.00947065
-0.00915468
-0.00929412
-0.00890256
-0.00803323
-0.00811194
-0.00770665
-0.00711522
-0.00623489
-0.00621041
-0.00641442
-0.00537794
-0.00522366
-0.00472682
-0.00328711
-0.00305760
-0.00298892
-0.00274876
-0.00293250
-0.00303325
-0.00305062
-0.00368181
-0.00383118
-0.00333748
-0.00289905
-0.00300991
-0.00268128
-0.00167062
-0.00071489
0.00037849
0.00187213
0.00341836
0.00491894
0.00650072
0.00742517
0.00835877
0.00974468
0.01136494
0.01213400
0.01193684
0.01189740
0.01226519
0.01189464
0.01029371
0.00871778
0.00762764
0.00649860
0.00546737
0.00393982
0.00341859
0.00326311
0.00310540
0.00239888
0.00226151
0.00207668
0.00152651
0.00058128
0.00038519
-0.00094908
-0.00211303
-0.00206409
-0.00092804
-0.00090708
-0.00146198
-0.00215021
-0.00228575
-0.00214537
-0.00222451
-0.00259111
-0.00245455
-0.00189487
-0.00174071
-0.00140176
-0.00148273
-0.00169461
-0.00219782
-0.00215973
-0.00151291
-0.00136782
-0.00143611
-0.00140887
-0.00116691
-0.00039168
-0.00010193
0.00014697
0.00038167
0.00063643
0.00071752
-0.00004335
-0.00034675
-0.00110508
-0.00209273
-0.00255871
-0.00262301
-0.00291748
-0.00438159
-0.00492959
-0.00403744
-0.00443402
-0.00518178
-0.00516081
-0.00499600
-0.00493572
-0.00393449
-0.00355866
-0.00342108
-0.00376717
-0.00420547
-0.00353218
-0.00427670
-0.00613829
-0.00727077
-0.00688251
-0.00766455
-0.00887891
-0.01027565
-0.01082109
-0.01069892
-0.01108691
-0.01264637
-0.01332459
-0.01311158
-0.01300104
-0.01292203
-0.01138960
-0.00994719
-0.00858988
-0.00757802
-0.00611922
-0.00556446
-0.00479160
-0.00352982
-0.00258532
-0.00214574
-0.00112179
-0.00087021
-0.00026041
0.00089993
0.00148005
0.00250524
0.00348704
0.00468347
0.00438768
0.00461329
0.00546008
0.00595548
0.00582531
0.00502360
0.00465187
0.00511632
0.00518664
0.00571479
0.00647851
0.00692814
0.00757693
0.00776100
0.00714235
0.00753530
0.00824411
0.00786786
0.00729185
0.00759898
0.00797132
0.00757284
0.00702734
0.00638156
0.00491902
0.00409706
0.00381142
0.00347008
0.00311720
0.00295246
0.00292140
0.00361513
0.00502257
0.00596317
0.00628000
0.00700305
0.00799949
0.00838107
0.00827267
0.00805671
0.00732280
0.00645544
0.00571090
0.00511112
0.00507883
0.00497879
0.00389344
0.00294033
0.00230230
0.00254586
0.00273761
0.00270042
0.00274603
0.00345701
0.00382249
0.00436735
0.00429333
0.00356044
0.00258594
0.00272780
0.00373394
0.00362833
0.00400622
0.00439782
0.00365977
0.00307532
0.00239031
0.00087443
-0.00048875
-0.00145420
-0.00234988
-0.00290751
-0.00287173
-0.00306951
-0.00358688
-0.00373250
-0.00370777
-0.00412745
-0.00427344
-0.00379155
-0.00354949
-0.00328708
-0.00356609
-0.00344312
-0.00292900
-0.00220056
-0.00245399
-0.00295758
-0.00281182
-0.00276239
-0.00285165
-0.00303679
-0.00304913
-0.00252611
-0.00163268
-0.00133101
-0.00137991
-0.00184683
-0.00234663
-0.00213615
-0.00243610
-0.00265978
-0.00261848
-0.00269699
-0.00293207
-0.00262268
-0.00252734
-0.00261980
-0.00245170
-0.00202413
-0.00214718
-0.00258854
-0.00148299
-0.00012519
-0.00012183
-0.00034986
-0.00006528
0.00022284
-0.00054317
-0.00093345
-0.00097732
-0.00131561
-0.00170684
-0.00247525
-0.00326281
-0.00332867
-0.00328766
-0.00337373
-0.00368161
-0.00334081
-0.00311421
-0.00353628
-0.00310963
-0.00218494
-0.00136796
-0.00064624
0.00045508
0.00104850
0.00100955
0.00137923
0.00188196
0.00185665
0.00142854
0.00182228
0.00204162
0.00125729
0.00097791
0.00108250
0.00107080
0.00103122
0.00081083
0.00044848
0.00029330
0.00080524
0.00169032
0.00263832
0.00307233
0.00296077
0.00325820
0.00376742
0.00386024
0.00389752
0.00390623
0.00362818
0.00349040
0.00327141
0.00291815
0.00189446
0.00171380
0.00181936
0.00119480
0.00095644
0.00107398
0.00119611
0.00189414
0.00191004
0.00159031
0.00205354
0.00153765
0.00098692
0.00103779
0.00114190
0.00067452
0.00023694
0.00046913
-0.00014003
-0.00128497
-0.00183366
-0.00227340
-0.00209514
-0.00281751
-0.00364993
-0.00405620
-0.00374584
-0.00284087
-0.00289556
-0.00313261
-0.00327725
-0.00273565
-0.00253400
-0.00326229
-0.00325848
-0.00300989
-0.00298899
-0.00269936
-0.00207322
-0.00216924
-0.00237098
-0.00121192
-0.00071244
-0.00050042
-0.00048165
-0.00011393
-0.00016453
-0.00063399
-0.00109401
-0.00124699
-0.00159707
-0.00182562
-0.00139726
-0.00054802
-0.00032808
-0.00101552
-0.00203056
-0.00149610
-0.00100577
-0.00051702
-0.00000045
0.00044989
0.00044101
0.00046499
0.00101448
0.00117853
0.00128444
0.00130842
0.00148950
0.00159073
0.00086386
0.00095991
-0.00033038
-0.00198376
-0.00213731
-0.00188557
-0.00168391
-0.00173074
-0.00174942
-0.00193213
-0.00153012
-0.00063902
-0.00017784
-0.00028342
-0.00035489
0.00028406
0.00064635
0.00177821
0.00258855
0.00243748
0.00192258
0.00146682
0.00084491
0.00038399
0.00005624
-0.00035902
-0.00055903
-0.00108091
-0.00081731
-0.00119780
-0.00113044
-0.00099566
-0.00059545
0.00010535
0.00064708
0.00137019
0.00225221
0.00271408
0.00340201
0.00424485
0.00485989
0.00459559
0.00448804
0.00438156
0.00428070
0.00380825
0.00294038
0.00256844
0.00215142
0.00069236
-0.00032634
-0.00086309
-0.00092061
-0.00091472
-0.00095368
-0.00096150
-0.00094231
-0.00047586
0.00024287
0.00078033
0.00137816
0.00160570
0.00232484
0.00317004
0.00433705
0.00508054
0.00471141
0.00438440
0.00485271
0.00470089
0.00392490
0.00381086
0.00397403
0.00399267
0.00312907
0.00254868
0.00282087
0.00293338
0.00282475
0.00269181
0.00205395
0.00241646
0.00271283
0.00263022
0.00178490
0.00151597
0.00192459
0.00184260
0.00175207
0.00173094
0.00215594
0.00218246
0.00168028
0.00142108
0.00126897
0.00093625
0.00069010
-0.00014659
-0.00070843
-0.00076431
-0.00108526
-0.00129810
-0.00187180
-0.00236458
-0.00246492
-0.00258439
-0.00348861
-0.00362897
-0.00291421
-0.00349118
-0.00411396
-0.00408940
-0.00399664
-0.00414174
-0.00451241
-0.00419264
-0.00398570
-0.00404859
-0.00402420
-0.00427843
-0.00433310
-0.00428961
-0.00400578
-0.00418478
-0.00390644
-0.00336732
-0.00332371
-0.00329134
-0.00355540
-0.00375399
-0.00446037
-0.00455558
-0.00406364
-0.00369163
-0.00372677
-0.00377148
-0.00373558
-0.00377843
-0.00368628
-0.00307815
-0.00303623
-0.00237076
-0.00196978
-0.00188072
-0.00173539
-0.00119565
-0.00088629
-0.00044820
-0.00022679
-0.00023955
-0.00028598
-0.00045585
-0.00029610
0.00010335
0.00010927
0.00027992
0.00051897
0.00074535
0.00186726
0.00203361
0.00223075
0.00285866
0.00300624
0.00296353
0.00299143
0.00302973
0.00303993
0.00354336
0.00376467
0.00339380
0.00279092
0.00222998
0.00242203
0.00251513
0.00216773
0.00111439
0.00054838
0.00064855
0.00064377
0.00046493
-0.00081381
-0.00120301
-0.00028430
0.00061500
0.00064878
0.00055020
0.00125358
0.00123602
0.00098314
0.00092695
0.00100475
0.00108927
0.00051230
-0.00051351
-0.00072645
-0.00034750
-0.00022780
-0.00067405
-0.00076843
-0.00092605
-0.00069595
-0.00054216
-0.00058278
-0.00060605
-0.00058256
-0.00085716
-0.00092714
-0.00093249
-0.00163281
-0.00192946
-0.00214364
-0.00188883
-0.00140266
-0.00097727
-0.00083591
-0.00022128
-0.00037089
-0.00031100
0.00048251
0.00077094
0.00066859
0.00065134
0.00042897
0.00029415
0.00016103
0.00017955
0.00061134
0.00074641
0.00036380
0.00025616
0.00027370
0.00054440
0.00030500
0.00085450
0.00180364
0.00123215
0.00072798
0.00164557
0.00212200
0.00164736
0.00144129
0.00101685
0.00090911
0.00099415
0.00072938
0.00066855
0.00030172
-0.00006031
-0.00002130
0.00000699
-0.00079261
-0.00160187
-0.00184230
-0.00195007
-0.00161390
-0.00156565
-0.00180248
-0.00176743
-0.00160537
-0.00121139
-0.00118742
-0.00132172
-0.00016765
0.00029033
-0.00082673
-0.00096792
-0.00061137
-0.00042442
-0.00050839
-0.00125667
-0.00127380
-0.00121948
-0.00154744
-0.00178164
-0.00165978
-0.00169152
-0.00200147
-0.00204857
-0.00198556
-0.00237698
-0.00307603
-0.00309071
-0.00271234
-0.00301083
-0.00327674
-0.00310293
-0.00227471
-0.00193775
-0.00170257
-0.00181205
-0.00168851
-0.00141251
-0.00127772
-0.00142286
-0.00200376
-0.00174077
-0.00136827
-0.00178519
-0.00214746
-0.00207715
-0.00214257
-0.00247203
-0.00234528
-0.00253405
-0.00248689
-0.00208496
-0.00176526
-0.00086681
0.00039958
0.00100915
0.00128172
0.00147701
0.00151658
0.00151465
0.00210500
0.00280474
0.00283690
0.00272860
0.00277131
0.00281316
0.00274513
0.00267463
0.00244426
0.00236988
0.00249639
0.00202048
0.00240927
0.00234116
0.00248274
0.00262743
0.00129829
-0.00027470
-0.00018602
-0.00049938
-0.00093007
-0.00166273
-0.00218090
-0.00239404
-0.00306922
-0.00333115
-0.00324565
-0.00322839
-0.00322659
-0.00259188
-0.00211538
-0.00217018
-0.00223860
-0.00213006
-0.00146166
-0.00133826
-0.00109501
-0.00060765
0.00011358
0.00025445
0.00020982
0.00058952
0.00071776
0.00158448
0.00226783
0.00233240
0.00251708
0.00260772
0.00259223
0.00299605
0.00406253
0.00415269
0.00412510
0.00494079
0.00583352
0.00547066
0.00558942
0.00578622
0.00578521
0.00588025
0.00648858
0.00650567
0.00654467
0.00725110
0.00712298
0.00650260
0.00533630
0.00488345
0.00532848
0.00513816
0.00398124
0.00310217
0.00261196
0.00258706
0.00251969
0.00157738
0.00034926
0.00006867
0.00021419
-0.00031213
-0.00071218
-0.00092652
-0.00141680
-0.00118586
-0.00137565
-0.00171673
-0.00185303
-0.00205074
-0.00194823
-0.00200494
-0.00184860
-0.00211590
-0.00210326
-0.00293705
-0.00312117
-0.00316769
-0.00336100
-0.00359989
-0.00397692
-0.00423807
-0.00421307
-0.00446931
-0.00458302
-0.00440142
-0.00417134
-0.00445440
-0.00455781
-0.00448458
-0.00396481
-0.00370119
-0.00420270
-0.00419436
-0.00410675
-0.00406029
-0.00437676
-0.00444684
-0.00455920
-0.00464863
-0.00428692
-0.00372119
-0.00359338
-0.00402987
-0.00354922
-0.00226191
-0.00157020
-0.00140574
-0.00030204
0.00039927
0.00096118
0.00122493
0.00200038
0.00228181
0.00218368
0.00252693
0.00338977
0.00305751
0.00311287
0.00327921
0.00345123
0.00338926
0.00316559
0.00279841
0.00218932
0.00223675
0.00317187
0.00319837
0.00233155
0.00251186
0.00323442
0.00401230
0.00387588
0.00403049
0.00482711
0.00589174
0.00670391
0.00585764
0.00481635
0.00486676
0.00505098
0.00495712
0.00489016
0.00445288
0.00361714
0.00280768
0.00224691
0.00221355
0.00106459
0.00004828
0.00031208
0.00142771
0.00069094
-0.00005826
0.00009207
0.00025469
0.00014913
-0.00029818
-0.00048271
-0.00020751
-0.00034741
-0.00050513
-0.00068158
-0.00067181
-0.00117341
-0.00204775
-0.00171407
-0.00096130
-0.00095642
-0.00089871
-0.00004422
0.00028680
0.00016153
0.00052783
0.00107769
0.00139978
0.00113668
0.00071389
0.00033258
0.00027466
0.00028844
0.00024324
-0.00043055
-0.00035025
0.00024202
0.00028496
0.00012740
-0.00021919
0.00012194
0.00039072
0.00058468
0.00132912
0.00156980
0.00076072
0.00012792
0.00022147
0.00007855
-0.00074908
-0.00164274
-0.00207209
-0.00202502
-0.00200737
-0.00177729
-0.00110224
-0.00155857
-0.00221292
-0.00211153
-0.00192710
-0.00163400
-0.00091416
-0.00011639
-0.00033718
-0.00057195
0.00006510
0.00001073
0.00016384
0.00030485
0.00001568
-0.00012151
-0.00019068
-0.00056395
-0.00064033
-0.00057166
-0.00088217
-0.00163391
-0.00173045
-0.00055921
-0.00059742
-0.00099386
-0.00088977
-0.00006249
0.00013164
-0.00033840
-0.00046673
-0.00036618
-0.00001087
-0.00041811
-0.00132934
-0.00139779
-0.00182604
-0.00208173
-0.00201924
-0.00191951
-0.00183917
-0.00152605
-0.00151590
-0.00168432
-0.00096781
-0.00110683
-0.00040671
0.00047923
0.00053564
0.00034329
0.00035923
0.00042736
0.00041557
0.00039373
0.00040270
0.00041413
0.00041466
0.00041484
0.00041886
0.00042833
0.00079115
0.00083503
0.00080898
0.00061766
0.00081394
0.00055019
0.00038005
-0.00014639
-0.00076166
-0.00118610
-0.00133443
-0.00150514
-0.00190375
-0.00197815
-0.00190897
-0.00191223
-0.00193885
-0.00193285
-0.00190110
-0.00124385
0.00000254
0.00055715
0.00046617
0.00083381
0.00070674
0.00046452
0.00049911
0.00097125
0.00139128
0.00142988
0.00088955
0.00078625
0.00058706
0.00051222
0.00052652
0.00053291
0.00092370
0.00238903
0.00306381
0.00289000
0.00283946
0.00295695
0.00297991
0.00294089
0.00293797
0.00295598
0.00328822
0.00326604
0.00294118
0.00295100
0.00305493
0.00299373
0.00252801
0.00139689
0.00057423
0.00057690
0.00066201
0.00025944
-0.00017794
-0.00055189
-0.00075166
-0.00149942
-0.00188153
-0.00166295
-0.00134078
-0.00171869
-0.00188841
-0.00179189
-0.00175991
-0.00166710
-0.00139420
-0.00170034
-0.00165402
-0.00099731
-0.00146130
-0.00189711
-0.00176080
-0.00166407
-0.00176820
-0.00180713
-0.00177287
-0.00177490
-0.00231355
-0.00309110
-0.00388019
-0.00408612
-0.00401652
-0.00403508
-0.00407869
-0.00407036
-0.00379302
-0.00300190
-0.00278069
-0.00270752
-0.00299435
-0.00368474
-0.00382140
-0.00324115
-0.00353788
-0.00355886
-0.00342387
-0.00340464
-0.00367643
-0.00402725
-0.00364603
-0.00380304
-0.00432026
-0.00446813
-0.00470791
-0.00492762
-0.00421065
-0.00394518
-0.00402674
-0.00332614
-0.00275092
-0.00280547
-0.00258216
-0.00182396
-0.00163696
-0.00176607
-0.00136208
0.00022109
0.00098777
0.00111984
0.00074275
0.00063239
0.00077383
0.00119241
0.00159577
0.00188441
0.00228423
0.00237130
0.00280355
0.00315235
0.00301417
0.00262957
0.00296541
0.00317600
0.00312477
0.00341821
0.00346608
0.00345280
0.00335324
0.00310053
0.00340274
0.00374923
0.00348265
0.00347441
0.00360294
0.00372414
0.00347139
0.00345407
0.00318084
0.00307092
0.00310708
0.00311563
0.00313694
0.00319126
0.00316720
0.00277514
0.00229977
0.00141812
0.00187139
0.00313162
0.00323029
0.00303042
0.00314144
0.00304484
0.00242582
0.00250239
0.00210955
0.00258618
0.00242059
0.00280186
0.00300894
0.00282118
0.00309985
0.00319907
0.00309352
0.00306721
0.00310047
0.00310437
0.00285748
0.00277138
0.00288697
0.00150490
0.00078615
0.00105896
0.00086397
0.00128719
0.00123733
0.00068250
0.00066753
0.00078003
0.00071430
0.00066139
0.00067928
0.00069358
0.00068518
0.00067963
0.00094374
0.00176807
0.00197356
0.00160110
0.00142937
0.00140087
0.00103125
0.00065199
0.00065554
0.00071932
0.00066207
-0.00036892
-0.00127941
-0.00135055
-0.00099447
-0.00093478
-0.00128816
-0.00107278
-0.00152881
-0.00177832
-0.00175986
-0.00208085
-0.00214767
-0.00200535
-0.00198947
-0.00234244
-0.00278173
-0.00320351
-0.00362787
-0.00375129
-0.00407734
-0.00479366
-0.00481727
-0.00432577
-0.00433779
-0.00548040
-0.00572910
-0.00491884
-0.00480066
-0.00538745
-0.00577328
-0.00533867
-0.00557377
-0.00600438
-0.00550152
-0.00556174
-0.00539725
-0.00566980
-0.00598828
-0.00562470
-0.00504337
-0.00481845
-0.00493987
-0.00488739
-0.00516037
-0.00497354
-0.00495716
-0.00494128
-0.00492240
-0.00443072
-0.00444901
-0.00513529
-0.00461181
-0.00405134
-0.00407175
-0.00414931
-0.00409697
-0.00397784
-0.00330896
-0.00292375
-0.00266612
-0.00230826
-0.00185136
-0.00175955
-0.00181905
-0.00162746
-0.00042651
0.00045408
0.00060048
0.00053307
0.00058545
0.00137927
0.00219124
0.00272969
0.00299629
0.00299709
0.00385681
0.00531860
0.00551729
0.00528444
0.00537439
0.00513326
0.00514830
0.00540181
0.00506047
0.00459513
0.00423528
0.00423498
0.00473807
0.00542417
0.00552340
0.00543292
0.00542245
0.00540918
0.00539199
0.00537906
0.00502777
0.00453955
0.00365833
0.00306591
0.00308641
0.00314266
0.00308345
0.00265917
0.00130795
0.00131291
0.00122268
0.00110323
0.00079381
0.00073932
0.00081182
0.00087022
0.00105450
0.00130501
0.00102878
0.00092649
0.00105973
0.00112592
0.00048714
-0.00027362
-0.00058231
-0.00088870
-0.00104232
-0.00101436
-0.00093525
-0.00087535
-0.00084269
-0.00084110
-0.00083996
-0.00078330
-0.00073552
-0.00071561
-0.00006969
0.00048548
0.00009179
-0.00035379
-0.00020011
0.00001713
-0.00000835
0.00077671
0.00070481
0.00041303
0.00097116
0.00108296
0.00117332
0.00122495
0.00163294
0.00180199
0.00174000
0.00138519
0.00093814
0.00055477
0.00026325
0.00086683
0.00171854
0.00186302
0.00172174
0.00174903
0.00179080
0.00179540
0.00175979
0.00180633
0.00219742
0.00295490
0.00274272
0.00180396
0.00164133
0.00182349
0.00180181
0.00172622
0.00178800
0.00179778
0.00174890
0.00173955
0.00175125
0.00175160
0.00174692
0.00174691
0.00165843
0.00132724
0.00165912
0.00191108
0.00185488
0.00180990
0.00184513
0.00186896
0.00191904
0.00228621
0.00232726
0.00206848
0.00218722
0.00292855
0.00263068
0.00215468
0.00235983
0.00296272
0.00304101
0.00257791
0.00250910
0.00268598
0.00275766
0.00265473
0.00205332
0.00200361
0.00182125
0.00131879
0.00063859
0.00016152
-0.00044493
-0.00058315
-0.00093753
-0.00168091
-0.00182167
-0.00170290
-0.00201844
-0.00213810
-0.00252669
-0.00294048
-0.00297120
-0.00300637
-0.00336158
-0.00308917
-0.00330810
-0.00400588
-0.00382001
-0.00388279
-0.00364341
-0.00296632
-0.00320731
-0.00316152
-0.00283024
-0.00298707
-0.00305965
-0.00295263
-0.00259003
-0.00269699
-0.00252963
-0.00189161
-0.00177542
-0.00189228
-0.00188250
-0.00183196
-0.00183145
-0.00148329
-0.00121142
-0.00160020
-0.00140158
-0.00007380
0.00066479
0.00032771
-0.00054846
-0.00111140
-0.00081287
-0.00035319
0.00031317
-0.00059729
-0.00192220
-0.00194132
-0.00170876
-0.00180175
-0.00189691
-0.00186055
-0.00182840
-0.00184252
-0.00205067
-0.00279767
-0.00286195
-0.00237972
-0.00191943
-0.00184024
-0.00188744
-0.00186138
-0.00183283
-0.00184183
-0.00185163
-0.00184818
-0.00155900
-0.00006002
0.00078455
0.00062793
0.00053979
0.00066008
0.00069467
0.00065050
0.00063998
0.00065572
0.00065843
0.00065257
0.00065169
0.00065355
0.00065350
0.00065259
0.00065237
0.00065240
0.00065216
0.00065182
0.00065157
0.00065133
0.00065104
0.00065074
0.00065043
0.00065012
0.00064980
0.00064947
0.00064913
0.00064879
0.00057243
-0.00014798
-0.00052892
-0.00012929
-0.00036972
-0.00052995
0.00026277
0.00075252
0.00022182
-0.00057875
-0.00053002
0.00029622
0.00031135
0.00019279
0.00049515
0.00062845
0.00058718
0.00054785
0.00048190
-0.00028461
-0.00031978
0.00049631
0.00065520
0.00047707
0.00039267
0.00004600
0.00000684
0.00046839
0.00050556
-0.00024723
-0.00035338
-0.00006577
0.00050754
0.00057202
0.00050652
0.00042981
-0.00027555
-0.00068274
-0.00108937
-0.00158039
-0.00141194
-0.00165027
-0.00182900
-0.00212053
-0.00243886
-0.00283343
-0.00276744
-0.00194327
-0.00159359
-0.00158845
-0.00133680
-0.00157812
-0.00166724
-0.00208880
-0.00267163
-0.00238891
-0.00134324
-0.00097265
-0.00204980
-0.00261857
-0.00280236
-0.00234727
-0.00170268
-0.00166497
-0.00126714
-0.00058164
-0.00052554
-0.00007692
0.00039930
0.00024845
0.00047491
0.00062580
0.00057549
0.00048069
0.00047335
0.00049071
0.00048348
0.00047381
0.00047449
0.00065978
0.00088550
0.00094377
0.00106295
0.00174349
0.00228143
0.00159253
0.00117891
0.00169470
0.00188082
0.00173912
0.00170939
0.00203075
0.00156273
0.00128811
0.00158033
0.00155638
0.00139704
0.00131341
0.00107459
0.00046126
0.00039852
0.00081833
0.00083639
0.00004150
-0.00039561
0.00046189
0.00106778
0.00092976
0.00077510
-0.00017797
-0.00112697
-0.00090295
-0.00063851
-0.00062898
-0.00091503
-0.00092264
-0.00035369
-0.00094207
-0.00151092
-0.00175913
-0.00163405
-0.00137911
-0.00141887
-0.00144768
-0.00141074
-0.00139766
-0.00141158
-0.00141778
-0.00141544
-0.00141632
-0.00142003
-0.00141100
-0.00134768
-0.00131938
-0.00132475
-0.00096909
-0.00100994
-0.00090298
-0.00099185
-0.00075770
-0.00041824
-0.00011056
0.00025324
0.00084532
0.00090659
0.00063226
0.00073883
0.00133487
0.00141928
0.00134279
0.00160576
0.00226008
0.00238417
0.00255553
0.00263356
0.00262784
0.00285519
0.00323371
0.00302702
0.00261881
0.00259044
0.00239323
0.00151946
0.00121366
0.00134441
0.00135721
0.00123328
0.00121082
0.00119358
0.00055361
0.00061745
0.00113780
0.00115523
0.00099502
0.00097813
0.00100447
0.00104608
0.00075844
0.00037515
-0.00003363
-0.00014303
-0.00005216
0.00029773
0.00001330
-0.00018178
-0.00005984
-0.00005705
-0.00046401
-0.00088145
-0.00080618
-0.00026527
-0.00015833
-0.00030696
0.00007502
0.00036206
0.00034058
0.00029585
0.00032270
0.00033818
0.00023431
-0.00055846
-0.00072215
-0.00024731
-0.00011815
-0.00051629
-0.00104537
-0.00070096
-0.00002306
-0.00066765
-0.00093269
-0.00104634
-0.00085763
-0.00088135
-0.00112238
-0.00142442
-0.00101204
-0.00068996
-0.00140034
-0.00165174
-0.00149514
-0.00132991
-0.00075659
-0.00067232
-0.00053170
-0.00101023
-0.00073254
-0.00055935
0.00020388
0.00095739
0.00099383
0.00095722
0.00105098
0.00114882
0.00115365
0.00113410
0.00118261
0.00124397
0.00124225
0.00124543
0.00131315
0.00152411
0.00172047
0.00138007
0.00126218
0.00135510
0.00097676
0.00108682
0.00194371
0.00225961
0.00238468
0.00277801
0.00300244
0.00261032
0.00246165
0.00275672
0.00316537
0.00357336
0.00346695
0.00305771
0.00260564
0.00183178
0.00168087
0.00148487
0.00128113
0.00126592
0.00129499
0.00125122
0.00090272
0.00057539
0.00036651
0.00024777
-0.00086221
-0.00126492
-0.00109165
-0.00103683
-0.00106933
-0.00112466
-0.00142862
-0.00193437
-0.00269737
-0.00218014
-0.00185726
-0.00192027
-0.00216062
-0.00154476
-0.00180031
-0.00239513
-0.00233733
-0.00179401
-0.00137137
-0.00117929
-0.00118093
-0.00114327
-0.00076203
-0.00084076
-0.00070468
-0.00052726
-0.00058301
-0.00007449
0.00009147
-0.00012693
-0.00073373
-0.00067886
-0.00051821
-0.00021063
-0.00051910
-0.00065420
-0.00024309
-0.00085956
-0.00089641
-0.00088474
-0.00127121
-0.00156833
-0.00123613
-0.00112327
-0.00121388
-0.00141608
-0.00178883
-0.00221876
-0.00233931
-0.00228239
-0.00207390
-0.00097994
-0.00082860
-0.00059135
-0.00068702
-0.00052800
-0.00001688
-0.00026168
0.00027509
0.00067929
0.00016431
-0.00012345
0.00001194
0.00045240
0.00017597
-0.00009887
0.00022056
0.00107210
0.00126114
0.00114203
0.00154642
0.00135903
0.00130699
0.00139100
0.00080404
0.00097127
0.00152464
0.00183158
0.00154567
0.00121683
0.00097195
0.00066065
0.00026275
0.00017429
0.00036638
0.00108538
0.00089343
0.00039162
0.00041431
-0.00012384
-0.00061032
-0.00053090
-0.00037997
-0.00035079
-0.00035337
-0.00030551
0.00009392
0.00011605
-0.00016300
-0.00017294
-0.00003907
-0.00001222
-0.00004639
-0.00013595
-0.00042560
-0.00052141
-0.00073184
-0.00092595
-0.00120947
-0.00119157
-0.00100296
-0.00034993
-0.00027476
-0.00018223
-0.00048171
-0.00100713
-0.00076124
-0.00015674
-0.00036669
-0.00018812
0.00000054
-0.00001229
-0.00005048
-0.00003643
-0.00002223
-0.00002722
-0.00004609
-0.00060313
-0.00062397
-0.00001777
0.00006366
-0.00007405
-0.00006129
-0.00000508
0.00000406
0.00054626
0.00060455
-0.00000691
-0.00011221
0.00002662
0.00002151
-0.00003416
-0.00005311
-0.00068565
-0.00149557
-0.00186534
-0.00217185
-0.00231218
-0.00230738
-0.00229903
-0.00207359
-0.00165447
-0.00139781
-0.00203305
-0.00202712
-0.00127564
-0.00135088
-0.00129334
-0.00123880
-0.00087748
-0.00042056
-0.00006377
-0.00023090
-0.00059473
-0.00053036
-0.00037704
-0.00036737
-0.00039572
-0.00032610
-0.00026252
-0.00026786
-0.00065447
-0.00106597
-0.00127624
-0.00119311
-0.00079893
-0.00040720
-0.00070672
-0.00082288
-0.00062584
-0.00089439
-0.00082235
-0.00038126
0.00008366
0.00016673
0.00011603
0.00013927
0.00017054
0.00016522
0.00012928
0.00009949
0.00015488
0.00017963
0.00013815
0.00007502
0.00007223
0.00008549
0.00008424
0.00008203
0.00008609
0.00009067
0.00036186
0.00071871
0.00040286
0.00003691
0.00007993
0.00015406
0.00044759
0.00052940
0.00060465
0.00056432
0.00038136
0.00020851
0.00053005
0.00069716
0.00122472
0.00138246
0.00164183
0.00171520
0.00166950
0.00101400
0.00118599
0.00143604
0.00138455
0.00132300
0.00102700
0.00065246
0.00042139
0.00133180
0.00076362
0.00004337
0.00012402
0.00027926
0.00021472
0.00025282
0.00064920
0.00042691
0.00017562
0.00019298
0.00024527
0.00022619
0.00021049
0.00022293
0.00023322
0.00023380
0.00017282
-0.00024561
-0.00072110
-0.00082447
-0.00001651
0.00036417
0.00023431
0.00019976
0.00031993
0.00039508
0.00023837
-0.00044100
-0.00004318
0.00043086
0.00034872
0.00023283
0.00015611
-0.00003890
0.00032489
0.00046247
0.00035962
0.00035625
0.00043276
0.00041393
0.00037945
0.00042064
0.00044018
-0.00013813
-0.00095388
-0.00116584
-0.00071304
-0.00056789
-0.00084066
-0.00105272
-0.00064641
-0.00044961
-0.00051623
-0.00022327
0.00063703
0.00047996
0.00060579
0.00127325
0.00072842
0.00032170
0.00086506
0.00120941
0.00113902
0.00111345
0.00123654
0.00128113
0.00125917
0.00131216
0.00140518
0.00147279
0.00153768
0.00198494
0.00216270
0.00204100
0.00256702
0.00219152
0.00224050
0.00243993
0.00248412
0.00185279
0.00170168
0.00246977
0.00234840
0.00215452
0.00225262
0.00191895
0.00166447
0.00107829
0.00105556
0.00151669
0.00103836
0.00059622
0.00143306
0.00195258
0.00180503
0.00176234
0.00187890
0.00186188
0.00214598
0.00213487
0.00182657
0.00179992
0.00187617
0.00174004
0.00144329
0.00133718
0.00128574
0.00180388
0.00131120
-0.00011171
0.00024982
0.00086769
0.00040587
0.00038029
0.00044799
0.00043678
-0.00012886
-0.00048917
-0.00095930
-0.00160659
-0.00155899
-0.00081816
-0.00072141
-0.00051365
-0.00040209
-0.00076127
-0.00106364
-0.00079763
-0.00124849
-0.00167596
-0.00162493
-0.00154214
-0.00157910
-0.00160224
-0.00172633
-0.00210621
-0.00252950
-0.00266336
-0.00227613
-0.00239779
-0.00261401
-0.00256884
-0.00257150
-0.00277211
-0.00299662
-0.00322104
-0.00319160
-0.00242317
-0.00206106
-0.00207681
-0.00202541
-0.00189466
-0.00181269
-0.00178065
-0.00175922
-0.00148650
-0.00048315
0.00000280
-0.00096966
-0.00149181
-0.00093248
0.00001872
0.00046876
0.00069210
0.00057613
0.00034095
0.00063474
0.00044236
-0.00087293
-0.00160281
-0.00117617
-0.00042671
-0.00045394
-0.00108504
-0.00016671
-0.00024432
-0.00066791
-0.00062257
-0.00096274
-0.00120522
-0.00117358
-0.00045130
0.00004132
-0.00002428
-0.00007984
-0.00001270
0.00001614
-0.00000213
-0.00002846
0.00004552
0.00050184
0.00062231
0.00043913
0.00006780
0.00000382
0.00006598
0.00005746
0.00000649
0.00001837
0.00038855
0.00037407
0.00004143
-0.00007190
-0.00031947
-0.00002850
0.00013602
0.00021265
0.00033979
-0.00023413
-0.00055350
-0.00101702
-0.00111742
-0.00102696
-0.00134232
-0.00163526
-0.00172746
-0.00171783
-0.00138980
-0.00118035
-0.00172811
-0.00130547
-0.00088888
-0.00094351
-0.00088363
-0.00026113
-0.00067663
-0.00054471
0.00002297
0.00032875
0.00038036
0.00064276
0.00102195
0.00052295
-0.00018347
0.00054661
0.00062167
0.00061241
0.00058263
0.00038033
-0.00034809
-0.00057009
-0.00009576
0.00004732
0.00028425
0.00038577
-0.00030332
-0.00052791
0.00032024
0.00063321
0.00115241
0.00135749
0.00138577
0.00239668
0.00263014
0.00202297
0.00190679
0.00247688
0.00299335
0.00331807
0.00269332
0.00206834
0.00238621
0.00258119
0.00222108
0.00169565
0.00164296
0.00182114
0.00212583
0.00136399
0.00051770
0.00123254
0.00167818
0.00109573
0.00087625
0.00082078
0.00086486
0.00053330
0.00068874
0.00071874
0.00074402
0.00075831
0.00074096
0.00017463
0.00066145
0.00029124
0.00013296
0.00007883
-0.00055971
-0.00026224
0.00003456
-0.00045522
-0.00036865
0.00000258
0.00052599
0.00042804
-0.00039672
-0.00056752
-0.00005835
0.00025747
-0.00022477
-0.00049238
-0.00075777
-0.00053486
-0.00031321
-0.00026122
-0.00048912
0.00019399
0.00049644
-0.00038246
-0.00082400
-0.00069813
-0.00102807
-0.00100741
-0.00111189
-0.00057672
-0.00051055
-0.00083358
-0.00053181
-0.00077594
-0.00120289
-0.00104411
-0.00112541
-0.00093236
-0.00105809
-0.00146807
-0.00128959
-0.00083774
-0.00105914
-0.00129343
-0.00118083
-0.00187210
-0.00258338
-0.00223767
-0.00154861
-0.00158090
-0.00149725
-0.00135998
-0.00097176
-0.00084303
-0.00090149
-0.00090684
-0.00087752
-0.00087715
-0.00060710
-0.00054848
-0.00088355
-0.00085334
-0.00002699
0.00031236
-0.00034015
0.00031259
0.00067718
0.00110649
0.00067337
0.00054644
0.00100420
0.00148838
0.00151216
0.00130822
0.00106202
0.00141014
0.00105386
0.00039564
0.00003615
-0.00081558
-0.00050308
-0.00021367
-0.00050448
-0.00080832
-0.00059308
-0.00055650
-0.00061899
-0.00047719
0.00048392
0.00006977
-0.00015543
0.00035257
0.00063931
0.00077741
0.00110321
0.00108068
0.00136162
0.00128775
0.00103135
0.00115488
0.00075869
0.00122521
0.00140691
0.00078399
0.00034695
0.00017462
0.00015833
0.00053922
0.00045993
0.00064305
0.00003725
0.00012948
0.00001219
-0.00044939
-0.00086812
-0.00124883
-0.00097836
-0.00076019
-0.00106179
-0.00130285
-0.00128515
-0.00064438
-0.00045811
-0.00086235
-0.00092648
-0.00076019
-0.00074543
-0.00088780
-0.00121191
-0.00055478
-0.00058353
-0.00086548
-0.00088165
-0.00095510
-0.00167805
-0.00126613
-0.00119648
-0.00137537
-0.00194844
-0.00175178
-0.00182477
-0.00163620
-0.00191368
-0.00237012
-0.00274422
-0.00306974
-0.00226531
-0.00163647
-0.00127049
-0.00090064
-0.00087005
-0.00088810
-0.00086273
-0.00085372
-0.00083786
-0.00078204
-0.00076915
-0.00077724
-0.00072330
-0.00102045
-0.00144687
-0.00088407
-0.00092511
-0.00077597
-0.00057302
-0.00044930
-0.00010530
-0.00008226
-0.00012796
0.00027398
0.00077135
0.00083216
0.00044888
-0.00026391
-0.00040105
-0.00030075
-0.00032252
-0.00026190
0.00042901
0.00023879
-0.00039423
-0.00102702
-0.00072940
-0.00121034
-0.00251324
-0.00239814
-0.00137901
-0.00118192
-0.00130183
-0.00092285
-0.00074234
-0.00086558
-0.00075205
-0.00037359
-0.00034650
-0.00039027
-0.00019248
0.00016080
0.00017890
0.00013735
0.00018374
-0.00005435
0.00011082
0.00076165
0.00051905
0.00031625
0.00039890
0.00044759
0.00040727
0.00042761
0.00049446
0.00050009
0.00048749
0.00084502
0.00075538
0.00044112
0.00043133
0.00049782
0.00047735
0.00044633
0.00045426
0.00079454
0.00102337
0.00062517
0.00115024
0.00225022
0.00255923
0.00216277
0.00246586
0.00270121
0.00243360
0.00140541
0.00091477
0.00080100
0.00069191
0.00208761
0.00199008
0.00075036
0.00079308
0.00144795
0.00112816
0.00111165
0.00080946
0.00068776
0.00045751
0.00031281
0.00037393
0.00080710
0.00086575
0.00075624
0.00044433
0.00067933
0.00088728
0.00053640
0.00050698
0.00098187
0.00073933
0.00050599
0.00059053
0.00064678
0.00060726
0.00060935
0.00064869
0.00062803
0.00061479
0.00067492
0.00069383
0.00067852
0.00066649
0.00097021
0.00106391
0.00158790
0.00222364
0.00116107
0.00047727
0.00065756
0.00076154
0.00056067
0.00010617
0.00016393
0.00012474
-0.00120150
-0.00151388
-0.00160317
-0.00173139
-0.00133450
-0.00110680
-0.00143974
-0.00069458
-0.00129821
-0.00190465
-0.00132426
-0.00065338
-0.00094607
-0.00064220
-0.00013915
-0.00011222
0.00008574
0.00054880
0.00064056
0.00056222
0.00056660
0.00059884
0.00059336
0.00044676
0.00016604
0.00049147
0.00064589
0.00056892
0.00054171
0.00057459
0.00058073
0.00056619
0.00056213
0.00056490
0.00056370
0.00056035
0.00055855
0.00055745
0.00055583
0.00055403
0.00055370
0.00060022
0.00063639
0.00007489
-0.00000353
0.00022627
-0.00008865
-0.00044190
-0.00011071
0.00042639
0.00057674
0.00050046
0.00048243
0.00012972
0.00034587
0.00084776
0.00157662
0.00135720
0.00124591
0.00114612
0.00136452
0.00150248
0.00111998
0.00060963
0.00049558
0.00058594
0.00096368
0.00070736
0.00073618
0.00084784
0.00056242
0.00049886
0.00062159
0.00064505
0.00060897
0.00060699
0.00062049
0.00059142
0.00018332
-0.00025266
0.00035499
0.00092394
0.00090583
0.00082169
0.00120073
0.00168558
0.00184324
0.00216412
0.00225524
0.00249138
0.00294729
0.00305222
0.00256707
0.00217033
0.00174124
0.00141876
0.00098126
0.00133204
0.00145188
0.00110531
0.00095332
0.00097607
0.00039936
-0.00014614
0.00025911
0.00111985
0.00158510
0.00078934
0.00037037
0.00067447
0.00147205
0.00173438
0.00166441
0.00167711
0.00186584
0.00211707
0.00214911
0.00233429
0.00260699
0.00240998
0.00199554
0.00176590
0.00169939
0.00187062
0.00132980
0.00067696
0.00067042
0.00071673
0.00064269
0.00059200
0.00054715
0.00048519
0.00043294
0.00037693
0.00031211
0.00019191
0.00010902
0.00002991
-0.00012504
-0.00027850
-0.00040788
-0.00055860
-0.00158024
-0.00221857
-0.00224716
-0.00272666
-0.00287032
-0.00351308
-0.00383301
-0.00384284
-0.00394604
-0.00446364
-0.00433945
-0.00450078
-0.00437381
-0.00422208
-0.00428782
-0.00436211
-0.00434428
-0.00432584
-0.00433444
-0.00429340
-0.00354458
-0.00258027
-0.00349425
-0.00432714
-0.00372678
-0.00338461
-0.00397338
-0.00401308
-0.00347475
-0.00321829
-0.00351897
-0.00336352
-0.00263647
-0.00208813
-0.00290951
-0.00288291
-0.00317326
-0.00302047
-0.00219274
-0.00164215
-0.00170993
-0.00182555
-0.00180404
-0.00151402
-0.00047812
0.00052850
0.00064011
0.00052436
0.00058465
0.00038526
-0.00016540
0.00043811
0.00081840
0.00030900
0.00043753
0.00069555
0.00066326
0.00059613
0.00061824
0.00064374
0.00091946
0.00125538
0.00104031
0.00135002
0.00187319
0.00195403
0.00255538
0.00237092
0.00180254
0.00178500
0.00162514
0.00119665
0.00072697
0.00063500
0.00069216
0.00067746
0.00064888
0.00037413
0.00004412
0.00032117
0.00065863
0.00002532
-0.00012511
0.00001313
0.00023800
0.00050686
0.00027448
0.00020523
0.00009471
0.00007226
0.00032211
0.00029891
0.00048468
-0.00011769
-0.00016434
0.00063526
0.00048481
0.00033586
0.00066435
0.00034890
-0.00036768
0.00026280
0.00075396
0.00022735
-0.00000764
-0.00019586
-0.00046027
-0.00017298
-0.00015710
-0.00049506
-0.00103586
-0.00149349
-0.00073856
-0.00028983
-0.00041187
-0.00050865
-0.00042623
-0.00035749
-0.00036264
-0.00040494
-0.00041771
-0.00037672
-0.00035176
-0.00035755
-0.00019051
0.00000786
-0.00031218
-0.00044230
-0.00034190
-0.00033146
-0.00043293
-0.00046147
-0.00043635
-0.00043317
-0.00048968
-0.00054122
-0.00075068
-0.00190481
-0.00191137
-0.00112297
-0.00068043
-0.00052206
-0.00020608
0.00026617
0.00017918
0.00019594
0.00061702
0.00037630
0.00080540
0.00116510
0.00036512
0.00020056
0.00050461
0.00055160
0.00038050
0.00074632
0.00089489
0.00113293
0.00097486
0.00058094
0.00079220
0.00100832
0.00087743
0.00113432
0.00101717
0.00081044
0.00077040
0.00114370
0.00095232
0.00084958
0.00029386
0.00006914
0.00020158
0.00053596
0.00064680
0.00051945
0.00060976
0.00038495
0.00037590
0.00082629
0.00084887
0.00095094
0.00102745
0.00078760
0.00045370
0.00083289
0.00067484
0.00016046
0.00001553
0.00006776
0.00012361
0.00010695
-0.00022804
-0.00048527
0.00003287
-0.00003272
-0.00023188
-0.00036221
0.00028582
0.00029760
-0.00061317
-0.00062779
0.00030331
0.00035085
-0.00019792
0.00000034
0.00052338
0.00053523
0.00041883
0.00018834
-0.00050930
-0.00029065
0.00020173
-0.00018527
-0.00038881
-0.00060161
-0.00071241
-0.00070530
-0.00066649
-0.00066712
-0.00070304
-0.00068198
-0.00066536
-0.00064772
-0.00066710
-0.00036814
-0.00031849
-0.00063677
-0.00098527
-0.00094903
-0.00058640
-0.00058608
-0.00064545
-0.00061078
-0.00058106
-0.00058526
-0.00053431
-0.00043403
0.00054816
0.00178907
0.00187750
0.00128959
0.00128306
0.00183842
0.00197774
0.00188058
0.00182719
0.00151059
0.00174354
0.00197249
0.00159779
0.00059684
0.00107802
0.00122586
0.00040623
-0.00000559
0.00013849
0.00043415
-0.00008270
-0.00055211
-0.00048470
-0.00040011
-0.00045250
-0.00048253
-0.00045352
-0.00037977
-0.00037674
-0.00007231
0.00004910
0.00040693
-0.00002838
-0.00042780
-0.00023393
0.00011785
-0.00025115
-0.00028432
0.00047236
0.00010772
-0.00035437
-0.00028342
-0.00017813
-0.00022492
-0.00022374
0.00061800
0.00035604
-0.00032428
-0.00031355
-0.00015905
-0.00020094
-0.00024234
-0.00020597
-0.00021319
-0.00022947
-0.00022718
-0.00017395
0.00006313
0.00027212
0.00011113
0.00129123
0.00114863
-0.00021239
-0.00039948
-0.00010658
-0.00013649
-0.00025509
-0.00023868
-0.00019594
-0.00020216
-0.00023745
-0.00062038
-0.00141802
-0.00214586
-0.00184609
-0.00187665
-0.00206269
-0.00198920
-0.00193253
-0.00173751
-0.00140879
-0.00137407
-0.00116446
-0.00035592
-0.00034319
-0.00060890
-0.00026779
-0.00035035
-0.00056851
-0.00024825
-0.00012404
-0.00019581
-0.00020798
-0.00017461
-0.00016736
0.00005864
0.00019824
-0.00014349
-0.00028710
-0.00056708
-0.00024355
0.00031094
0.00000095
-0.00025455
-0.00016982
-0.00011108
-0.00015088
-0.00016836
-0.00015075
-0.00002836
0.00102875
0.00093314
-0.00010540
-0.00028069
-0.00005872
-0.00007489
-0.00016161
-0.00009224
-0.00004420
-0.00011506
-0.00014340
-0.00012461
-0.00011781
-0.00012327
-0.00012276
-0.00006141
0.00037056
0.00075348
0.00033888
0.00063068
0.00113320
0.00113610
0.00132876
0.00081320
0.00080411
0.00134855
0.00213573
0.00172265
0.00048853
0.00083822
0.00076030
0.00079961
0.00153455
0.00196902
0.00140712
0.00095781
0.00146164
0.00183869
0.00111055
0.00097866
0.00135325
0.00135474
0.00190793
0.00212376
0.00108864
0.00104265
0.00081934
0.00079993
0.00066906
0.00056830
0.00152587
0.00130182
0.00040426
0.00058510
0.00131061
0.00043042
0.00035668
0.00067886
0.00084137
0.00154684
0.00182732
0.00148672
0.00039452
-0.00003482
0.00079640
0.00130058
0.00130457
0.00076276
0.00096828
0.00115081
0.00096796
0.00067074
0.00036561
0.00055239
0.00054613
0.00040419
0.00138727
0.00214833
0.00204841
0.00192602
0.00200124
0.00150874
0.00132953
0.00134153
0.00100085
0.00089825
0.00095236
0.00064005
0.00016564
-0.00022274
-0.00053016
-0.00029940
-0.00022063
-0.00029156
-0.00030508
-0.00027782
-0.00027585
-0.00025566
-0.00020255
-0.00019213
0.00015194
0.00070541
0.00006675
-0.00042586
-0.00031454
-0.00022883
-0.00029946
-0.00033200
-0.00030754
-0.00029910
-0.00030992
-0.00031910
-0.00062563
-0.00048653
-0.00018849
-0.00032651
-0.00113187
-0.00145431
-0.00143813
-0.00202809
-0.00208981
-0.00207901
-0.00226490
-0.00229514
-0.00194667
-0.00203840
-0.00228011
-0.00225972
-0.00214818
-0.00210789
-0.00210541
-0.00179941
-0.00175653
-0.00166107
-0.00159582
-0.00173154
-0.00207057
-0.00210333
-0.00202223
-0.00204181
-0.00204511
-0.00200952
-0.00263235
-0.00284594
-0.00270959
-0.00332802
-0.00316424
-0.00278428
-0.00231164
-0.00184947
-0.00149503
-0.00165562
-0.00184443
-0.00179114
-0.00169234
-0.00166517
-0.00166783
-0.00144141
-0.00097797
-0.00116198
-0.00078365
-0.00067131
-0.00148430
-0.00180405
-0.00118917
-0.00047005
-0.00086735
-0.00137510
-0.00080837
-0.00072885
-0.00069700
-0.00029029
-0.00016770
0.00010198
0.00048162
0.00076444
0.00072472
0.00041529
0.00059656
0.00055602
0.00050243
0.00057626
0.00081509
0.00088131
0.00086151
0.00081780
0.00056067
0.00072290
0.00038904
0.00000897
0.00029262
0.00071321
0.00075943
0.00091008
0.00098852
0.00097306
0.00095181
0.00091050
0.00089738
0.00101631
0.00174773
0.00161146
0.00085738
0.00078005
0.00118815
0.00101862
0.00081154
0.00083864
0.00063285
0.00039316
0.00063520
0.00086233
0.00072121
0.00043892
0.00066747
0.00080430
0.00074011
0.00092115
0.00098450
0.00105322
0.00109539
0.00122058
0.00088245
0.00062603
0.00089527
0.00109970
0.00103035
0.00074642
0.00067139
0.00083473
0.00061446
0.00048911
0.00052505
0.00053951
0.00053729
0.00055812
0.00056057
0.00054017
0.00030247
0.00028199
0.00032201
0.00038707
0.00005733
0.00008192
-0.00001543
-0.00015385
-0.00012887
-0.00018211
-0.00010078
0.00006491
0.00023633
0.00040571
-0.00012733
-0.00040352
0.00021523
0.00024298
-0.00030243
-0.00018468
0.00021471
-0.00015765
-0.00064317
-0.00007882
-0.00032513
-0.00083910
-0.00037122
0.00012672
-0.00042073
-0.00042483
-0.00036214
-0.00053126
-0.00028658
-0.00025169
-0.00054043
-0.00041198
-0.00045666
-0.00004623
-0.00005437
-0.00038429
-0.00036659
-0.00038138
-0.00048017
-0.00039775
-0.00032131
-0.00015604
-0.00039750
-0.00045429
-0.00037072
-0.00041593
-0.00061189
-0.00075730
-0.00060846
-0.00055089
-0.00055360
-0.00038292
-0.00031915
-0.00003864
0.00007568
0.00006642
0.00018201
-0.00007604
0.00024624
0.00057977
0.00054068
0.00047210
0.00061947
0.00066871
0.00065635
0.00050079
0.00044689
0.00046461
0.00045761
0.00043674
0.00042824
0.00038903
0.00009175
0.00008359
0.00039237
0.00044348
0.00036884
0.00047846
0.00051686
0.00049991
0.00054583
0.00057122
0.00035983
0.00035113
0.00051950
0.00048716
0.00029829
0.00026444
0.00029351
0.00012303
-0.00011130
0.00003108
0.00023038
0.00003058
0.00011487
0.00021344
0.00008834
0.00008758
0.00023372
0.00010944
0.00006069
0.00017578
0.00015089
0.00004069
-0.00006556
-0.00002075
0.00006215
0.00022708
0.00042363
0.00041701
0.00018993
0.00002484
0.00011098
0.00016165
-0.00001764
-0.00015212
-0.00004465
-0.00001978
-0.00006172
-0.00013746
-0.00026659
-0.00035469
-0.00021611
-0.00009035
-0.00010346
-0.00012085
-0.00010473
-0.00009495
-0.00009768
-0.00009781
-0.00014079
-0.00019229
-0.00014249
-0.00008482
-0.00018480
-0.00016938
-0.00013737
-0.00018358
-0.00018512
-0.00020235
-0.00016620
-0.00014170
-0.00006575
-0.00004194
-0.00004698
-0.00004582
-0.00005327
-0.00017387
-0.00021534
-0.00011664
-0.00002323
-0.00002493
-0.00003681
-0.00006008
-0.00005000
-0.00001863
-0.00001632
-0.00001292
0.00004783
0.00002448
-0.00001583
-0.00003090
0.00000929
0.00000539
-0.00000932
-0.00000708
-0.00000175
0.00003280
0.00007749
0.00006899
0.00000926
0.00001924
0.00004691
0.00003166
0.00003637
0.00003142
0.00001276
0.00003192
0.00005592
0.00007927
0.00008325
0.00009194
0.00008466
0.00004997
0.00004293
0.00003167
0.00002428
0.00002231
0.00000923
0.00000580
-0.00001139
-0.00002557
-0.00002430
-0.00002179
-0.00002247
-0.00002530
-0.00003358
-0.00003540
-0.00004832
-0.00005055
-0.00005405
-0.00005281
-0.00005105
-0.00004123
-0.00003801
-0.00004488
-0.00004317
-0.00003003
-0.00000694
-0.00000291
-0.00001542
-0.00001193
-0.00001763
-0.00001808
-0.00001148
-0.00000809
-0.00000548
-0.00000508
-0.00000512
-0.00000948
-0.00002059
-0.00002328
-0.00001052
-0.00000131
-0.00000496
-0.00000560
-0.00000477
-0.00000511
-0.00000593
-0.00000337
-0.00000246
-0.00000520
-0.00000462
-0.00000255
-0.00000250
-0.00000270
-0.00000255
-0.00000318
-0.00000537
-0.00000721
-0.00000574
-0.00000291
-0.00000281
-0.00000339
-0.00000333
-0.00000324
-0.00000505
-0.00000712
-0.00000523
-0.00000380
-0.00000417
-0.00000365
-0.00000335
-0.00000352
-0.00000378
-0.00000395
-0.00000454
-0.00000446
-0.00000370
-0.00000395
-0.00000450
-0.00000458
-0.00000457
-0.00000469
-0.00000467
-0.00000460
-0.00000490
-0.00000507
-0.00000502
-0.00000500
-0.00000529
-0.00000519
-0.00000524
-0.00000558
-0.00000572
-0.00000575
-0.00000584
-0.00000592
-0.00000598
-0.00000604
-0.00000609
-0.00000614
-0.00000619
-0.00000625
-0.00000630
-0.00000635
-0.00000639
-0.00000644
-0.00000648
-0.00000652
-0.00000656
-0.00000660
-0.00000663
-0.00000666
-0.00000669
-0.00000671
-0.00000674
-0.00000676
-0.00000676
-0.00000678
-0.00000680
-0.00000682
-0.00000684
-0.00000687
-0.00000688
-0.00000688
-0.00000689
-0.00000690
-0.00000691
-0.00000691
-0.00000692
-0.00000693
-0.00000693
-0.00000693
-0.00000693
-0.00000693
-0.00000693
-0.00000693
-0.00000693
-0.00000693
-0.00000692
-0.00000692
-0.00000692
-0.00000692
-0.00000692
-0.00000691
-0.00000691
-0.00000691
-0.00000691
-0.00000691
-0.00000691
-0.00000691
-0.00000691
-0.00000691
-0.00000691
-0.00000691
-0.00000692
-0.00000692
-0.00000692
