0.00018498
0.00018616
0.00018734
0.00018852
0.00018969
0.00019087
0.00019204
0.00019322
0.00019439
0.00019555
0.00019670
0.00019786
0.00019902
0.00020017
0.00020127
0.00020229
0.00020322
0.00020420
0.00020542
0.00020685
0.00020823
0.00020944
0.00021058
0.00021172
0.00021288
0.00021391
0.00021479
0.00021604
0.00021761
0.00022006
0.00022301
0.00022545
0.00022614
0.00022480
0.00022308
0.00022314
0.00022529
0.00022680
0.00022843
0.00023169
0.00023428
0.00023474
0.00023571
0.00023830
0.00024152
0.00024999
0.00025710
0.00025695
0.00025645
0.00026109
0.00026366
0.00026004
0.00024995
0.00024184
0.00024102
0.00023897
0.00022598
0.00021131
0.00020726
0.00020928
0.00020966
0.00019570
0.00018042
0.00018696
0.00020120
0.00021995
0.00023006
0.00024178
0.00026094
0.00026575
0.00023713
0.00020380
0.00017282
0.00015750
0.00016645
0.00021077
0.00025846
0.00027674
0.00033109
0.00039954
0.00043805
0.00045891
0.00049119
0.00052738
0.00053625
0.00050745
0.00045491
0.00042028
0.00039089
0.00034038
0.00024246
0.00012814
0.00008792
0.00009911
0.00015549
0.00017802
0.00015129
0.00014352
0.00018968
0.00020604
0.00021895
0.00027720
0.00034367
0.00040754
0.00044753
0.00052938
0.00058593
0.00061411
0.00067174
0.00070202
0.00067321
0.00062338
0.00049795
0.00035603
0.00023902
0.00017552
-0.00008231
-0.00035648
-0.00035298
-0.00025335
-0.00019149
-0.00022353
-0.00024320
-0.00033209
-0.00030315
-0.00018129
-0.00005430
0.00000073
-0.00014081
-0.00022298
-0.00029470
-0.00054120
-0.00078449
-0.00083147
-0.00095318
-0.00102028
-0.00083794
-0.00048767
-0.00007044
0.00020489
0.00050245
0.00079480
0.00101540
0.00100607
0.00064169
0.00046639
0.00046781
0.00032100
0.00021442
0.00037544
0.00056828
0.00078102
0.00103908
0.00118780
0.00119605
0.00127681
0.00133154
0.00104656
0.00082519
0.00105903
0.00140001
0.00150304
0.00160882
0.00211940
0.00255710
0.00244956
0.00201585
0.00224249
0.00272928
0.00287247
0.00295772
0.00306505
0.00313539
0.00315227
0.00272231
0.00154349
0.00035996
0.00009208
0.00109360
0.00126041
0.00028602
0.00013371
0.00100523
0.00168911
0.00224987
0.00199232
0.00131863
0.00039344
-0.00012867
-0.00010538
0.00023018
0.00114402
0.00231001
0.00285851
0.00278685
0.00236824
0.00216589
0.00200821
0.00154009
0.00070770
-0.00003665
0.00004937
0.00003545
-0.00095246
-0.00243607
-0.00383194
-0.00512657
-0.00598807
-0.00577067
-0.00471124
-0.00330407
-0.00257457
-0.00173764
-0.00071511
0.00019940
0.00054037
0.00006693
0.00080921
0.00205350
0.00234236
0.00296958
0.00280725
0.00065796
-0.00135786
-0.00229839
-0.00314003
-0.00464289
-0.00630665
-0.00665971
-0.00624207
-0.00651819
-0.00679935
-0.00580440
-0.00369753
-0.00250182
-0.00297757
-0.00379311
-0.00278528
-0.00040540
0.00116344
0.00102188
0.00050973
0.00014829
-0.00115645
-0.00299391
-0.00478086
-0.00537730
-0.00563175
-0.00574930
-0.00535499
-0.00454194
-0.00406365
-0.00307133
-0.00148942
0.00004211
0.00277095
0.00553710
0.00764542
0.00915431
0.00926938
0.00874950
0.00804749
0.00592270
0.00352738
0.00181371
0.00019656
-0.00331251
-0.00561192
-0.00453140
-0.00228316
-0.00094030
-0.00034214
0.00054407
0.00237474
0.00642651
0.01045314
0.01303889
0.01342350
0.01357856
0.01280501
0.00989714
0.00760897
0.00688534
0.00587411
0.00237620
-0.00264094
-0.00696169
-0.00963400
-0.01029233
-0.00976343
-0.00897316
-0.00930227
-0.01030743
-0.01051682
-0.00979791
-0.00811706
-0.00731377
-0.00631264
-0.00416727
-0.00131104
0.00150989
0.00336710
0.00355814
0.00333030
0.00303138
0.00297761
0.00214021
0.00079224
0.00053107
0.00034351
-0.00093577
-0.00264478
-0.00479981
-0.00654464
-0.00708584
-0.00746125
-0.00813921
-0.00666204
-0.00311196
0.00036480
0.00322136
0.00464518
0.00534071
0.00542163
0.00452813
0.00325812
0.00238029
0.00112978
-0.00025064
-0.00094727
-0.00238810
-0.00368626
-0.00370373
-0.00341832
-0.00346104
-0.00357081
-0.00316012
-0.00136943
-0.00046449
0.00052134
0.00219968
0.00382758
0.00365354
0.00226596
0.00184887
0.00211567
0.00269158
0.00436061
0.00506188
0.00484444
0.00473767
0.00485364
0.00461570
0.00293160
0.00072570
-0.00070625
-0.00082391
-0.00140229
-0.00290576
-0.00434328
-0.00448185
-0.00354149
-0.00467200
-0.00616409
-0.00616436
-0.00579339
-0.00699144
-0.00852983
-0.00751009
-0.00194773
0.00456956
0.00821365
0.00804472
0.00615784
0.00521029
0.00433751
0.00337059
0.00327387
0.00519981
0.00778753
0.00614344
-0.00038886
-0.00667947
-0.00847727
-0.00672818
-0.00326448
0.00178709
0.00758207
0.01232327
0.01509240
0.01642622
0.01723729
0.01744058
0.01740437
0.01675781
0.01447264
0.01198936
0.00953035
0.00603269
0.00218961
0.00036679
0.00008209
-0.00032604
-0.00084492
-0.00090756
-0.00029025
0.00112857
0.00289726
0.00402308
0.00453055
0.00447124
0.00458905
0.00564568
0.00710837
0.00841816
0.00860839
0.00584235
0.00256998
0.00078443
0.00025885
-0.00038785
-0.00214090
-0.00402228
-0.00541845
-0.00674645
-0.00838738
-0.01093350
-0.01305597
-0.01239238
-0.01147828
-0.01208890
-0.01305712
-0.01240996
-0.01180027
-0.01189412
-0.01135502
-0.00986278
-0.00811022
-0.00729287
-0.00801727
-0.00913135
-0.00933306
-0.00885374
-0.00725638
-0.00536127
-0.00354595
-0.00160726
0.00031947
0.00169734
0.00149425
0.00119444
-0.00004452
0.00014635
0.00182700
0.00374712
0.00473214
0.00470855
0.00540608
0.00726323
0.00938473
0.01210556
0.01463286
0.01574847
0.01368608
0.01102090
0.00867390
0.00500259
0.00274149
0.00230829
0.00197050
0.00084517
-0.00077980
-0.00307305
-0.00556846
-0.00589546
-0.00588824
-0.00638983
-0.00645866
-0.00485986
-0.00247980
-0.00145878
-0.00187565
-0.00326050
-0.00508163
-0.00848677
-0.01271085
-0.01734834
-0.02136973
-0.02554090
-0.02710102
-0.02474886
-0.02270152
-0.02401422
-0.02656132
-0.02648741
-0.02398312
-0.02224434
-0.02115209
-0.01906829
-0.01673255
-0.01466783
-0.01238535
-0.00931543
-0.00573476
-0.00265128
-0.00099671
-0.00033569
-0.00217552
-0.00631386
-0.01014823
-0.01171995
-0.01428237
-0.01806661
-0.02152223
-0.02339029
-0.02314629
-0.02312267
-0.02223033
-0.01806367
-0.01515751
-0.01573807
-0.01753893
-0.01847431
-0.01900739
-0.01919410
-0.01915996
-0.01818745
-0.01594699
-0.01446109
-0.01462462
-0.01611719
-0.01912620
-0.02218449
-0.02453850
-0.02668668
-0.02811669
-0.02884313
-0.02807594
-0.02610503
-0.02340849
-0.02106510
-0.01919260
-0.01725947
-0.01738123
-0.01855758
-0.01825505
-0.01664234
-0.01620278
-0.01674775
-0.01807393
-0.01817603
-0.01691334
-0.01483362
-0.01047352
-0.00361180
0.00404213
0.01130598
0.01696191
0.02089905
0.02331309
0.02556591
0.02861670
0.03242150
0.03585641
0.03862326
0.04115106
0.04229649
0.04340060
0.04509344
0.04506611
0.04324073
0.04203493
0.04264959
0.04503920
0.04792501
0.05054136
0.05186519
0.05155747
0.05169918
0.05047914
0.04618325
0.04152108
0.03879124
0.03800478
0.03841393
0.03929359
0.04037424
0.04133657
0.04146398
0.04110060
0.03972598
0.03776676
0.03651774
0.03726963
0.03845865
0.03919239
0.03878744
0.03750898
0.03686237
0.03604518
0.03375957
0.03028207
0.02649918
0.02230518
0.01780274
0.01479332
0.01417166
0.01573183
0.01768849
0.01927305
0.01860311
0.01547890
0.00977751
0.00086318
-0.00939604
-0.01877690
-0.02861355
-0.03662151
-0.04031036
-0.04087259
-0.03912430
-0.03566717
-0.03060300
-0.02452926
-0.01878773
-0.01463969
-0.01402501
-0.01615034
-0.01715704
-0.01670914
-0.01677542
-0.01749181
-0.01576753
-0.01211872
-0.00610705
0.00315515
0.01403142
0.02319488
0.02881468
0.03067930
0.03014490
0.02833942
0.02676850
0.02347730
0.01821855
0.01394741
0.00964722
0.00413292
-0.00078021
-0.00467575
-0.00863537
-0.01327359
-0.01851270
-0.02386699
-0.02807070
-0.03166595
-0.03587708
-0.04178592
-0.04914072
-0.05483386
-0.05718600
-0.05714619
-0.05558914
-0.05291685
-0.04817402
-0.04209726
-0.03613834
-0.02944702
-0.02255274
-0.01813059
-0.01720621
-0.01790496
-0.01933643
-0.02337774
-0.03055203
-0.03668277
-0.03921277
-0.03899176
-0.03744759
-0.03325221
-0.02667711
-0.01867478
-0.00936357
0.00093775
0.00929898
0.01580429
0.01966424
0.02093995
0.02068053
0.01826649
0.01354059
0.00910836
0.00614047
0.00438192
0.00290061
0.00253200
0.00169584
0.00011215
0.00070452
0.00390724
0.00893383
0.01453659
0.02007058
0.02664007
0.03491673
0.04351531
0.05081888
0.05539033
0.05806506
0.06151233
0.06482716
0.06629499
0.06657593
0.06693946
0.06728421
0.06452733
0.05618901
0.04624360
0.03884191
0.03200383
0.02366627
0.01570554
0.01059035
0.00945531
0.01254806
0.01793714
0.02350922
0.02851025
0.03130646
0.03212646
0.03026252
0.02708927
0.02424477
0.02082262
0.01517184
0.00711686
-0.00247975
-0.01200873
-0.02161536
-0.03094638
-0.03981968
-0.04627727
-0.05088797
-0.05505924
-0.05977157
-0.06376119
-0.06630626
-0.06683107
-0.06421075
-0.05881016
-0.05051037
-0.03985883
-0.02834947
-0.01616292
-0.00322309
0.00844544
0.01756921
0.02454653
0.02838831
0.03011346
0.03045703
0.02982748
0.02902217
0.02832047
0.02666622
0.02227234
0.01642446
0.01342551
0.01175749
0.00824366
0.00379258
-0.00135636
-0.00690179
-0.01400824
-0.02321800
-0.03278785
-0.04048630
-0.04650574
-0.04997701
-0.05174332
-0.05386149
-0.05668720
-0.05825826
-0.05726160
-0.05476885
-0.05206527
-0.04986618
-0.04933848
-0.04947946
-0.04943472
-0.04927186
-0.04917566
-0.04911880
-0.04776126
-0.04529418
-0.04190899
-0.03822429
-0.03496838
-0.03246705
-0.03087321
-0.02952284
-0.02766213
-0.02632241
-0.02525718
-0.02425436
-0.02399455
-0.02341776
-0.02155950
-0.01941770
-0.01865916
-0.01959159
-0.02101632
-0.01980738
-0.01659301
-0.01187831
-0.00608743
-0.00300145
-0.00129617
0.00167240
0.00436713
0.00700665
0.01022228
0.01439731
0.01826795
0.02101191
0.02284098
0.02292739
0.02033177
0.01763090
0.01486553
0.00981761
0.00387440
-0.00071013
-0.00197070
0.00025234
0.00604343
0.01545263
0.02515273
0.03469144
0.04364721
0.05156418
0.05783247
0.06341298
0.06907324
0.07522778
0.08204034
0.08818742
0.09105346
0.09316510
0.09447210
0.09459801
0.09383486
0.09210889
0.09013933
0.08769134
0.08302204
0.07667458
0.06943860
0.05952571
0.04666967
0.03182895
0.01592587
-0.00081445
-0.01784077
-0.03281298
-0.04581100
-0.05654713
-0.06270355
-0.06430054
-0.06435642
-0.06390943
-0.06114056
-0.05461955
-0.04480313
-0.03239602
-0.01949949
-0.01021634
-0.00486722
-0.00230019
-0.00193205
-0.00461559
-0.00972603
-0.01406775
-0.01769584
-0.02174027
-0.02665974
-0.03228229
-0.03794792
-0.04227397
-0.04229692
-0.03779034
-0.03021199
-0.02073818
-0.01116834
-0.00261725
0.00561401
0.01400985
0.02296557
0.03357415
0.04300879
0.04871608
0.05075213
0.04907829
0.04599720
0.04200536
0.03642888
0.02877274
0.01941956
0.00808854
-0.00406325
-0.01412150
-0.02187839
-0.02776302
-0.03260230
-0.03575969
-0.03747923
-0.03940667
-0.03970486
-0.03745650
-0.03470406
-0.03209358
-0.02940432
-0.02661167
-0.02493759
-0.02329505
-0.01994088
-0.01524695
-0.01196475
-0.00886178
-0.00539600
-0.00276619
-0.00013755
0.00266953
0.00475927
0.00526180
0.00539175
0.00714624
0.00856615
0.00996954
0.00991671
0.00869363
0.00620947
0.00251424
-0.00062153
-0.00191472
-0.00063260
0.00170834
0.00334218
0.00432509
0.00481375
0.00528792
0.00662900
0.00855320
0.01031988
0.01052674
0.01047589
0.01096717
0.01217083
0.01427805
0.01671148
0.01911757
0.02212004
0.02595994
0.02984524
0.03224516
0.03123194
0.02619210
0.01922725
0.01401005
0.00799950
0.00080874
-0.00466849
-0.00808304
-0.01005322
-0.01117584
-0.01167756
-0.01093643
-0.00947780
-0.00797793
-0.00588187
-0.00486619
-0.00608673
-0.00753726
-0.00909391
-0.01014965
-0.00942800
-0.00560593
0.00050656
0.00670276
0.01221411
0.01634829
0.01900668
0.01997810
0.02027282
0.01924306
0.01768662
0.01537115
0.01184322
0.00797401
0.00475742
0.00373700
0.00396809
0.00400328
0.00383314
0.00381063
0.00305015
0.00043291
-0.00314943
-0.00638022
-0.00824080
-0.00966482
-0.01021091
-0.01221737
-0.01605967
-0.02135786
-0.02791259
-0.03436629
-0.03586467
-0.03202104
-0.02628564
-0.02021866
-0.01359605
-0.00636491
-0.00101036
0.00238231
0.00530094
0.00853839
0.01242838
0.01648735
0.01966326
0.01975944
0.01864508
0.01860027
0.01947756
0.02082576
0.02172241
0.02257989
0.02355780
0.02275127
0.01964044
0.01361134
0.00587931
-0.00267890
-0.01128721
-0.01982352
-0.02798668
-0.03467929
-0.03890578
-0.04159309
-0.04297368
-0.04339247
-0.04139975
-0.03775382
-0.03295048
-0.02875212
-0.02461774
-0.02048490
-0.01604487
-0.01267660
-0.01144067
-0.01092020
-0.01045425
-0.01004609
-0.00911426
-0.00808627
-0.00569871
-0.00306002
0.00264313
0.01121743
0.01848685
0.02374870
0.02903975
0.03391517
0.03748147
0.04033851
0.04271051
0.04419832
0.04368682
0.04126520
0.03672000
0.02920329
0.02066408
0.01323235
0.00537599
-0.00475779
-0.01549931
-0.02351303
-0.02863965
-0.03173090
-0.03211113
-0.03093435
-0.02898339
-0.02545423
-0.01915643
-0.01156659
-0.00495584
0.00006671
0.00490104
0.00860964
0.01062171
0.01237515
0.01497196
0.01699145
0.01787005
0.01870303
0.01991244
0.02227341
0.02520269
0.02810113
0.03054886
0.03260561
0.03327717
0.03254844
0.03094313
0.02827262
0.02371550
0.01679389
0.00916572
0.00300874
-0.00208968
-0.00620843
-0.00850864
-0.00914413
-0.00825560
-0.00572299
-0.00327797
-0.00191125
-0.00061500
0.00169029
0.00554382
0.00661794
0.00481662
0.00300932
0.00149552
-0.00091036
-0.00345823
-0.00550711
-0.00646745
-0.00830959
-0.00972078
-0.00999351
-0.01102855
-0.01230087
-0.01333857
-0.01241341
-0.01127541
-0.01129840
-0.01153523
-0.01081332
-0.01016715
-0.00976729
-0.01023908
-0.01131095
-0.01302596
-0.01568608
-0.01718625
-0.01695430
-0.01524610
-0.01337879
-0.01132588
-0.00925257
-0.00734156
-0.00490682
-0.00281963
-0.00174380
-0.00168620
-0.00249961
-0.00309600
-0.00315836
-0.00471231
-0.00797547
-0.01096587
-0.01272464
-0.01422545
-0.01466579
-0.01422404
-0.01409098
-0.01422512
-0.01425744
-0.01460208
-0.01615956
-0.01592644
-0.01263873
-0.00930622
-0.00761254
-0.00696905
-0.00617618
-0.00613294
-0.00735915
-0.00857285
-0.00932995
-0.01048227
-0.01132482
-0.01132730
-0.00961660
-0.00678644
-0.00433820
-0.00261533
-0.00088556
0.00068169
0.00228884
0.00265579
0.00245055
0.00235428
0.00113105
-0.00155261
-0.00455844
-0.00884740
-0.01413120
-0.01837769
-0.02033898
-0.02182563
-0.02260151
-0.02260987
-0.02254022
-0.02267302
-0.02289063
-0.01960047
-0.01371152
-0.00907748
-0.00658054
-0.00464935
-0.00266464
-0.00072985
0.00004752
0.00109523
0.00328825
0.00625798
0.01059672
0.01441822
0.01574122
0.01463588
0.01346536
0.01218085
0.01104322
0.01088775
0.01206442
0.01370064
0.01393291
0.01358230
0.01359413
0.01340731
0.01271339
0.01212482
0.01327276
0.01398560
0.01376898
0.01477316
0.01684156
0.01913340
0.02141239
0.02427712
0.02761463
0.03054842
0.03300857
0.03506508
0.03610040
0.03607778
0.03502886
0.03184701
0.02721321
0.02205494
0.01666620
0.01005123
0.00356683
-0.00200227
-0.00733556
-0.01100184
-0.01122323
-0.00966280
-0.00823191
-0.00667140
-0.00578532
-0.00527400
-0.00356378
-0.00242239
-0.00100164
0.00086523
0.00344974
0.00671689
0.00811230
0.00730717
0.00763528
0.00864349
0.01002802
0.01032214
0.00895033
0.00745846
0.00484049
0.00256106
0.00084522
-0.00016263
-0.00022291
-0.00012089
-0.00017259
-0.00022287
-0.00020426
-0.00018397
-0.00007769
0.00112570
0.00231617
0.00261879
0.00175472
0.00074075
-0.00005721
-0.00021467
-0.00013928
-0.00021208
-0.00098134
-0.00202959
-0.00516303
-0.01066175
-0.01542697
-0.01892139
-0.02167537
-0.02298709
-0.02445233
-0.02501273
-0.02377243
-0.02235116
-0.02064313
-0.01795187
-0.01441036
-0.01034297
-0.00472699
0.00200048
0.00791641
0.01213226
0.01487384
0.01637578
0.01552084
0.01380589
0.01244103
0.01130573
0.01172315
0.01204946
0.01144604
0.01092428
0.01098561
0.01076837
0.01067547
0.01090620
0.01012035
0.00865023
0.00799435
0.00676601
0.00358868
0.00033145
-0.00232890
-0.00497904
-0.00783190
-0.01131184
-0.01449161
-0.01641114
-0.01694952
-0.01726672
-0.01666864
-0.01503255
-0.01216659
-0.00846795
-0.00495685
-0.00218931
-0.00036711
-0.00009108
-0.00026943
-0.00124360
-0.00280517
-0.00313183
-0.00288065
-0.00373453
-0.00517125
-0.00582420
-0.00507678
-0.00304835
-0.00048307
0.00226661
0.00543577
0.00897446
0.01226004
0.01466916
0.01438920
0.01363470
0.01376657
0.01480686
0.01455928
0.01379171
0.01254851
0.01115165
0.01072692
0.00946765
0.00801855
0.00665066
0.00672709
0.00762346
0.00633254
0.00492357
0.00295721
-0.00020618
-0.00369616
-0.00664809
-0.00838386
-0.00928697
-0.01001780
-0.00944194
-0.00852173
-0.00782666
-0.00569080
-0.00177725
0.00172004
0.00438186
0.00548353
0.00545293
0.00542762
0.00550024
0.00565385
0.00702479
0.00683409
0.00619631
0.00769485
0.00863766
0.00833135
0.00690160
0.00560451
0.00357090
0.00001623
-0.00376410
-0.00692356
-0.00922051
-0.01088249
-0.01172412
-0.01409436
-0.01707677
-0.01784660
-0.01677747
-0.01644743
-0.01684760
-0.01776515
-0.01884947
-0.01893460
-0.01901676
-0.01834194
-0.01694485
-0.01629393
-0.01600282
-0.01477371
-0.01336043
-0.01142165
-0.00859555
-0.00564184
-0.00288097
-0.00016782
0.00213372
0.00343313
0.00347982
0.00216503
-0.00010239
-0.00328560
-0.00745419
-0.01151775
-0.01398748
-0.01634147
-0.01830304
-0.01857997
-0.01821628
-0.01683087
-0.01388373
-0.01225574
-0.00934504
-0.00306020
0.00266611
0.00671656
0.01094413
0.01542411
0.01992577
0.02304892
0.02543146
0.02653011
0.02728063
0.02788473
0.02783196
0.02525173
0.02119952
0.01784040
0.01486746
0.01122593
0.00684895
0.00230123
-0.00174058
-0.00503811
-0.00869397
-0.01170540
-0.01345220
-0.01486517
-0.01571325
-0.01718927
-0.01812318
-0.01974093
-0.02247028
-0.02524932
-0.02736828
-0.02861120
-0.02991966
-0.03067552
-0.02916126
-0.02810849
-0.02816272
-0.02707234
-0.02461243
-0.02177119
-0.01896067
-0.01581236
-0.01306162
-0.01042376
-0.00757605
-0.00510585
-0.00331203
-0.00166887
0.00188499
0.00652832
0.01056376
0.01288010
0.01528743
0.01811472
0.01952992
0.01902842
0.01822863
0.01703802
0.01549425
0.01428465
0.01357760
0.01056015
0.00688232
0.00511353
0.00428998
0.00312810
0.00258056
0.00289258
0.00445843
0.00602645
0.00805054
0.01034852
0.01270026
0.01536929
0.01680631
0.01724889
0.01886702
0.01972298
0.01952298
0.01890283
0.01808035
0.01651592
0.01448305
0.01206441
0.00933919
0.00702757
0.00494607
0.00192939
-0.00087825
-0.00236760
-0.00288526
-0.00444276
-0.00581903
-0.00661968
-0.00653877
-0.00569638
-0.00598329
-0.00825525
-0.00953141
-0.00861999
-0.00810468
-0.00837235
-0.00852567
-0.00841778
-0.00835732
-0.00839533
-0.00841819
-0.00840472
-0.00838588
-0.00712870
-0.00368726
-0.00094115
0.00067049
0.00289263
0.00588199
0.00841802
0.01049739
0.01232053
0.01381120
0.01461072
0.01482582
0.01448971
0.01321388
0.01128170
0.00935289
0.00833224
0.00831309
0.00840305
0.00855151
0.01006673
0.01253021
0.01404126
0.01437166
0.01428033
0.01515190
0.01464476
0.01336352
0.01112420
0.00772029
0.00382213
0.00011001
-0.00420337
-0.00769146
-0.00951613
-0.01083529
-0.01122280
-0.01072148
-0.01082318
-0.00978739
-0.00702431
-0.00544013
-0.00564672
-0.00590137
-0.00573142
-0.00558737
-0.00613568
-0.00750609
-0.00835960
-0.00841280
-0.00765186
-0.00606406
-0.00630027
-0.00686659
-0.00598250
-0.00440335
-0.00336095
-0.00195347
-0.00071537
-0.00017051
-0.00017060
-0.00088150
-0.00075376
0.00035130
0.00217282
0.00403375
0.00606863
0.00801667
0.00885926
0.01025329
0.01122799
0.01127017
0.01176559
0.01245653
0.01150595
0.01052009
0.00943204
0.00792445
0.00605976
0.00460022
0.00344486
0.00228487
0.00086071
0.00014516
-0.00014220
-0.00137619
-0.00296748
-0.00495402
-0.00768408
-0.00785434
-0.00699528
-0.00732223
-0.00775071
-0.00767069
-0.00646721
-0.00607221
-0.00580464
-0.00488378
-0.00385601
-0.00283174
-0.00035383
0.00207575
0.00089105
-0.00040328
0.00029896
0.00101962
0.00206684
0.00275965
0.00275025
0.00292735
0.00481828
0.00688594
0.00807744
0.00846622
0.00878232
0.00834087
0.00649048
0.00419148
0.00210522
0.00031918
-0.00095695
-0.00244197
-0.00309226
-0.00398806
-0.00486746
-0.00543251
-0.00566885
-0.00566443
-0.00585098
-0.00676105
-0.00776788
-0.00841751
-0.00845255
-0.00840401
-0.00850943
-0.00859783
-0.00858400
-0.00858377
-0.00953737
-0.01065282
-0.00897469
-0.00640614
-0.00560547
-0.00568563
-0.00414879
-0.00191595
0.00012671
0.00205234
0.00398498
0.00575264
0.00746470
0.01035745
0.01263386
0.01358940
0.01464121
0.01621736
0.01775983
0.01908964
0.01932975
0.01917166
0.01913633
0.01875774
0.01788255
0.01663671
0.01605365
0.01504846
0.01348408
0.01160419
0.01076453
0.00977160
0.00823321
0.00732770
0.00625542
0.00519295
0.00390107
0.00167710
-0.00022552
-0.00239501
-0.00470597
-0.00613167
-0.00619808
-0.00637634
-0.00656660
-0.00632365
-0.00601671
-0.00444308
-0.00314904
-0.00217964
-0.00280642
-0.00229380
0.00040379
0.00220446
0.00207311
0.00175166
0.00192762
0.00205151
0.00286171
0.00456896
0.00507058
0.00481042
0.00526364
0.00572930
0.00447060
0.00246765
0.00131070
-0.00005365
-0.00129815
-0.00314313
-0.00558749
-0.00797126
-0.01045778
-0.01243326
-0.01422474
-0.01574083
-0.01728533
-0.01939940
-0.02037414
-0.02103676
-0.02239585
-0.02226454
-0.02111540
-0.02030794
-0.01918729
-0.01654768
-0.01349081
-0.01063541
-0.00737735
-0.00416528
-0.00195134
0.00008292
0.00160930
0.00177716
0.00155555
0.00088892
-0.00046201
-0.00129301
-0.00264124
-0.00452644
-0.00646395
-0.00694268
-0.00604620
-0.00598714
-0.00652051
-0.00512416
-0.00381978
-0.00387280
-0.00386581
-0.00223089
-0.00103165
-0.00002028
0.00162819
0.00209786
0.00049602
-0.00123005
-0.00241217
-0.00375086
-0.00560308
-0.00671580
-0.00586515
-0.00459055
-0.00380192
-0.00319630
-0.00157748
-0.00026336
0.00048017
0.00067906
0.00114251
0.00092556
-0.00008920
-0.00051413
-0.00082048
-0.00246156
-0.00367117
-0.00365215
-0.00394841
-0.00535195
-0.00648014
-0.00650591
-0.00535795
-0.00384546
-0.00362882
-0.00392684
-0.00396459
-0.00371401
-0.00233912
-0.00077481
0.00121316
0.00329471
0.00285632
0.00463931
0.00798555
0.00997823
0.01004399
0.00902337
0.00750994
0.00688463
0.00561516
0.00438847
0.00313227
0.00185215
0.00169742
0.00188798
0.00067017
-0.00097744
-0.00110665
0.00043796
0.00218378
0.00372405
0.00469645
0.00524247
0.00693737
0.00776441
0.00756539
0.00742165
0.00751146
0.00662498
0.00440993
0.00194239
0.00031533
-0.00204191
-0.00451165
-0.00601735
-0.00651786
-0.00649498
-0.00650905
-0.00561002
-0.00396784
-0.00354469
-0.00247034
-0.00060485
0.00038469
0.00142622
0.00210461
0.00358694
0.00468846
0.00469172
0.00422834
0.00244265
-0.00035890
-0.00158422
-0.00148595
-0.00300171
-0.00423659
-0.00554134
-0.00636998
-0.00682803
-0.00699102
-0.00690845
-0.00670701
-0.00700024
-0.00649207
-0.00615199
-0.00762706
-0.00933600
-0.01046536
-0.01125530
-0.01068543
-0.00921962
-0.00845296
-0.00747545
-0.00586154
-0.00393233
-0.00243104
-0.00085349
0.00041041
0.00203818
0.00323890
0.00438540
0.00567381
0.00767068
0.00996416
0.01148734
0.01313234
0.01501501
0.01682598
0.01768802
0.01829279
0.01755124
0.01671216
0.01591245
0.01471887
0.01412528
0.01417818
0.01420019
0.01412733
0.01416192
0.01421688
0.01319530
0.01162881
0.01262503
0.01426261
0.01422844
0.01351327
0.01375298
0.01315617
0.01169293
0.01048594
0.00901633
0.00829221
0.00756740
0.00748398
0.00673981
0.00416282
0.00164456
0.00038774
-0.00054878
-0.00217679
-0.00284762
-0.00265864
-0.00255524
-0.00261502
-0.00260237
-0.00255722
-0.00254933
-0.00200908
-0.00064921
0.00085661
0.00230358
0.00438431
0.00634250
0.00814529
0.00866147
0.00848813
0.00846942
0.00857466
0.00858806
0.00822058
0.00662808
0.00559796
0.00507932
0.00349483
0.00241300
0.00138099
0.00062464
0.00084209
0.00185087
0.00296432
0.00276461
0.00102597
0.00055877
0.00247623
0.00431750
0.00585568
0.00626601
0.00582594
0.00461695
0.00349293
0.00222687
0.00131244
0.00062702
-0.00002459
0.00010021
-0.00088552
-0.00275108
-0.00336857
-0.00358980
-0.00369008
-0.00367280
-0.00344146
-0.00252703
-0.00129404
-0.00106921
-0.00121877
-0.00120492
-0.00108531
-0.00029388
0.00027591
0.00023245
0.00055777
0.00137891
0.00126213
0.00085581
-0.00058479
-0.00144747
-0.00220390
-0.00348427
-0.00469468
-0.00639492
-0.00831428
-0.00966339
-0.01088453
-0.01179839
-0.01231120
-0.01282740
-0.01365610
-0.01432110
-0.01505305
-0.01613451
-0.01887749
-0.01986605
-0.01839882
-0.01758172
-0.01788329
-0.01808448
-0.01799573
-0.01738838
-0.01569339
-0.01446330
-0.01336453
-0.01231473
-0.01088509
-0.01006274
-0.01164535
-0.01389468
-0.01512476
-0.01507223
-0.01493569
-0.01505271
-0.01512401
-0.01500061
-0.01413023
-0.01278369
-0.01170070
-0.01002250
-0.00844475
-0.00754166
-0.00683059
-0.00663042
-0.00659979
-0.00585174
-0.00484179
-0.00401941
-0.00391098
-0.00349807
-0.00179795
-0.00041543
0.00105657
0.00180632
0.00296866
0.00435462
0.00503145
0.00609784
0.00718124
0.00727026
0.00620699
0.00481508
0.00434867
0.00365176
0.00196443
0.00194330
0.00388980
0.00478062
0.00445991
0.00429488
0.00488548
0.00624732
0.00727415
0.00732247
0.00717496
0.00737331
0.00881211
0.00986846
0.00821077
0.00694532
0.00769256
0.00888065
0.00932176
0.00888843
0.00770793
0.00723868
0.00735923
0.00736701
0.00727245
0.00729689
0.00738364
0.00735564
0.00727924
0.00727099
0.00709269
0.00595863
0.00461293
0.00407129
0.00269753
0.00157873
0.00086239
-0.00035950
-0.00143972
-0.00257772
-0.00373250
-0.00470756
-0.00528315
-0.00490168
-0.00393349
-0.00367990
-0.00309712
-0.00171205
-0.00096712
-0.00114180
-0.00195111
-0.00166993
0.00017920
0.00175593
0.00181348
0.00155008
0.00163145
0.00166352
0.00040019
-0.00106611
-0.00159840
-0.00259745
-0.00323350
-0.00233552
-0.00312138
-0.00532473
-0.00641642
-0.00588324
-0.00505064
-0.00423406
-0.00387152
-0.00352071
-0.00318731
-0.00301927
-0.00246842
-0.00131414
0.00017561
0.00163510
0.00299584
0.00421278
0.00473719
0.00534097
0.00549149
0.00579109
0.00596039
0.00599924
0.00599354
0.00574282
0.00502489
0.00486541
0.00483683
0.00539889
0.00557010
0.00586384
0.00603873
0.00603274
0.00599344
0.00614121
0.00679877
0.00587717
0.00312139
0.00319187
0.00544474
0.00611188
0.00480698
0.00425214
0.00427863
0.00324643
0.00183168
0.00085686
0.00036333
0.00062173
0.00223622
0.00303572
0.00200271
0.00076679
0.00026941
0.00060787
0.00087418
0.00049216
0.00029701
0.00039014
0.00039598
0.00033311
0.00035084
0.00040695
0.00044047
0.00044004
0.00048826
0.00048762
-0.00020524
-0.00082723
-0.00082030
-0.00070047
-0.00072997
-0.00057455
-0.00027766
-0.00016040
-0.00103453
-0.00182939
-0.00217032
-0.00212156
-0.00203649
-0.00205289
-0.00205784
-0.00198258
-0.00194566
-0.00168002
-0.00048341
0.00027893
-0.00094792
-0.00000652
0.00291565
0.00414753
0.00465662
0.00564381
0.00600934
0.00632314
0.00654723
0.00656325
0.00653237
0.00654025
0.00683801
0.00693756
0.00647093
0.00486222
0.00368498
0.00481337
0.00656617
0.00677120
0.00635905
0.00529104
0.00393230
0.00372787
0.00332979
0.00144611
-0.00083201
-0.00188592
-0.00287941
-0.00418723
-0.00535913
-0.00684856
-0.00714485
-0.00688406
-0.00686228
-0.00777171
-0.00945446
-0.00991532
-0.01082622
-0.01219214
-0.01261565
-0.01363969
-0.01469588
-0.01503297
-0.01492254
-0.01489745
-0.01496299
-0.01495022
-0.01492765
-0.01491079
-0.01485965
-0.01418986
-0.01186626
-0.00951367
-0.00905574
-0.00835717
-0.00668993
-0.00627228
-0.00656243
-0.00619183
-0.00610540
-0.00648197
-0.00545308
-0.00385861
-0.00402421
-0.00603999
-0.00694441
-0.00659406
-0.00636901
-0.00595278
-0.00470938
-0.00378294
-0.00377356
-0.00312957
-0.00141933
-0.00079879
-0.00045236
0.00083417
0.00185337
0.00246179
0.00366045
0.00457809
0.00422626
0.00354494
0.00248600
0.00217316
0.00200183
0.00177740
0.00172137
0.00175735
0.00176621
0.00203416
0.00361484
0.00471405
0.00462216
0.00442382
0.00451568
0.00462397
0.00506579
0.00571880
0.00506335
0.00441186
0.00476058
0.00624152
0.00636755
0.00539610
0.00482827
0.00460202
0.00434803
0.00412516
0.00446388
0.00462951
0.00466955
0.00549544
0.00549050
0.00468815
0.00440713
0.00456940
0.00502089
0.00623320
0.00633911
0.00604477
0.00567642
0.00553418
0.00480267
0.00445062
0.00448666
0.00345743
0.00186913
0.00157904
0.00197768
0.00241734
0.00206054
0.00174896
0.00207777
0.00222849
0.00180893
0.00165263
0.00177825
0.00187866
0.00193888
0.00266624
0.00313747
0.00229318
0.00202383
0.00254543
0.00206046
0.00163720
0.00175599
0.00172479
0.00000981
-0.00040742
0.00142969
0.00212088
0.00172362
0.00123613
0.00135533
0.00144398
0.00066244
-0.00046422
-0.00107046
-0.00104406
0.00004712
0.00150580
0.00041622
-0.00120661
-0.00127820
-0.00091000
-0.00095714
-0.00111002
-0.00095626
0.00033045
0.00083404
0.00094516
0.00168908
0.00205063
0.00199803
0.00199787
0.00211624
0.00216671
0.00218499
0.00222853
0.00226076
0.00236047
0.00247270
0.00333486
0.00501932
0.00561625
0.00539942
0.00534714
0.00550620
0.00511769
0.00485660
0.00486811
0.00343081
0.00262051
0.00279951
0.00269855
0.00170045
0.00094503
-0.00122151
-0.00224841
-0.00047710
0.00035211
-0.00005091
-0.00054344
-0.00055530
-0.00021210
-0.00060172
-0.00158024
-0.00283188
-0.00309202
-0.00278969
-0.00198153
-0.00265562
-0.00476125
-0.00614137
-0.00750609
-0.00857677
-0.00859576
-0.00841148
-0.00880313
-0.00973557
-0.01038876
-0.01108779
-0.01128909
-0.01121260
-0.01081442
-0.01035701
-0.00978292
-0.00877982
-0.00819972
-0.00825691
-0.00834597
-0.00820283
-0.00723987
-0.00584841
-0.00528999
-0.00531876
-0.00498909
-0.00431977
-0.00283691
-0.00238638
-0.00176621
-0.00009704
0.00048938
0.00025241
0.00015518
0.00030655
0.00034158
0.00027479
0.00022244
0.00111162
0.00141527
0.00041383
0.00005915
0.00024466
0.00030679
0.00021870
0.00019451
0.00073841
0.00171346
0.00284790
0.00395667
0.00353622
0.00274352
0.00141764
0.00024371
0.00013277
0.00017600
-0.00020305
0.00002679
0.00031245
0.00034793
0.00029468
0.00029893
0.00032317
0.00032263
0.00032768
0.00072957
0.00062237
0.00025799
0.00024366
0.00034462
0.00034158
0.00030335
0.00030371
0.00031752
0.00031742
0.00029891
-0.00028695
-0.00167048
-0.00257016
-0.00273950
-0.00407625
-0.00536869
-0.00542300
-0.00517907
-0.00522575
-0.00531418
-0.00568026
-0.00536070
-0.00351112
-0.00229558
-0.00242756
-0.00264407
-0.00250691
-0.00146682
0.00011950
0.00046322
-0.00071526
-0.00188760
-0.00070492
0.00134297
0.00086597
0.00004661
0.00016105
0.00041967
0.00036652
0.00026757
0.00028452
0.00032084
0.00037079
0.00087413
0.00215307
0.00317742
0.00318058
0.00300717
0.00306617
0.00314246
0.00312279
0.00309393
0.00309951
0.00277074
0.00262837
0.00184223
0.00130145
0.00197045
0.00263745
0.00303028
0.00310001
0.00373031
0.00543219
0.00612344
0.00588759
0.00578636
0.00641813
0.00677946
0.00606305
0.00539574
0.00383294
0.00317100
0.00477876
0.00619823
0.00612829
0.00584120
0.00593866
0.00601843
0.00593031
0.00587737
0.00589817
0.00592836
0.00636428
0.00806353
0.00811186
0.00625062
0.00556855
0.00593693
0.00606476
0.00589994
0.00587556
0.00592329
0.00592134
0.00589944
0.00589707
0.00590405
0.00590484
0.00538276
0.00358898
0.00290842
0.00322005
0.00326236
0.00173888
0.00019249
0.00014466
0.00049853
0.00083800
0.00054940
0.00112899
0.00262179
0.00328306
0.00309172
0.00270057
0.00267701
0.00308863
0.00318328
0.00274134
0.00155437
0.00046963
-0.00007813
-0.00186429
-0.00303815
-0.00262530
-0.00202328
-0.00204916
-0.00242869
-0.00206767
-0.00222968
-0.00253523
-0.00255386
-0.00247827
-0.00248082
-0.00233424
-0.00156763
-0.00227052
-0.00403470
-0.00496448
-0.00437929
-0.00455712
-0.00531272
-0.00459143
-0.00268398
-0.00221854
-0.00257837
-0.00257416
-0.00237632
-0.00223479
-0.00106109
-0.00002408
-0.00010224
0.00004752
0.00044230
0.00082872
0.00051757
0.00031123
0.00038274
0.00042962
0.00033798
0.00027904
0.00029580
0.00004433
-0.00128250
-0.00228774
-0.00248285
-0.00242320
-0.00246390
-0.00251963
-0.00250739
-0.00184877
-0.00120155
-0.00255886
-0.00290930
-0.00114044
-0.00060267
-0.00207810
-0.00320293
-0.00391220
-0.00503863
-0.00541862
-0.00526652
-0.00517065
-0.00527178
-0.00514773
-0.00484458
-0.00534687
-0.00657124
-0.00778254
-0.00766836
-0.00761562
-0.00794762
-0.00766413
-0.00767872
-0.00771039
-0.00646353
-0.00556425
-0.00570637
-0.00560961
-0.00529356
-0.00523343
-0.00502624
-0.00345393
-0.00207100
-0.00100188
0.00028532
0.00079652
0.00064037
0.00059703
0.00042225
0.00114240
0.00258097
0.00324612
0.00310132
0.00300927
0.00304926
0.00268735
0.00287403
0.00315638
0.00315407
0.00308385
0.00309410
0.00312273
0.00363648
0.00529924
0.00611211
0.00592157
0.00578932
0.00590339
0.00596146
0.00592123
0.00589921
0.00591437
0.00626301
0.00682553
0.00812708
0.00875296
0.00740945
0.00584539
0.00575069
0.00605741
0.00600438
0.00587124
0.00588654
0.00584769
0.00503213
0.00399651
0.00318418
0.00307834
0.00232168
0.00057132
0.00007677
0.00038423
0.00049723
0.00035246
0.00030523
0.00033000
0.00033588
0.00032181
0.00031752
0.00032243
0.00033420
0.00026319
-0.00005491
-0.00045946
-0.00194600
-0.00266319
-0.00275652
-0.00434203
-0.00547823
-0.00535678
-0.00534231
-0.00709255
-0.00723563
-0.00531485
-0.00379634
-0.00283013
-0.00249822
-0.00250456
-0.00248917
-0.00225741
-0.00136925
-0.00138347
-0.00215958
-0.00103473
0.00050359
-0.00006214
-0.00208417
-0.00273730
-0.00233237
-0.00221079
-0.00276200
-0.00279605
-0.00243085
-0.00211397
-0.00089113
0.00015229
0.00000826
-0.00046068
-0.00019715
-0.00005106
0.00004751
-0.00021577
-0.00004603
-0.00075045
-0.00224376
-0.00283470
-0.00263771
-0.00258500
-0.00275320
-0.00283065
-0.00281544
-0.00283380
-0.00286064
-0.00286885
-0.00291326
-0.00289678
-0.00285333
-0.00287911
-0.00295055
-0.00296581
-0.00312802
-0.00457050
-0.00413460
-0.00285282
-0.00266721
-0.00293980
-0.00294231
-0.00282369
-0.00278620
-0.00276710
-0.00257675
-0.00092490
0.00029095
0.00108574
0.00258740
0.00209591
0.00038205
0.00136210
0.00294624
0.00268899
0.00242468
0.00234587
0.00262976
0.00188685
0.00109583
0.00023335
-0.00017925
-0.00017257
-0.00019713
-0.00031331
-0.00036100
-0.00037542
-0.00046030
-0.00055130
-0.00061779
-0.00062320
-0.00001959
0.00089984
0.00141117
0.00160212
0.00080411
-0.00008717
-0.00036768
-0.00024592
-0.00058951
-0.00080154
-0.00074933
-0.00068407
-0.00067416
-0.00065525
-0.00065645
-0.00180734
-0.00253421
-0.00102546
0.00048992
0.00166880
0.00229364
0.00235756
0.00233322
0.00237099
0.00239388
0.00238246
0.00237441
0.00242532
0.00351989
0.00332860
0.00091834
-0.00074324
-0.00058572
0.00013498
0.00008603
0.00088753
0.00128738
0.00115375
0.00138952
0.00205376
0.00214386
0.00195266
0.00188270
0.00190011
0.00190130
0.00183270
0.00178116
0.00179117
0.00185202
0.00184179
0.00179037
0.00178395
0.00179770
0.00179897
0.00181486
0.00184497
0.00185525
0.00188324
0.00192513
0.00198674
0.00200936
0.00205501
0.00210103
0.00210555
0.00206645
0.00104224
-0.00030633
0.00094069
0.00251795
0.00239313
0.00051959
-0.00057647
-0.00033080
-0.00012319
-0.00026157
-0.00020350
0.00027482
0.00088985
0.00222922
0.00146149
-0.00019752
-0.00046334
-0.00112039
-0.00106309
-0.00060429
-0.00066293
-0.00190522
-0.00238621
-0.00250213
-0.00280421
-0.00292961
-0.00288993
-0.00283355
-0.00278914
-0.00278243
-0.00278590
-0.00278315
-0.00277365
-0.00271571
-0.00264972
-0.00264868
-0.00265133
-0.00258657
-0.00250268
-0.00247012
-0.00247764
-0.00214111
-0.00190673
-0.00062641
0.00045701
0.00045370
0.00031608
0.00085913
0.00147172
0.00112230
-0.00024164
-0.00015232
0.00104587
0.00189189
0.00108705
0.00034554
0.00045649
0.00063929
0.00057255
0.00049939
0.00052280
0.00055159
0.00094184
0.00160617
0.00102314
0.00041096
0.00046597
0.00060602
0.00050447
0.00040849
0.00043390
0.00097680
0.00180656
0.00214919
0.00289430
0.00337810
0.00332086
0.00320049
0.00322392
0.00275241
0.00190756
0.00123235
0.00061807
0.00051050
0.00058588
0.00039471
-0.00011513
-0.00050948
-0.00173744
-0.00247494
-0.00233650
-0.00196912
-0.00156125
-0.00088893
0.00025178
0.00067942
0.00035488
-0.00021503
-0.00053279
-0.00023014
-0.00146141
-0.00221558
-0.00063997
0.00078617
0.00070162
0.00039905
0.00047865
0.00054358
0.00053491
0.00054948
0.00056753
0.00056936
0.00058057
0.00187267
0.00195991
0.00030432
-0.00070170
0.00020572
0.00082357
0.00057338
0.00038726
0.00046488
0.00051768
0.00048415
0.00075024
0.00152411
0.00194585
0.00229905
0.00204118
0.00099475
0.00098578
0.00101956
0.00057217
0.00039253
0.00042779
0.00011745
0.00000525
-0.00059181
-0.00121424
-0.00195578
-0.00212067
-0.00198456
-0.00197000
-0.00233659
-0.00267844
-0.00275702
-0.00322941
-0.00351795
-0.00392398
-0.00472233
-0.00628088
-0.00602769
-0.00443816
-0.00392539
-0.00381633
-0.00409544
-0.00416096
-0.00402529
-0.00354330
-0.00225846
-0.00112572
-0.00098766
-0.00057636
0.00032317
-0.00008506
-0.00092459
-0.00102691
-0.00083418
-0.00118919
-0.00136386
-0.00180483
-0.00215007
-0.00213507
-0.00212486
-0.00167219
-0.00086439
-0.00069236
-0.00084354
-0.00091476
-0.00087795
-0.00082631
-0.00045781
0.00014365
0.00147296
0.00205805
0.00190533
0.00183406
0.00198617
0.00205633
0.00201839
0.00204152
0.00212746
0.00217705
0.00136057
0.00035945
-0.00044373
-0.00052571
-0.00040510
-0.00033028
-0.00068944
-0.00235967
-0.00198116
-0.00016005
0.00023179
-0.00015062
-0.00013631
0.00007867
0.00017708
0.00020348
0.00026416
0.00037364
0.00151860
0.00330488
0.00529330
0.00436744
0.00304240
0.00360145
0.00512885
0.00578853
0.00587690
0.00554621
0.00544545
0.00596676
0.00623664
0.00619982
0.00618770
0.00617867
0.00614639
0.00613421
0.00613857
0.00620999
0.00665912
0.00723741
0.00803001
0.00885455
0.00901257
0.00880929
0.00757515
0.00617995
0.00600751
0.00624430
0.00621846
0.00611202
0.00611837
0.00615859
0.00615805
0.00614413
0.00614479
0.00600946
0.00464369
0.00329692
0.00322796
0.00384900
0.00377390
0.00330685
0.00325597
0.00324953
0.00239770
0.00131730
0.00056793
0.00035282
-0.00059687
-0.00119133
-0.00014529
-0.00089253
-0.00312220
-0.00491934
-0.00473001
-0.00438323
-0.00391837
-0.00345605
-0.00298401
-0.00247301
-0.00221229
-0.00223710
-0.00226980
-0.00224354
-0.00221461
-0.00221670
-0.00283146
-0.00404389
-0.00444868
-0.00326350
-0.00211036
-0.00212649
-0.00235687
-0.00229323
-0.00258678
-0.00338485
-0.00477915
-0.00519405
-0.00498546
-0.00496334
-0.00596292
-0.00755749
-0.00791946
-0.00765155
-0.00763004
-0.00775460
-0.00805025
-0.00958811
-0.01015601
-0.00828374
-0.00735875
-0.00770583
-0.00790561
-0.00774210
-0.00765936
-0.00771687
-0.00776643
-0.00779101
-0.00771907
-0.00679291
-0.00522645
-0.00511344
-0.00693439
-0.00798829
-0.00775472
-0.00755410
-0.00769279
-0.00775772
-0.00767415
-0.00725996
-0.00603758
-0.00482666
-0.00461886
-0.00479055
-0.00477353
-0.00457600
-0.00336735
-0.00221098
-0.00183099
-0.00187098
-0.00185982
-0.00179801
-0.00178972
-0.00175395
-0.00066406
0.00087888
0.00111950
0.00086100
0.00088033
0.00094770
0.00097773
0.00134372
0.00107475
0.00108128
0.00215414
0.00244044
0.00152256
0.00059988
0.00072365
0.00241018
0.00365681
0.00353746
0.00329551
0.00339496
0.00349191
0.00349184
0.00349191
0.00350549
0.00360833
0.00490315
0.00639490
0.00605649
0.00417824
0.00344414
0.00381129
0.00397951
0.00388150
0.00387039
0.00398606
0.00404084
0.00405545
0.00413889
0.00436017
0.00476724
0.00448951
0.00430997
0.00441040
0.00453541
0.00491780
0.00487767
0.00458424
0.00457891
0.00472328
0.00475635
0.00474689
0.00419698
0.00341375
0.00264763
0.00197650
0.00188092
0.00198235
0.00200124
0.00195048
0.00191835
0.00192821
0.00193618
0.00141047
-0.00043624
-0.00095674
0.00043771
0.00114036
0.00025174
-0.00092611
-0.00109576
-0.00087701
-0.00089309
-0.00099352
-0.00104743
-0.00167813
-0.00141325
0.00006978
-0.00026226
-0.00107375
-0.00146029
-0.00102123
-0.00074047
-0.00078474
-0.00080741
-0.00076207
-0.00074182
-0.00082451
-0.00204837
-0.00352722
-0.00371369
-0.00345071
-0.00347256
-0.00364686
-0.00448008
-0.00582157
-0.00637391
-0.00623230
-0.00616418
-0.00625132
-0.00628280
-0.00625066
-0.00623736
-0.00624790
-0.00625212
-0.00624755
-0.00624507
-0.00624584
-0.00624590
-0.00624514
-0.00628054
-0.00629768
-0.00576588
-0.00475405
-0.00546835
-0.00620269
-0.00475804
-0.00334065
-0.00338597
-0.00369068
-0.00360886
-0.00348131
-0.00311127
-0.00140723
-0.00051550
-0.00049743
0.00103522
0.00363453
0.00343621
0.00194760
0.00180747
0.00289566
0.00387127
0.00396021
0.00366518
0.00357935
0.00305256
0.00213369
0.00198151
0.00257701
0.00241861
0.00201805
0.00200536
0.00211720
0.00211324
0.00207111
0.00207258
0.00208901
0.00208980
0.00208479
0.00208537
0.00208817
0.00208898
0.00208896
0.00214554
0.00295097
0.00407209
0.00454033
0.00437193
0.00463884
0.00494395
0.00459652
0.00329997
0.00202649
0.00048410
0.00047265
0.00196391
0.00239531
0.00205115
0.00197191
0.00211647
0.00215068
0.00209902
0.00211679
0.00219785
0.00236646
0.00391041
0.00498250
0.00366619
0.00199777
0.00191224
0.00226219
0.00215024
0.00150353
0.00051802
-0.00035356
-0.00070948
-0.00066827
-0.00064336
-0.00068647
-0.00069966
-0.00064646
-0.00058074
-0.00057438
-0.00058677
-0.00062103
-0.00067379
-0.00068455
-0.00067525
-0.00067362
-0.00064014
-0.00058053
-0.00056710
-0.00057773
-0.00062067
-0.00067079
-0.00067639
-0.00066707
-0.00066620
-0.00062640
-0.00056977
-0.00056059
-0.00057001
-0.00078110
-0.00225120
-0.00307414
-0.00132910
-0.00028779
-0.00055860
-0.00074277
-0.00058397
-0.00049661
-0.00056705
-0.00040291
0.00025137
0.00045137
0.00141725
0.00314974
0.00288949
0.00208711
0.00207579
0.00188387
0.00203160
0.00226990
0.00202890
0.00170564
0.00209894
0.00232684
0.00182617
0.00193281
0.00229596
0.00232921
0.00222985
0.00217532
0.00211474
0.00176583
0.00202953
0.00232546
0.00230414
0.00223208
0.00223004
0.00224643
0.00221410
0.00217069
0.00222135
0.00227996
0.00227975
0.00226743
0.00227110
0.00227739
0.00227742
0.00227632
0.00227750
0.00227884
0.00193601
0.00140157
0.00276548
0.00489400
0.00489348
0.00383083
0.00267455
0.00243712
0.00205098
0.00191145
0.00224219
0.00236059
0.00237443
0.00273248
0.00231554
0.00040482
-0.00078030
-0.00057260
-0.00034161
-0.00047012
-0.00056352
-0.00051647
-0.00048589
-0.00055884
-0.00061347
-0.00057302
-0.00049766
-0.00039821
-0.00003623
-0.00036335
0.00001096
0.00024110
-0.00003645
-0.00052886
-0.00061989
-0.00047233
-0.00044678
-0.00050325
-0.00056710
-0.00058865
-0.00058116
-0.00057944
-0.00058318
-0.00058301
-0.00058038
-0.00049115
-0.00001984
0.00018193
0.00070346
0.00030069
-0.00059778
0.00014641
0.00209945
0.00257440
0.00215471
0.00208340
0.00225873
0.00228947
0.00222600
0.00221437
0.00214983
0.00143347
0.00164717
0.00216632
0.00097927
-0.00059100
-0.00075046
-0.00043844
-0.00046444
-0.00059744
-0.00059104
-0.00054063
-0.00054041
-0.00055748
-0.00055664
-0.00054911
-0.00054796
-0.00054938
-0.00054815
-0.00051937
-0.00052013
-0.00054526
-0.00067971
-0.00114796
-0.00183346
-0.00258189
-0.00313481
-0.00334892
-0.00331427
-0.00328129
-0.00328660
-0.00326586
-0.00329352
-0.00329393
-0.00325259
-0.00325595
-0.00325243
-0.00338572
-0.00381609
-0.00452446
-0.00563447
-0.00564209
-0.00375746
-0.00282720
-0.00311254
-0.00328484
-0.00308561
-0.00295841
-0.00300790
-0.00304537
-0.00302388
-0.00296162
-0.00159409
-0.00014190
-0.00010862
-0.00168294
-0.00232622
-0.00110231
-0.00034468
-0.00024988
-0.00097368
-0.00133122
-0.00039413
-0.00014624
-0.00053912
-0.00088405
-0.00064806
-0.00023688
-0.00057897
-0.00053809
-0.00109091
-0.00150140
-0.00169425
-0.00124818
-0.00021951
-0.00024298
-0.00163718
-0.00247409
-0.00241234
-0.00228028
-0.00230774
-0.00231758
-0.00223625
-0.00211416
-0.00160572
-0.00104303
-0.00067692
-0.00032633
0.00050757
0.00044665
-0.00157181
-0.00267489
-0.00166435
0.00026213
0.00017954
-0.00147790
-0.00214942
-0.00155834
-0.00130794
-0.00181996
-0.00191706
-0.00130713
-0.00028795
0.00086568
0.00088284
-0.00093286
-0.00193010
-0.00045743
0.00095159
0.00113959
0.00092048
0.00096435
0.00107788
0.00107009
0.00099900
0.00094033
0.00094042
0.00095134
0.00094827
0.00094433
0.00094639
0.00094270
0.00088523
0.00084327
0.00084766
0.00085667
0.00088463
0.00094358
0.00096208
0.00129313
0.00134968
0.00138383
0.00137969
0.00110186
0.00116892
0.00205510
0.00194757
0.00177463
0.00220025
0.00171746
0.00039160
0.00071775
0.00230351
0.00292720
0.00208555
0.00181094
0.00214458
0.00230534
0.00226232
0.00224420
0.00233279
0.00256768
0.00417780
0.00526413
0.00398152
0.00236394
0.00228670
0.00262694
0.00257194
0.00242754
0.00243862
0.00184373
0.00015902
-0.00053338
-0.00030190
-0.00020422
-0.00038658
-0.00046982
-0.00041941
-0.00039359
-0.00041244
-0.00042166
-0.00040880
-0.00002707
0.00011892
0.00121251
0.00200770
0.00219684
0.00232237
0.00239437
0.00244601
0.00249030
0.00245414
0.00239295
0.00238771
0.00240157
0.00240121
0.00239624
0.00239808
0.00223150
0.00081228
-0.00000478
0.00174459
0.00280541
0.00227354
0.00088387
-0.00030000
-0.00045668
-0.00025517
-0.00026206
-0.00040310
-0.00040462
0.00058345
0.00219219
0.00163269
-0.00026382
-0.00069100
-0.00026458
-0.00022801
-0.00042322
-0.00044771
-0.00037841
-0.00036793
-0.00039243
-0.00039611
-0.00038261
-0.00033090
-0.00034007
-0.00038775
-0.00039459
-0.00038236
-0.00038115
-0.00038545
-0.00038537
-0.00035861
-0.00029515
-0.00027838
-0.00034142
-0.00039073
-0.00038509
-0.00037460
-0.00032300
0.00007839
-0.00014011
-0.00043710
-0.00042277
-0.00034613
-0.00035980
-0.00038936
-0.00047380
-0.00170006
-0.00229697
-0.00075102
-0.00004977
-0.00036669
-0.00052618
-0.00115336
-0.00242928
-0.00310573
-0.00229554
-0.00160798
-0.00196283
-0.00136173
-0.00033698
-0.00022049
-0.00044151
-0.00043857
-0.00034798
-0.00034640
-0.00037939
-0.00038040
-0.00036808
-0.00036712
-0.00037127
-0.00037139
-0.00036956
-0.00063587
-0.00196535
-0.00289428
-0.00275202
-0.00294026
-0.00319993
-0.00321035
-0.00263275
-0.00180520
-0.00153724
-0.00083224
-0.00031096
-0.00032584
-0.00041905
-0.00038779
-0.00034865
-0.00022315
0.00047957
0.00014742
-0.00044602
-0.00045969
-0.00028457
-0.00029214
-0.00062471
-0.00221260
-0.00186938
-0.00035205
0.00055484
0.00188000
0.00252633
0.00247951
0.00244398
0.00246268
0.00245293
0.00243380
0.00282630
0.00458186
0.00543705
0.00402415
0.00235732
0.00234238
0.00268668
0.00254945
0.00236807
0.00239883
0.00245996
0.00244840
0.00242655
0.00247304
0.00253692
0.00254255
0.00248124
0.00105945
-0.00044398
-0.00052145
-0.00023798
-0.00028991
-0.00036275
-0.00029483
-0.00001055
0.00042035
0.00072309
0.00194042
0.00258549
0.00245219
0.00199833
0.00125183
0.00099730
0.00035802
-0.00028849
-0.00033805
-0.00022161
-0.00023878
-0.00071294
-0.00231901
-0.00211917
-0.00040712
0.00003145
-0.00034270
-0.00043627
-0.00034054
-0.00067072
-0.00128608
-0.00257014
-0.00320616
-0.00307948
-0.00212813
-0.00057667
-0.00141489
-0.00313080
-0.00333878
-0.00301501
-0.00303681
-0.00313258
-0.00311088
-0.00306622
-0.00306951
-0.00308534
-0.00308491
-0.00308946
-0.00301994
-0.00268278
-0.00279292
-0.00215404
-0.00122594
-0.00178908
-0.00297188
-0.00271749
-0.00244725
-0.00261127
-0.00295414
-0.00312914
-0.00290318
-0.00260070
-0.00278080
-0.00252370
-0.00192432
-0.00184908
-0.00153582
-0.00115986
-0.00101621
-0.00147951
-0.00156210
-0.00199626
-0.00368906
-0.00396833
-0.00220393
-0.00039994
-0.00018648
-0.00046881
-0.00083388
-0.00053160
-0.00021840
-0.00026082
-0.00034180
-0.00033557
0.00015258
0.00193823
0.00174772
-0.00013075
-0.00063726
-0.00023213
-0.00015513
-0.00038362
-0.00046810
-0.00040121
-0.00032464
-0.00030363
-0.00031846
-0.00037257
-0.00041406
-0.00041386
-0.00040805
-0.00041173
-0.00041148
-0.00035780
-0.00031039
-0.00031193
-0.00034659
-0.00040750
-0.00042534
-0.00041716
-0.00041660
-0.00042195
-0.00042354
-0.00042274
-0.00042328
-0.00042473
-0.00042573
-0.00042639
-0.00042722
-0.00042818
-0.00042341
-0.00080055
-0.00159038
-0.00095900
0.00058334
0.00115766
0.00084277
0.00029192
-0.00012959
-0.00041404
-0.00035803
0.00005027
-0.00023376
-0.00034103
0.00132001
0.00230195
0.00047682
-0.00080873
-0.00054437
-0.00025204
-0.00039933
-0.00051974
-0.00046991
-0.00042590
-0.00044442
-0.00046223
-0.00045725
-0.00044273
-0.00042157
-0.00044711
-0.00046444
-0.00044664
-0.00002716
0.00047254
0.00090343
0.00097706
0.00133678
0.00185038
0.00231083
0.00236635
0.00229855
0.00231013
0.00232688
0.00190589
0.00137660
0.00064114
0.00119291
0.00140996
0.00073652
0.00012582
0.00036668
0.00025368
-0.00043198
-0.00008722
0.00190241
0.00271492
0.00239466
0.00225199
0.00236064
0.00239816
0.00232573
0.00228743
0.00230789
0.00237097
0.00240975
0.00240330
0.00170811
-0.00004815
-0.00063351
-0.00035902
-0.00028101
-0.00041614
-0.00045327
-0.00040596
-0.00039280
-0.00041143
-0.00041833
-0.00041345
-0.00044307
-0.00048388
-0.00049189
-0.00045029
-0.00041465
-0.00044873
-0.00051892
-0.00053337
-0.00052109
-0.00052174
-0.00052906
-0.00053086
-0.00052997
-0.00053107
-0.00053319
-0.00053462
-0.00053567
-0.00053697
-0.00053314
-0.00015726
-0.00017403
-0.00034483
-0.00003609
-0.00044185
-0.00201055
-0.00247009
-0.00085177
-0.00008273
-0.00035019
-0.00048718
-0.00028993
-0.00019428
-0.00025001
-0.00023911
-0.00016372
-0.00014639
0.00023014
0.00177768
0.00125420
-0.00010274
-0.00020120
0.00018280
0.00022594
0.00009753
0.00013587
0.00023712
0.00024532
0.00026482
0.00031658
0.00037770
0.00041890
0.00041802
0.00041236
0.00046439
0.00004756
-0.00143534
-0.00125964
-0.00055526
0.00014882
0.00091490
0.00144770
0.00195471
0.00221304
0.00225944
0.00261322
0.00240237
0.00214221
0.00215766
0.00218664
0.00180005
0.00202972
0.00205484
0.00156954
0.00058001
-0.00077474
-0.00031019
0.00103135
0.00131118
0.00108521
0.00108521
0.00122264
0.00129941
0.00133628
0.00139347
0.00149253
0.00168572
0.00213362
0.00178213
0.00032298
-0.00101742
-0.00103080
-0.00072788
-0.00074420
-0.00079980
-0.00073678
-0.00064732
-0.00111090
-0.00197385
-0.00216560
-0.00201291
-0.00186931
-0.00143310
-0.00121843
-0.00087830
-0.00055336
-0.00053150
-0.00058961
-0.00059115
-0.00059310
-0.00060217
-0.00059389
-0.00057261
-0.00058223
-0.00062454
-0.00066493
-0.00068023
-0.00067852
-0.00067924
-0.00066895
-0.00060943
-0.00062140
-0.00067271
-0.00066718
-0.00107414
-0.00262703
-0.00203660
-0.00060373
-0.00026405
-0.00027037
-0.00058971
-0.00072646
-0.00069124
-0.00067932
-0.00070609
-0.00071534
-0.00068475
0.00028192
0.00166593
0.00044361
-0.00095438
-0.00088959
-0.00056036
-0.00063983
-0.00077519
-0.00075145
-0.00068460
-0.00063163
-0.00067434
-0.00073463
-0.00073620
-0.00072382
-0.00072777
-0.00073493
-0.00073561
-0.00071252
-0.00065115
-0.00063472
-0.00104250
-0.00168564
-0.00184497
-0.00206344
-0.00221792
-0.00266795
-0.00312786
-0.00274967
-0.00210670
-0.00206291
-0.00215281
-0.00139265
-0.00067521
-0.00068492
-0.00083246
-0.00079700
-0.00113710
-0.00277906
-0.00369977
-0.00246073
-0.00075059
-0.00056915
-0.00125095
-0.00181076
-0.00174597
-0.00123894
-0.00141540
-0.00128417
-0.00113870
-0.00065903
0.00037684
-0.00021946
-0.00181427
-0.00236250
-0.00205603
-0.00196215
-0.00210043
-0.00217133
-0.00218394
-0.00218546
-0.00219365
-0.00177164
-0.00087908
-0.00060182
-0.00079239
-0.00086885
-0.00080042
-0.00077788
-0.00080659
-0.00081774
-0.00080929
-0.00080679
-0.00081157
-0.00081432
-0.00072568
0.00008462
0.00067279
0.00062399
0.00085196
0.00103763
0.00155631
0.00209157
0.00212902
0.00203905
0.00211230
0.00211221
0.00126093
-0.00003320
0.00067005
0.00233791
0.00264795
0.00235363
0.00235471
0.00252535
0.00259453
0.00255846
0.00257301
0.00268070
0.00285930
0.00415361
0.00502586
0.00350385
0.00257513
0.00287200
0.00311346
0.00299050
0.00296746
0.00311180
0.00318678
0.00321746
0.00323727
0.00324289
0.00324142
0.00323980
0.00323950
0.00313065
0.00272102
0.00196621
0.00141567
0.00141279
0.00160871
0.00100689
0.00052780
0.00076661
0.00116008
0.00085843
0.00066318
0.00071155
0.00078711
0.00078347
0.00077371
0.00080941
0.00082629
0.00082009
0.00086372
0.00087763
-0.00008068
-0.00166948
-0.00111327
0.00077908
0.00121166
0.00086614
0.00063171
0.00059591
0.00102205
0.00115879
0.00067810
0.00082378
0.00123222
0.00167139
0.00244355
0.00201131
0.00130607
0.00131972
0.00155236
0.00154939
0.00149439
0.00156413
0.00166790
0.00170366
0.00171303
0.00177086
0.00179886
0.00179026
0.00181141
0.00187701
0.00189644
0.00188378
0.00187994
0.00188445
0.00189123
0.00191585
0.00192564
0.00196148
0.00192138
0.00187202
0.00144348
0.00059186
0.00027935
-0.00005115
-0.00056864
-0.00095564
-0.00095590
-0.00089167
-0.00091431
-0.00094333
-0.00107295
-0.00191099
-0.00191271
-0.00049474
0.00071982
0.00152621
0.00184406
0.00146466
0.00148052
0.00187001
0.00194371
0.00184308
0.00183385
0.00238621
0.00308350
0.00223547
0.00071374
0.00027722
0.00051965
0.00056025
0.00043919
0.00041650
0.00045959
0.00046292
-0.00006677
-0.00088478
-0.00063367
-0.00056763
-0.00030987
0.00034989
0.00011311
-0.00049324
-0.00053343
-0.00023616
-0.00042829
-0.00056624
-0.00088542
-0.00096170
-0.00092323
-0.00093670
-0.00077964
-0.00050428
-0.00083293
-0.00103633
-0.00097342
-0.00092208
-0.00092268
-0.00095012
-0.00116299
-0.00185032
-0.00241003
-0.00399892
-0.00324445
-0.00155817
-0.00140700
-0.00194205
-0.00158138
-0.00111171
-0.00174649
-0.00205518
-0.00184371
-0.00203681
-0.00187158
-0.00009188
0.00055092
-0.00026554
-0.00101116
-0.00102604
-0.00088730
-0.00122020
-0.00141627
-0.00105898
-0.00093707
-0.00106295
-0.00111158
-0.00107102
-0.00105563
-0.00107773
-0.00114211
-0.00114848
-0.00108774
-0.00112419
-0.00118205
-0.00150650
-0.00154587
-0.00127392
-0.00122574
-0.00135765
-0.00140660
-0.00138242
-0.00127019
-0.00146733
-0.00213967
-0.00173070
-0.00179400
-0.00186352
-0.00175065
-0.00199648
-0.00173648
-0.00153527
-0.00201378
-0.00381442
-0.00389678
-0.00201990
-0.00134956
-0.00160637
-0.00129480
-0.00040966
0.00010259
-0.00015905
0.00053267
0.00110459
0.00102271
0.00113851
0.00223746
0.00159427
0.00075657
0.00079909
0.00099427
0.00088942
0.00054285
0.00011781
0.00030536
0.00080454
0.00042950
0.00003070
0.00009843
0.00065179
0.00090522
0.00081785
0.00075236
0.00076359
0.00074639
0.00073940
0.00076959
0.00079207
0.00077421
0.00078468
0.00081940
0.00083012
0.00087597
0.00092223
0.00092505
0.00091663
0.00082950
0.00011723
0.00039578
0.00107442
0.00113356
0.00096789
0.00048538
-0.00140522
-0.00218963
-0.00043372
0.00120374
0.00086903
0.00059282
0.00100405
0.00116560
0.00103104
0.00097274
0.00100919
0.00097998
0.00195356
0.00345611
0.00235351
0.00067439
0.00059063
0.00084154
0.00042154
0.00055165
0.00082163
0.00081326
0.00070632
0.00069988
0.00073308
0.00073358
0.00072100
0.00072073
0.00072558
0.00074024
0.00114099
0.00104396
0.00070018
0.00066348
0.00075124
0.00096529
0.00138331
0.00147928
0.00142193
0.00146310
0.00228979
0.00250166
0.00212521
0.00202817
0.00212759
0.00154065
0.00085434
0.00157642
0.00176679
0.00094395
-0.00028924
0.00015902
0.00156661
0.00213512
0.00163440
0.00133148
0.00117974
0.00110296
0.00118934
0.00077528
0.00046720
0.00078971
0.00239982
0.00297856
0.00168041
0.00037654
0.00040642
0.00067683
0.00059577
0.00016019
-0.00026746
-0.00033043
-0.00107450
-0.00191443
-0.00177862
-0.00178635
-0.00185982
-0.00215731
-0.00194805
-0.00212734
-0.00236052
-0.00230915
-0.00223166
-0.00258622
-0.00268686
-0.00231577
-0.00218058
-0.00226358
-0.00220537
-0.00178693
-0.00204584
-0.00232764
-0.00229576
-0.00222149
-0.00223485
-0.00176021
-0.00177953
-0.00235565
-0.00229973
-0.00313094
-0.00480324
-0.00421568
-0.00229306
-0.00193960
-0.00236307
-0.00239454
-0.00221535
-0.00219715
-0.00227517
-0.00231559
-0.00227295
-0.00143283
0.00022244
0.00073706
-0.00010990
-0.00039897
0.00037136
0.00019726
0.00015335
0.00000582
0.00023851
0.00027685
0.00009129
0.00043485
0.00063089
0.00057184
0.00052572
0.00055355
0.00057237
0.00058627
0.00103002
0.00150493
0.00118686
0.00053212
0.00046532
0.00061313
0.00060803
0.00054753
0.00049276
0.00011074
0.00033194
0.00056747
0.00014793
0.00029468
0.00032078
0.00020516
0.00048977
0.00055814
0.00014475
0.00017614
-0.00116704
-0.00151397
0.00019833
0.00083775
0.00048004
0.00034961
0.00054201
0.00063420
0.00057962
0.00055093
0.00023372
0.00027779
0.00176228
0.00274359
0.00137927
-0.00031497
-0.00032016
0.00007327
-0.00064393
-0.00065920
-0.00042905
-0.00060938
-0.00057359
-0.00067718
-0.00029059
-0.00005890
0.00013989
0.00009932
0.00033469
0.00016521
0.00031517
0.00015766
0.00041461
0.00063349
0.00061129
0.00056281
0.00057967
0.00059979
0.00059471
0.00058724
0.00025045
0.00020292
0.00057102
0.00058128
0.00010994
-0.00006558
-0.00062136
-0.00086992
-0.00054803
-0.00138636
-0.00310389
-0.00245355
-0.00008860
0.00057454
-0.00018368
0.00025482
0.00081653
0.00039299
0.00017414
0.00017132
-0.00031108
-0.00043995
0.00082696
0.00097667
0.00003263
-0.00131980
-0.00111111
0.00012025
0.00079971
0.00032742
0.00025218
0.00069768
0.00068329
0.00022596
0.00050765
0.00079149
0.00075023
0.00066416
0.00066188
0.00057835
-0.00012857
0.00019728
0.00046879
0.00038599
0.00011509
-0.00031476
-0.00063245
-0.00063480
-0.00116718
-0.00197562
-0.00211702
-0.00160284
-0.00171692
-0.00212326
-0.00215991
-0.00205095
-0.00204854
-0.00207725
-0.00205880
-0.00246281
-0.00401445
-0.00342166
-0.00198647
-0.00184273
-0.00201469
-0.00176527
-0.00197047
-0.00215140
-0.00215197
-0.00212765
-0.00146071
-0.00047444
0.00137386
0.00230973
0.00096913
-0.00013439
0.00009109
0.00037180
0.00056469
0.00053024
0.00050195
0.00052993
0.00056476
0.00056480
0.00053372
0.00052805
0.00053657
0.00056257
0.00062258
0.00064354
0.00063527
0.00063305
0.00063388
0.00069842
0.00152306
0.00170412
0.00122180
0.00174734
0.00225320
0.00290626
0.00273172
0.00258450
0.00204877
0.00229138
0.00277491
0.00236973
0.00240846
0.00305833
0.00260883
0.00207338
0.00054277
0.00034472
0.00196423
0.00264320
0.00219960
0.00121286
0.00083942
0.00101469
0.00111740
0.00104193
0.00097589
0.00098742
0.00169871
0.00292449
0.00160079
-0.00037676
-0.00052321
-0.00009032
-0.00024436
-0.00086874
-0.00057303
-0.00042955
-0.00074181
-0.00043535
-0.00031705
-0.00058869
-0.00089499
-0.00139570
-0.00147150
-0.00135341
-0.00131641
-0.00130641
-0.00125656
-0.00119079
-0.00109873
-0.00102628
-0.00096366
-0.00113318
-0.00135269
-0.00094401
-0.00070514
-0.00074252
-0.00077670
-0.00074593
-0.00072747
-0.00073693
-0.00072647
-0.00070770
-0.00073080
-0.00124628
-0.00302287
-0.00352506
-0.00173035
-0.00054363
-0.00076848
-0.00103186
-0.00095790
-0.00088223
-0.00096955
-0.00105784
-0.00135258
-0.00162720
-0.00024351
0.00010795
-0.00123509
-0.00216749
-0.00172455
-0.00135688
-0.00149087
-0.00163073
-0.00163870
-0.00163886
-0.00136671
-0.00052175
-0.00021637
-0.00034690
-0.00039215
-0.00032742
0.00008059
0.00059312
0.00035895
0.00007411
0.00003349
-0.00005600
0.00067117
0.00126627
0.00119668
0.00031244
0.00019594
0.00108597
0.00091607
0.00014871
-0.00023391
-0.00003546
0.00030004
-0.00007306
-0.00035982
-0.00034495
-0.00039915
-0.00128168
-0.00223736
-0.00205343
-0.00076591
-0.00026982
-0.00053897
-0.00051799
-0.00012230
-0.00030381
0.00007786
-0.00011409
0.00020399
0.00030462
0.00102460
0.00197972
0.00136879
-0.00001611
-0.00025823
-0.00044173
-0.00058999
-0.00038780
-0.00048937
0.00018712
0.00051992
0.00017834
-0.00000521
-0.00009170
0.00010291
-0.00004632
-0.00061984
-0.00082336
-0.00045306
0.00022116
-0.00035976
-0.00089357
-0.00099402
-0.00050020
-0.00085159
-0.00151842
-0.00138037
-0.00080140
-0.00071853
-0.00088375
-0.00123805
-0.00025823
0.00047493
0.00007937
0.00010898
0.00036402
0.00036956
0.00020385
-0.00136834
-0.00166401
0.00021430
0.00094754
0.00059209
0.00042664
0.00057514
0.00063845
0.00058687
0.00061507
0.00068171
0.00080271
0.00228475
0.00354638
0.00279287
0.00159754
0.00119934
0.00125903
0.00186316
0.00163356
0.00122066
0.00093209
0.00062210
0.00055620
0.00061759
0.00067999
0.00068235
0.00067186
0.00067586
0.00068101
0.00067976
0.00067777
0.00067810
0.00067876
0.00067459
0.00062077
0.00057366
0.00057407
0.00058288
0.00060472
0.00066370
0.00068545
0.00067689
0.00067398
0.00096594
0.00109798
0.00070622
0.00053007
0.00060220
-0.00007095
-0.00176023
-0.00086079
0.00074829
0.00082199
0.00043839
0.00052715
0.00073055
0.00070064
0.00066890
0.00099815
0.00086141
0.00184922
0.00332161
0.00346938
0.00195832
0.00059588
0.00126384
0.00130356
0.00069085
0.00126786
0.00169216
0.00198183
0.00207057
0.00206123
0.00197757
0.00160743
0.00187883
0.00214343
0.00210685
0.00203273
0.00199565
0.00197925
0.00163592
0.00155247
0.00174164
0.00133928
0.00121973
0.00168056
0.00143974
0.00123959
0.00109258
0.00076469
0.00049158
-0.00001484
-0.00015564
0.00049657
0.00045496
0.00018166
-0.00000000
-0.00094172
-0.00231442
-0.00151034
0.00009725
0.00077097
0.00034983
-0.00013595
-0.00015247
-0.00014925
-0.00043205
-0.00100308
-0.00121773
-0.00079912
0.00068732
0.00122073
-0.00044061
-0.00183898
-0.00153302
-0.00116512
-0.00092699
-0.00094864
-0.00137809
-0.00132369
-0.00097766
-0.00151411
-0.00119923
-0.00068908
-0.00124546
-0.00146444
-0.00082269
-0.00059239
-0.00074352
-0.00077608
-0.00028793
-0.00043495
-0.00078526
-0.00080150
-0.00070970
-0.00071420
-0.00051370
-0.00030242
-0.00065489
-0.00087224
-0.00081959
-0.00079267
-0.00083712
-0.00085192
-0.00078577
-0.00078821
-0.00119886
-0.00141468
-0.00301095
-0.00333783
-0.00191492
-0.00074955
-0.00076149
-0.00095191
-0.00086594
-0.00079717
-0.00106374
-0.00081960
-0.00066040
-0.00070608
0.00007233
0.00112282
0.00044877
-0.00051691
-0.00083116
-0.00070582
-0.00068327
-0.00078230
-0.00086049
-0.00085519
-0.00089487
-0.00130709
-0.00143790
-0.00172884
-0.00187920
-0.00212143
-0.00218065
-0.00208786
-0.00133405
-0.00074745
-0.00116050
-0.00108303
-0.00080576
-0.00076181
-0.00085719
-0.00088080
-0.00079483
-0.00009560
-0.00019722
-0.00083995
-0.00054868
0.00016946
-0.00035629
-0.00042047
0.00014035
0.00032416
0.00016392
-0.00025428
-0.00179038
-0.00132825
0.00044567
0.00083356
0.00045224
0.00040515
0.00057168
0.00064793
0.00063533
0.00062473
0.00063752
0.00112978
0.00273606
0.00301277
0.00115703
0.00021510
0.00051915
0.00070708
0.00012515
-0.00047725
-0.00050595
-0.00021934
0.00025059
0.00022089
0.00015492
0.00047785
0.00060159
0.00053341
0.00050405
0.00053174
0.00063094
0.00100374
0.00072712
0.00046059
0.00049826
0.00056609
0.00055054
0.00058136
0.00063051
0.00063675
0.00062610
0.00053750
0.00015736
0.00005831
-0.00012516
0.00014002
0.00044741
0.00010808
-0.00003508
-0.00067376
-0.00193001
-0.00149635
-0.00030794
0.00008961
-0.00010939
-0.00003562
0.00015171
-0.00002134
-0.00029369
-0.00040994
-0.00057595
-0.00071775
0.00097222
0.00220892
0.00106756
-0.00015888
-0.00005021
-0.00016021
0.00000370
-0.00006953
-0.00022311
-0.00064321
-0.00090639
-0.00028284
0.00052768
0.00000007
-0.00092756
-0.00060391
-0.00048791
-0.00066396
-0.00051469
-0.00076248
-0.00090306
-0.00022302
0.00022171
0.00039008
0.00057096
0.00062851
0.00061207
0.00060485
0.00061112
0.00056449
0.00027258
-0.00020197
-0.00070251
-0.00045150
-0.00014730
-0.00037137
-0.00048185
-0.00107567
-0.00208884
-0.00211847
-0.00036396
0.00074407
0.00021754
-0.00058389
-0.00027993
0.00046208
0.00061900
0.00011910
-0.00048594
-0.00052321
0.00034986
0.00145043
0.00057031
-0.00085720
-0.00107154
-0.00079559
-0.00080485
-0.00092953
-0.00093214
-0.00088688
-0.00088517
-0.00095756
-0.00136404
-0.00113827
-0.00112730
-0.00161879
-0.00221015
-0.00235139
-0.00194996
-0.00175415
-0.00140227
-0.00084345
-0.00105903
-0.00135516
-0.00163419
-0.00155819
-0.00112956
-0.00117217
-0.00133090
-0.00164758
-0.00192408
-0.00190142
-0.00178798
-0.00175497
-0.00171294
-0.00152364
-0.00108873
-0.00185208
-0.00363846
-0.00309148
-0.00133406
-0.00099537
-0.00131555
-0.00121622
-0.00098904
-0.00091891
-0.00085227
-0.00074155
-0.00064446
-0.00046092
0.00077780
0.00139599
0.00026345
-0.00084730
-0.00109826
-0.00055353
0.00007693
0.00015931
0.00011641
0.00021234
0.00035480
0.00042480
0.00047306
0.00050542
0.00054775
0.00060502
0.00061837
0.00074509
0.00158577
0.00209890
0.00204428
0.00194681
0.00197452
0.00200806
0.00199342
0.00197708
0.00199290
0.00204424
0.00203809
0.00198846
0.00196421
0.00196909
0.00179115
0.00151646
0.00184018
0.00203550
0.00195396
0.00111303
-0.00083707
-0.00046795
0.00169708
0.00230534
0.00186011
0.00176376
0.00195413
0.00199153
0.00191617
0.00189406
0.00191416
0.00218657
0.00368688
0.00444740
0.00283492
0.00159668
0.00176717
0.00202787
0.00190316
0.00178605
0.00181970
0.00185426
0.00183350
0.00181097
0.00180830
0.00180651
0.00179735
0.00178753
0.00178021
0.00177300
0.00176471
0.00167337
0.00090892
0.00035454
0.00042486
0.00058141
0.00052001
0.00040647
0.00040174
0.00011570
-0.00002773
-0.00012470
-0.00022079
-0.00046913
-0.00034819
0.00003274
-0.00008869
-0.00062714
-0.00081624
-0.00053717
-0.00148321
-0.00206528
-0.00102940
0.00031569
0.00017349
-0.00050331
-0.00051030
-0.00000134
0.00026195
-0.00051955
-0.00097585
-0.00030273
0.00102596
0.00155665
0.00052673
-0.00066731
-0.00049827
-0.00041965
-0.00078887
-0.00091972
-0.00082820
-0.00078818
-0.00081793
-0.00082757
-0.00081116
-0.00080149
-0.00080137
-0.00079892
-0.00079289
-0.00058434
-0.00038110
-0.00030512
-0.00000487
0.00020235
0.00008179
0.00031449
0.00045570
0.00041739
0.00036070
0.00001575
0.00016995
0.00043668
0.00041511
-0.00020850
-0.00025326
-0.00002565
-0.00009679
0.00016821
0.00041548
-0.00001871
-0.00149293
-0.00117476
0.00031963
0.00064187
0.00030817
0.00026284
0.00039874
0.00041569
0.00036186
0.00034985
0.00036477
0.00068273
0.00196185
0.00242553
0.00132856
0.00026496
0.00022079
0.00041319
0.00035945
0.00026786
0.00027891
0.00030763
0.00029931
0.00028365
0.00028123
0.00028172
0.00027746
0.00027203
0.00026828
0.00026497
0.00026104
0.00025693
0.00025253
-0.00000459
-0.00010952
-0.00018675
-0.00026132
-0.00020881
0.00014814
0.00029154
0.00023127
0.00020235
0.00022596
0.00023256
0.00021869
0.00021057
0.00021003
0.00020757
0.00020139
-0.00041049
-0.00156386
-0.00098927
0.00024458
0.00039263
0.00011301
0.00011920
0.00027181
0.00029521
0.00024465
0.00023335
0.00024637
0.00033409
0.00111532
0.00140368
0.00074835
0.00007562
-0.00019112
-0.00004474
0.00016072
0.00005762
-0.00022129
-0.00038499
-0.00060994
-0.00040906
-0.00012885
-0.00014908
-0.00035906
-0.00036440
0.00005819
0.00018542
0.00009217
0.00006375
0.00021276
0.00039860
0.00054149
0.00075132
0.00070697
0.00086923
0.00093650
0.00089281
0.00086010
0.00085787
0.00084983
0.00067450
0.00027771
0.00044718
0.00045297
0.00008422
-0.00011142
-0.00022594
-0.00111007
-0.00156593
-0.00052094
0.00045522
0.00020321
-0.00029849
-0.00029431
-0.00001007
0.00000077
-0.00009226
-0.00025707
-0.00029741
0.00028311
0.00111134
0.00069657
-0.00011668
-0.00019958
-0.00003334
-0.00041169
-0.00059514
-0.00046240
-0.00042945
-0.00073974
-0.00075479
-0.00063512
-0.00078479
-0.00087041
-0.00083392
-0.00080262
-0.00080769
-0.00080939
-0.00078228
-0.00074097
-0.00072785
-0.00072761
-0.00072107
-0.00071139
-0.00071912
-0.00074264
-0.00074257
-0.00072925
-0.00072053
-0.00075667
-0.00112725
-0.00134388
-0.00112500
-0.00116882
-0.00126772
-0.00124547
-0.00127127
-0.00194797
-0.00207736
-0.00134487
-0.00061479
-0.00047429
-0.00056733
-0.00054823
-0.00048757
-0.00047978
-0.00049021
-0.00048199
-0.00040560
0.00017284
0.00045357
-0.00021753
-0.00058884
-0.00046478
-0.00037326
-0.00042057
-0.00044345
-0.00028419
-0.00028133
-0.00040151
-0.00041674
-0.00037625
-0.00036369
-0.00036773
-0.00036115
-0.00034835
-0.00033928
-0.00033257
-0.00032462
-0.00031584
-0.00030753
-0.00029958
-0.00029153
-0.00021092
-0.00000412
0.00004302
-0.00001388
0.00006627
0.00015568
0.00008317
0.00000106
0.00010528
0.00015670
0.00012993
0.00011255
0.00011276
-0.00012737
-0.00053173
-0.00044011
-0.00008987
-0.00010973
-0.00023426
-0.00022354
-0.00017351
-0.00015700
-0.00015545
-0.00014885
-0.00013912
-0.00004830
0.00029127
0.00038578
0.00000915
-0.00021096
-0.00015212
-0.00010056
-0.00017895
-0.00027965
-0.00035288
-0.00035352
-0.00034016
-0.00037270
-0.00025971
-0.00019557
-0.00020876
-0.00014656
-0.00012139
-0.00013651
-0.00012229
-0.00008799
-0.00005735
-0.00001180
0.00000117
-0.00000064
0.00000359
0.00001555
0.00002737
0.00003155
0.00003384
0.00003781
0.00004199
0.00006040
0.00013975
0.00009800
0.00007255
0.00012292
0.00014773
0.00013848
0.00002904
-0.00000478
0.00014393
0.00021385
0.00018177
0.00016205
0.00017177
0.00017561
0.00016885
0.00016409
0.00016316
0.00016265
0.00021324
0.00027834
0.00024096
0.00013188
0.00011377
0.00014795
0.00015398
0.00014189
0.00013785
0.00013941
0.00014725
0.00015691
0.00013628
0.00010529
0.00010019
0.00007724
0.00006794
0.00009716
0.00009070
0.00009451
0.00007794
0.00006550
0.00006917
0.00007322
0.00007323
0.00008424
0.00008099
0.00007120
0.00008653
0.00011062
0.00011239
0.00010595
0.00010450
0.00010493
0.00010341
0.00010122
0.00010035
0.00008731
0.00005703
0.00007006
0.00009774
0.00009908
0.00008298
0.00006939
0.00007529
0.00007707
0.00007094
0.00006913
0.00007069
0.00007290
0.00008651
0.00008891
0.00007274
0.00006303
0.00006870
0.00007191
0.00006996
0.00006867
0.00006899
0.00006891
0.00006790
0.00006731
0.00006721
0.00006676
0.00006622
0.00006581
0.00006548
0.00006534
0.00006497
0.00006439
0.00006381
0.00006326
0.00006263
0.00006180
0.00006110
0.00006054
0.00005995
0.00005931
0.00005867
0.00005803
0.00005737
0.00005670
0.00005611
0.00005549
0.00005467
0.00005391
0.00005383
0.00005201
0.00004974
0.00004983
0.00005050
0.00005030
0.00004909
0.00004796
0.00004727
0.00004658
0.00004577
0.00004500
0.00004426
0.00004365
0.00004373
0.00004310
0.00004121
0.00003993
0.00003931
0.00003861
0.00003775
0.00003694
0.00003618
0.00003540
0.00003462
0.00003383
0.00003306
0.00003230
0.00003152
0.00003075
0.00002997
0.00002921
0.00002844
0.00002768
0.00002692
0.00002616
0.00002542
0.00002467
0.00002393
0.00002320
0.00002247
0.00002176
0.00002103
0.00002030
0.00001959
0.00001888
0.00001818
0.00001748
0.00001679
0.00001610
0.00001542
0.00001474
0.00001407
0.00001340
0.00001276
0.00001211
0.00001146
0.00001082
0.00001019
0.00000956
0.00000893
0.00000832
0.00000771
0.00000710
0.00000650
0.00000591
0.00000532
0.00000474
0.00000417
0.00000360
0.00000304
0.00000249
0.00000194
0.00000139
0.00000086
0.00000033
-0.00000020
-0.00000071
-0.00000123
-0.00000173
-0.00000223
-0.00000272
-0.00000321
-0.00000369
-0.00000416
