0.00006073
0.00006069
0.00006057
0.00006043
0.00006036
0.00006051
0.00006101
0.00006201
0.00006371
0.00006618
0.00006958
0.00007406
0.00007931
0.00008494
0.00008989
0.00009403
0.00009744
0.00009914
0.00009918
0.00009808
0.00009549
0.00009065
0.00008340
0.00007332
0.00006116
0.00004798
0.00003483
0.00002267
0.00001200
0.00000429
-0.00000013
-0.00000114
-0.00000126
-0.00000133
-0.00000176
-0.00000073
0.00000068
0.00000030
-0.00000041
0.00000013
0.00000331
0.00001032
0.00002112
0.00003475
0.00005304
0.00007660
0.00010874
0.00015001
0.00019543
0.00023982
0.00027862
0.00030848
0.00032877
0.00033648
0.00032769
0.00030698
0.00027594
0.00023049
0.00016984
0.00010205
0.00003778
-0.00001986
-0.00006517
-0.00009138
-0.00009952
-0.00009281
-0.00007443
-0.00004971
-0.00001855
0.00001108
0.00002971
0.00004146
0.00005185
0.00005318
0.00004180
0.00002057
-0.00000698
-0.00003387
-0.00006131
-0.00009271
-0.00012676
-0.00015791
-0.00017643
-0.00018046
-0.00015908
-0.00010744
-0.00003572
0.00005169
0.00014730
0.00024478
0.00034490
0.00042651
0.00047715
0.00049317
0.00046132
0.00038485
0.00027614
0.00014337
0.00000302
-0.00013673
-0.00026339
-0.00035523
-0.00040642
-0.00041661
-0.00039317
-0.00035023
-0.00028481
-0.00020473
-0.00012742
-0.00006521
-0.00002198
0.00000648
0.00004078
0.00007957
0.00010916
0.00012102
0.00011058
0.00010317
0.00011599
0.00017746
0.00028840
0.00041915
0.00053553
0.00063273
0.00070331
0.00075232
0.00077853
0.00077755
0.00074439
0.00067181
0.00055776
0.00041070
0.00024491
0.00005858
-0.00013271
-0.00034320
-0.00059728
-0.00087906
-0.00114593
-0.00134986
-0.00143985
-0.00145579
-0.00138881
-0.00126792
-0.00109930
-0.00088908
-0.00062964
-0.00034228
-0.00007937
0.00013439
0.00026881
0.00027305
0.00015130
-0.00005454
-0.00033661
-0.00064580
-0.00094977
-0.00117887
-0.00136840
-0.00151482
-0.00159349
-0.00164720
-0.00170038
-0.00177383
-0.00187530
-0.00199656
-0.00210607
-0.00215425
-0.00215299
-0.00211092
-0.00202204
-0.00182693
-0.00157033
-0.00123930
-0.00085805
-0.00042000
0.00010928
0.00067687
0.00122696
0.00169443
0.00200645
0.00210727
0.00200127
0.00176981
0.00146696
0.00117749
0.00095745
0.00080723
0.00073245
0.00066941
0.00061665
0.00052521
0.00041157
0.00025471
0.00003476
-0.00023264
-0.00050741
-0.00079764
-0.00117399
-0.00167460
-0.00227857
-0.00289187
-0.00346045
-0.00398069
-0.00445779
-0.00486371
-0.00516851
-0.00532865
-0.00532414
-0.00515529
-0.00482264
-0.00435246
-0.00375772
-0.00308950
-0.00242477
-0.00181710
-0.00122906
-0.00063039
-0.00001204
0.00059650
0.00113683
0.00157595
0.00191072
0.00217994
0.00243454
0.00268354
0.00290223
0.00308715
0.00326740
0.00342728
0.00352935
0.00357485
0.00357805
0.00353566
0.00353836
0.00363569
0.00386347
0.00428030
0.00487891
0.00566738
0.00661124
0.00767888
0.00881715
0.00994232
0.01094563
0.01173368
0.01232998
0.01278795
0.01318524
0.01353420
0.01378113
0.01385324
0.01374313
0.01340728
0.01283034
0.01204536
0.01102755
0.00980018
0.00854336
0.00745602
0.00667478
0.00621483
0.00604141
0.00604968
0.00628776
0.00662043
0.00689042
0.00709198
0.00715417
0.00698210
0.00650405
0.00583981
0.00500340
0.00394253
0.00261503
0.00116023
-0.00024726
-0.00155792
-0.00271303
-0.00348248
-0.00375384
-0.00350027
-0.00269151
-0.00150590
-0.00017017
0.00107098
0.00205454
0.00262204
0.00265834
0.00216805
0.00120765
-0.00006097
-0.00143873
-0.00270474
-0.00373725
-0.00439713
-0.00455374
-0.00407329
-0.00291740
-0.00110844
0.00117974
0.00356184
0.00567321
0.00716998
0.00770211
0.00696418
0.00491109
0.00168117
-0.00242413
-0.00697332
-0.01153911
-0.01572886
-0.01932914
-0.02214694
-0.02404235
-0.02498529
-0.02491564
-0.02392271
-0.02211951
-0.01965177
-0.01680282
-0.01384425
-0.01102925
-0.00857642
-0.00666507
-0.00532647
-0.00448978
-0.00405636
-0.00387581
-0.00372756
-0.00356634
-0.00329007
-0.00280431
-0.00219155
-0.00144778
-0.00064052
0.00024099
0.00124001
0.00222639
0.00302037
0.00359466
0.00379850
0.00352742
0.00271659
0.00145960
-0.00022210
-0.00222699
-0.00422878
-0.00601635
-0.00739413
-0.00812799
-0.00815118
-0.00744147
-0.00597483
-0.00388779
-0.00145773
0.00113060
0.00371533
0.00609826
0.00803270
0.00931989
0.00986975
0.00958508
0.00850217
0.00671329
0.00446710
0.00185845
-0.00085050
-0.00340404
-0.00558979
-0.00740112
-0.00870751
-0.00952194
-0.00987357
-0.00984834
-0.00946632
-0.00872488
-0.00770140
-0.00652345
-0.00508583
-0.00370675
-0.00248356
-0.00151974
-0.00094793
-0.00080496
-0.00104266
-0.00159836
-0.00252591
-0.00362506
-0.00470086
-0.00561649
-0.00627575
-0.00665416
-0.00669443
-0.00648493
-0.00616527
-0.00589086
-0.00571440
-0.00568937
-0.00589660
-0.00638490
-0.00715289
-0.00811305
-0.00922641
-0.01031374
-0.01117758
-0.01166934
-0.01168809
-0.01110644
-0.00998369
-0.00835205
-0.00638564
-0.00424590
-0.00213658
-0.00025391
0.00132460
0.00253389
0.00342740
0.00406141
0.00450232
0.00495032
0.00559279
0.00651133
0.00767292
0.00901450
0.01046884
0.01193754
0.01329736
0.01440020
0.01508984
0.01526407
0.01494008
0.01419293
0.01316472
0.01199492
0.01077896
0.00970192
0.00885622
0.00834073
0.00829563
0.00869771
0.00949389
0.01057678
0.01163687
0.01241420
0.01278054
0.01271611
0.01214241
0.01102106
0.00942323
0.00739513
0.00498004
0.00235809
-0.00036815
-0.00313364
-0.00586990
-0.00851751
-0.01102251
-0.01334775
-0.01549302
-0.01752050
-0.01955848
-0.02162290
-0.02354727
-0.02524302
-0.02655525
-0.02715714
-0.02675371
-0.02527822
-0.02265247
-0.01882564
-0.01395197
-0.00834801
-0.00250707
0.00296467
0.00772823
0.01141910
0.01380079
0.01487542
0.01472058
0.01361641
0.01188861
0.01001114
0.00844619
0.00748157
0.00725778
0.00785985
0.00928955
0.01125588
0.01349534
0.01580014
0.01781344
0.01915320
0.01934946
0.01815486
0.01549824
0.01150982
0.00656593
0.00106042
-0.00444457
-0.00959990
-0.01404830
-0.01750444
-0.01989877
-0.02125101
-0.02166114
-0.02145523
-0.02085532
-0.02010524
-0.01948277
-0.01886270
-0.01821428
-0.01755411
-0.01693818
-0.01626462
-0.01530604
-0.01396018
-0.01199861
-0.00918131
-0.00543830
-0.00091285
0.00436865
0.01010741
0.01587974
0.02119208
0.02565126
0.02904453
0.03098189
0.03134934
0.03025335
0.02798202
0.02486406
0.02120213
0.01737268
0.01370418
0.01060766
0.00825536
0.00672702
0.00584852
0.00550985
0.00540301
0.00509327
0.00418794
0.00234926
-0.00056617
-0.00449155
-0.00914199
-0.01395990
-0.01841395
-0.02198232
-0.02418645
-0.02473798
-0.02354540
-0.02077732
-0.01677769
-0.01199693
-0.00682904
-0.00176004
0.00270557
0.00632247
0.00902502
0.01087043
0.01193562
0.01235139
0.01227012
0.01183912
0.01116223
0.01034770
0.00936160
0.00801150
0.00625461
0.00403178
0.00121824
-0.00211067
-0.00579895
-0.00972723
-0.01361139
-0.01695328
-0.01931907
-0.02048796
-0.02019077
-0.01819482
-0.01455121
-0.00961829
-0.00399625
0.00176464
0.00709040
0.01148701
0.01455049
0.01613277
0.01602798
0.01417390
0.01073349
0.00610710
0.00055485
-0.00553694
-0.01153898
-0.01696739
-0.02147152
-0.02487404
-0.02691511
-0.02747395
-0.02674130
-0.02479378
-0.02200887
-0.01865021
-0.01514035
-0.01156655
-0.00813785
-0.00520554
-0.00295233
-0.00151082
-0.00089487
-0.00091292
-0.00136647
-0.00202965
-0.00254614
-0.00246000
-0.00141727
0.00066459
0.00366370
0.00744315
0.01175784
0.01615345
0.02030699
0.02406388
0.02731515
0.03002464
0.03212661
0.03352736
0.03414660
0.03401368
0.03315633
0.03154614
0.02911842
0.02579748
0.02151579
0.01626283
0.01014043
0.00331725
-0.00388159
-0.01100778
-0.01766032
-0.02356949
-0.02851654
-0.03226993
-0.03457436
-0.03525010
-0.03427417
-0.03183453
-0.02828831
-0.02405869
-0.01950532
-0.01488704
-0.01052245
-0.00666933
-0.00335655
-0.00055163
0.00168579
0.00339090
0.00470846
0.00577023
0.00673535
0.00767360
0.00871164
0.00993078
0.01127054
0.01269517
0.01415341
0.01556357
0.01688625
0.01818698
0.01936205
0.02031066
0.02097332
0.02132166
0.02136476
0.02102616
0.02023685
0.01897434
0.01728402
0.01520353
0.01285104
0.01027276
0.00767968
0.00525338
0.00314579
0.00148001
0.00024737
-0.00075391
-0.00173275
-0.00275601
-0.00397778
-0.00554954
-0.00740132
-0.00960576
-0.01188114
-0.01401498
-0.01587318
-0.01736325
-0.01847547
-0.01920944
-0.01960231
-0.01961016
-0.01928247
-0.01867800
-0.01784133
-0.01671331
-0.01530647
-0.01361016
-0.01158642
-0.00925709
-0.00673097
-0.00407872
-0.00134024
0.00143994
0.00420968
0.00686340
0.00939896
0.01175179
0.01377602
0.01538901
0.01657496
0.01718556
0.01713972
0.01640818
0.01494778
0.01282159
0.01005465
0.00671281
0.00296613
-0.00104952
-0.00509103
-0.00882052
-0.01203565
-0.01464223
-0.01651259
-0.01750060
-0.01755833
-0.01672379
-0.01519373
-0.01335906
-0.01138062
-0.00937210
-0.00753048
-0.00598486
-0.00466178
-0.00336459
-0.00187142
-0.00000819
0.00234120
0.00520983
0.00838254
0.01166967
0.01489435
0.01783283
0.02029829
0.02206437
0.02296777
0.02300263
0.02226020
0.02081947
0.01884165
0.01649724
0.01400507
0.01157420
0.00948410
0.00784988
0.00685626
0.00656397
0.00695752
0.00789525
0.00921454
0.01076298
0.01224354
0.01352147
0.01444301
0.01486724
0.01473962
0.01410126
0.01295913
0.01124702
0.00905706
0.00657482
0.00409070
0.00167480
-0.00039318
-0.00187196
-0.00266150
-0.00284993
-0.00257773
-0.00174681
-0.00056145
0.00091099
0.00263751
0.00431184
0.00564637
0.00674149
0.00762745
0.00814798
0.00830069
0.00817176
0.00757278
0.00657704
0.00531800
0.00383717
0.00223700
0.00064620
-0.00077215
-0.00201602
-0.00310037
-0.00402320
-0.00467286
-0.00513768
-0.00540813
-0.00515978
-0.00417761
-0.00246002
0.00001858
0.00322309
0.00708191
0.01139756
0.01576650
0.01989183
0.02359929
0.02654388
0.02858367
0.02962241
0.02964793
0.02873308
0.02694567
0.02433493
0.02117762
0.01773274
0.01421226
0.01081916
0.00764291
0.00479977
0.00244480
0.00045924
-0.00135613
-0.00306565
-0.00467406
-0.00622447
-0.00761973
-0.00874502
-0.00955041
-0.00998576
-0.00996530
-0.00948060
-0.00863715
-0.00762512
-0.00664923
-0.00586654
-0.00539967
-0.00540253
-0.00594124
-0.00696177
-0.00831686
-0.00981127
-0.01123856
-0.01244482
-0.01334862
-0.01388382
-0.01397873
-0.01356334
-0.01258160
-0.01097744
-0.00878277
-0.00602708
-0.00292413
0.00029887
0.00334216
0.00589023
0.00780544
0.00909543
0.00980544
0.01001915
0.00983760
0.00929411
0.00842727
0.00732966
0.00610289
0.00478120
0.00337220
0.00187936
0.00030794
-0.00130821
-0.00290071
-0.00443720
-0.00587272
-0.00709484
-0.00809990
-0.00887203
-0.00944839
-0.00992125
-0.01026837
-0.01045171
-0.01054898
-0.01057482
-0.01051319
-0.01034900
-0.01006836
-0.00968594
-0.00926508
-0.00888290
-0.00852539
-0.00819731
-0.00784809
-0.00760722
-0.00748580
-0.00753792
-0.00786199
-0.00845787
-0.00914989
-0.00982956
-0.01030444
-0.01046902
-0.01033246
-0.00986462
-0.00910134
-0.00817885
-0.00725524
-0.00629182
-0.00538207
-0.00461343
-0.00417155
-0.00396593
-0.00420983
-0.00494952
-0.00616847
-0.00777672
-0.00967162
-0.01174072
-0.01398295
-0.01628030
-0.01836755
-0.02008646
-0.02137684
-0.02234334
-0.02309492
-0.02381648
-0.02454975
-0.02520823
-0.02575144
-0.02597680
-0.02576446
-0.02495891
-0.02361687
-0.02173076
-0.01950798
-0.01702644
-0.01425385
-0.01119927
-0.00828228
-0.00572133
-0.00353491
-0.00178184
-0.00040849
0.00057823
0.00119630
0.00151286
0.00170293
0.00185040
0.00200326
0.00217466
0.00232966
0.00241658
0.00256130
0.00264942
0.00281301
0.00315888
0.00356013
0.00408057
0.00471951
0.00560032
0.00673302
0.00798016
0.00927516
0.01053067
0.01166445
0.01260813
0.01333458
0.01386801
0.01412166
0.01412296
0.01384322
0.01321796
0.01224179
0.01097658
0.00941441
0.00754751
0.00563729
0.00376221
0.00189133
0.00012438
-0.00138370
-0.00267266
-0.00372885
-0.00455825
-0.00522747
-0.00586120
-0.00649100
-0.00725228
-0.00814165
-0.00901265
-0.00980917
-0.01051210
-0.01093979
-0.01103055
-0.01086567
-0.01027927
-0.00940296
-0.00842833
-0.00721676
-0.00582840
-0.00425156
-0.00246968
-0.00071885
0.00095912
0.00263707
0.00407615
0.00524884
0.00636627
0.00757991
0.00867860
0.00969818
0.01046508
0.01102753
0.01129952
0.01127935
0.01095263
0.01026936
0.00923218
0.00772843
0.00582113
0.00357657
0.00118049
-0.00105696
-0.00306785
-0.00464978
-0.00594089
-0.00705042
-0.00787196
-0.00838871
-0.00866701
-0.00888005
-0.00912666
-0.00947390
-0.00995294
-0.01051602
-0.01103289
-0.01150313
-0.01205468
-0.01271797
-0.01342768
-0.01404390
-0.01452295
-0.01490579
-0.01510336
-0.01498302
-0.01457514
-0.01367937
-0.01214818
-0.01002968
-0.00758472
-0.00495771
-0.00227768
0.00030689
0.00267405
0.00473583
0.00649744
0.00803723
0.00914699
0.00985187
0.01041807
0.01093052
0.01139186
0.01174080
0.01207883
0.01259812
0.01320575
0.01395627
0.01478620
0.01547944
0.01594057
0.01614568
0.01599745
0.01560147
0.01507904
0.01440443
0.01364730
0.01276505
0.01180160
0.01070011
0.00956334
0.00844933
0.00738133
0.00635824
0.00535216
0.00450957
0.00388715
0.00345922
0.00309430
0.00275137
0.00242728
0.00214665
0.00178879
0.00132220
0.00079641
0.00030808
-0.00016924
-0.00057957
-0.00099252
-0.00141377
-0.00175943
-0.00190852
-0.00189253
-0.00169482
-0.00128533
-0.00069703
-0.00000266
0.00084440
0.00178527
0.00281915
0.00380925
0.00467180
0.00539496
0.00601050
0.00645203
0.00676304
0.00690786
0.00679508
0.00656455
0.00631895
0.00597060
0.00549625
0.00493179
0.00437079
0.00399248
0.00381122
0.00370763
0.00359293
0.00336850
0.00292594
0.00220222
0.00122435
0.00013863
-0.00095552
-0.00198572
-0.00291355
-0.00375130
-0.00437098
-0.00474749
-0.00497711
-0.00505199
-0.00492630
-0.00453520
-0.00382118
-0.00278595
-0.00154689
-0.00022005
0.00107832
0.00220909
0.00303917
0.00348103
0.00353099
0.00318102
0.00258225
0.00180941
0.00099337
0.00020348
-0.00059186
-0.00134134
-0.00206775
-0.00272175
-0.00329321
-0.00371382
-0.00398003
-0.00404130
-0.00380667
-0.00336810
-0.00287643
-0.00238559
-0.00199961
-0.00172213
-0.00154172
-0.00130627
-0.00101509
-0.00073518
-0.00043435
-0.00008210
0.00027576
0.00053918
0.00069895
0.00078125
0.00078042
0.00068846
0.00050486
0.00024008
-0.00006582
-0.00034457
-0.00061909
-0.00095020
-0.00134704
-0.00178839
-0.00232991
-0.00303048
-0.00383640
-0.00460080
-0.00532068
-0.00603268
-0.00676912
-0.00755509
-0.00844268
-0.00943081
-0.01036694
-0.01120394
-0.01187654
-0.01230416
-0.01253884
-0.01264094
-0.01262744
-0.01251440
-0.01231553
-0.01205194
-0.01176691
-0.01153843
-0.01138888
-0.01125494
-0.01110192
-0.01090783
-0.01065944
-0.01037980
-0.01012010
-0.00987732
-0.00955680
-0.00900808
-0.00809299
-0.00690219
-0.00559366
-0.00435011
-0.00331507
-0.00245357
-0.00174604
-0.00123956
-0.00087901
-0.00070426
-0.00076495
-0.00097127
-0.00123784
-0.00146368
-0.00154830
-0.00153111
-0.00143171
-0.00128984
-0.00119175
-0.00122280
-0.00127754
-0.00145802
-0.00163794
-0.00186225
-0.00215667
-0.00247892
-0.00281564
-0.00327486
-0.00369125
-0.00404633
-0.00427543
-0.00442893
-0.00453236
-0.00456571
-0.00452060
-0.00436156
-0.00406485
-0.00361524
-0.00306038
-0.00251072
-0.00198519
-0.00139288
-0.00088994
-0.00054633
-0.00028983
-0.00008754
0.00004955
0.00011469
0.00023982
0.00039768
0.00050601
0.00061338
0.00081047
0.00116907
0.00173515
0.00250077
0.00335566
0.00420824
0.00502121
0.00568405
0.00610563
0.00633840
0.00644777
0.00647186
0.00644297
0.00638330
0.00630947
0.00624871
0.00622874
0.00628809
0.00646607
0.00679555
0.00727479
0.00784229
0.00834585
0.00863466
0.00869576
0.00859831
0.00840824
0.00823717
0.00814397
0.00809116
0.00804937
0.00797900
0.00788767
0.00791107
0.00802579
0.00823258
0.00852675
0.00885068
0.00915176
0.00948543
0.00984261
0.01015880
0.01038996
0.01061630
0.01079169
0.01072503
0.01046361
0.01022509
0.01024076
0.01056672
0.01103633
0.01143828
0.01167427
0.01176256
0.01166580
0.01136730
0.01090573
0.01038969
0.00998176
0.00968477
0.00938646
0.00922235
0.00912188
0.00903532
0.00895701
0.00888111
0.00882084
0.00882198
0.00892139
0.00898809
0.00902124
0.00903818
0.00903291
0.00901222
0.00899045
0.00899183
0.00904351
0.00917121
0.00938698
0.00967606
0.00998079
0.01017802
0.01011480
0.00990655
0.00967103
0.00946517
0.00928715
0.00908531
0.00882768
0.00848744
0.00807267
0.00763735
0.00716491
0.00663782
0.00611973
0.00560545
0.00507611
0.00446373
0.00370250
0.00282225
0.00185405
0.00086404
-0.00010078
-0.00108636
-0.00206425
-0.00308020
-0.00415827
-0.00524083
-0.00631814
-0.00732159
-0.00818336
-0.00892673
-0.00951282
-0.01001192
-0.01053232
-0.01107759
-0.01156742
-0.01191065
-0.01203023
-0.01182422
-0.01134543
-0.01067315
-0.00992545
-0.00911188
-0.00820516
-0.00725664
-0.00619554
-0.00494101
-0.00360748
-0.00240069
-0.00134407
-0.00046873
0.00023374
0.00082431
0.00131566
0.00181957
0.00234982
0.00283983
0.00334124
0.00382344
0.00437627
0.00501981
0.00566581
0.00614340
0.00641182
0.00654591
0.00657029
0.00650791
0.00639073
0.00626526
0.00615546
0.00590261
0.00556041
0.00504455
0.00445086
0.00384097
0.00315051
0.00241353
0.00175754
0.00125148
0.00084390
0.00055129
0.00042831
0.00037684
0.00028190
0.00006004
-0.00034363
-0.00075821
-0.00105719
-0.00123584
-0.00129728
-0.00121722
-0.00098813
-0.00062926
-0.00020688
0.00016310
0.00045941
0.00082226
0.00127905
0.00174180
0.00220011
0.00264206
0.00309028
0.00357197
0.00403475
0.00445413
0.00485492
0.00518562
0.00542193
0.00562767
0.00580885
0.00595002
0.00610453
0.00632188
0.00648731
0.00655770
0.00658754
0.00659817
0.00659995
0.00661284
0.00665241
0.00666333
0.00646041
0.00602940
0.00537165
0.00455701
0.00373605
0.00297878
0.00228010
0.00158639
0.00089178
0.00012070
-0.00067933
-0.00137301
-0.00192366
-0.00230420
-0.00242876
-0.00233547
-0.00204853
-0.00162083
-0.00114645
-0.00058327
-0.00020477
-0.00010269
-0.00019075
-0.00044359
-0.00075942
-0.00099216
-0.00117012
-0.00127429
-0.00126346
-0.00109606
-0.00075292
-0.00024484
0.00037253
0.00096979
0.00148236
0.00178236
0.00186310
0.00188259
0.00184508
0.00173715
0.00156952
0.00135076
0.00109493
0.00086552
0.00076113
0.00077646
0.00099326
0.00143604
0.00200256
0.00265641
0.00334194
0.00402283
0.00464982
0.00519356
0.00561968
0.00595000
0.00622601
0.00641391
0.00645267
0.00639295
0.00635296
0.00644882
0.00671177
0.00703702
0.00737066
0.00770389
0.00795148
0.00808659
0.00816883
0.00813577
0.00789250
0.00749133
0.00699915
0.00644545
0.00582745
0.00518302
0.00447640
0.00371376
0.00284136
0.00195094
0.00116524
0.00039587
-0.00033808
-0.00106286
-0.00175770
-0.00251438
-0.00348827
-0.00467085
-0.00593477
-0.00716824
-0.00846307
-0.00968435
-0.01092480
-0.01208995
-0.01308951
-0.01390105
-0.01452546
-0.01503469
-0.01539662
-0.01572235
-0.01604786
-0.01633145
-0.01648083
-0.01657251
-0.01663298
-0.01666290
-0.01665841
-0.01660357
-0.01649405
-0.01631254
-0.01605300
-0.01574229
-0.01543594
-0.01506550
-0.01458338
-0.01401722
-0.01345019
-0.01288328
-0.01237937
-0.01197635
-0.01171244
-0.01169431
-0.01192188
-0.01230983
-0.01274207
-0.01317073
-0.01354270
-0.01372778
-0.01369168
-0.01346890
-0.01310168
-0.01268064
-0.01224647
-0.01181056
-0.01145302
-0.01121415
-0.01105993
-0.01100074
-0.01097302
-0.01089388
-0.01082425
-0.01083505
-0.01101053
-0.01134905
-0.01169392
-0.01193476
-0.01201757
-0.01192198
-0.01174916
-0.01157102
-0.01133282
-0.01103420
-0.01070274
-0.01039517
-0.01015123
-0.00987542
-0.00952238
-0.00908964
-0.00861843
-0.00816565
-0.00768799
-0.00717762
-0.00653287
-0.00573844
-0.00483190
-0.00379733
-0.00279098
-0.00193188
-0.00126933
-0.00080365
-0.00062713
-0.00068335
-0.00092279
-0.00129337
-0.00170822
-0.00226870
-0.00299627
-0.00382293
-0.00456944
-0.00514421
-0.00555266
-0.00586500
-0.00612578
-0.00634064
-0.00650646
-0.00674755
-0.00700511
-0.00730359
-0.00766602
-0.00804363
-0.00833828
-0.00856789
-0.00873740
-0.00879440
-0.00868097
-0.00850308
-0.00826923
-0.00793141
-0.00749909
-0.00701265
-0.00644417
-0.00576509
-0.00506649
-0.00452932
-0.00417796
-0.00395477
-0.00373971
-0.00348559
-0.00326456
-0.00315626
-0.00315492
-0.00320985
-0.00328237
-0.00330358
-0.00318940
-0.00294431
-0.00262752
-0.00221681
-0.00176905
-0.00141608
-0.00126656
-0.00134738
-0.00161847
-0.00198567
-0.00241838
-0.00280887
-0.00307175
-0.00321299
-0.00329389
-0.00345383
-0.00365511
-0.00384876
-0.00401126
-0.00422892
-0.00454476
-0.00496206
-0.00544694
-0.00595292
-0.00653087
-0.00712087
-0.00762555
-0.00803554
-0.00829613
-0.00845121
-0.00850185
-0.00842035
-0.00818485
-0.00779362
-0.00728001
-0.00674534
-0.00638362
-0.00622120
-0.00612371
-0.00598913
-0.00569282
-0.00515307
-0.00456334
-0.00395518
-0.00327286
-0.00260624
-0.00191247
-0.00124045
-0.00058393
0.00001686
0.00057730
0.00105543
0.00148394
0.00185164
0.00205778
0.00213975
0.00212333
0.00200274
0.00178127
0.00148637
0.00118266
0.00097172
0.00083925
0.00073652
0.00063604
0.00050988
0.00032896
0.00008401
-0.00019055
-0.00041746
-0.00060250
-0.00078604
-0.00098061
-0.00118458
-0.00136667
-0.00144169
-0.00129917
-0.00095551
-0.00052411
-0.00008032
0.00033640
0.00070079
0.00106218
0.00141801
0.00172370
0.00198909
0.00229196
0.00265014
0.00303349
0.00346345
0.00402209
0.00470307
0.00540678
0.00602546
0.00653871
0.00695873
0.00726989
0.00758976
0.00798355
0.00846037
0.00896419
0.00939734
0.00973431
0.00992526
0.01003478
0.01010450
0.01016644
0.01026030
0.01040632
0.01060367
0.01080324
0.01094424
0.01111199
0.01116119
0.01114629
0.01112799
0.01115466
0.01127907
0.01132409
0.01134298
0.01135218
0.01134700
0.01134074
0.01135168
0.01140057
0.01148863
0.01160793
0.01175129
0.01188501
0.01193320
0.01181384
0.01163328
0.01155879
0.01175760
0.01207183
0.01242995
0.01291018
0.01351080
0.01414335
0.01463937
0.01493599
0.01509837
0.01517302
0.01518213
0.01515246
0.01510785
0.01506562
0.01503773
0.01503192
0.01504083
0.01505285
0.01505505
0.01503148
0.01496735
0.01485080
0.01467069
0.01442740
0.01415552
0.01391778
0.01368311
0.01337635
0.01295316
0.01240378
0.01177830
0.01109126
0.01037679
0.00966179
0.00900260
0.00843537
0.00800470
0.00771118
0.00752081
0.00731475
0.00706585
0.00687184
0.00676013
0.00667775
0.00661574
0.00657683
0.00656128
0.00657648
0.00663214
0.00673992
0.00690350
0.00711122
0.00732012
0.00745574
0.00750509
0.00756878
0.00773536
0.00798930
0.00825874
0.00855383
0.00881463
0.00892936
0.00885423
0.00865576
0.00841046
0.00819393
0.00795776
0.00769822
0.00744475
0.00724567
0.00719509
0.00735372
0.00761119
0.00783366
0.00790608
0.00784909
0.00766785
0.00738910
0.00710977
0.00691409
0.00675962
0.00663845
0.00656462
0.00654644
0.00661272
0.00679443
0.00712407
0.00760218
0.00816596
0.00866649
0.00909725
0.00936033
0.00949999
0.00952493
0.00942260
0.00919704
0.00886240
0.00846666
0.00811410
0.00796032
0.00795567
0.00787555
0.00773768
0.00753431
0.00726503
0.00700515
0.00686547
0.00678136
0.00672299
0.00667117
0.00658515
0.00643384
0.00619980
0.00590303
0.00561870
0.00546321
0.00538941
0.00538919
0.00544467
0.00551321
0.00553461
0.00547893
0.00551358
0.00557632
0.00563530
0.00564453
0.00553829
0.00542427
0.00526470
0.00502249
0.00471051
0.00437835
0.00411349
0.00386797
0.00360398
0.00332612
0.00308228
0.00293761
0.00281839
0.00264496
0.00235794
0.00190825
0.00130016
0.00060286
-0.00017172
-0.00092713
-0.00161767
-0.00230355
-0.00297518
-0.00369950
-0.00446764
-0.00514986
-0.00569118
-0.00611400
-0.00637115
-0.00654383
-0.00672537
-0.00698082
-0.00735809
-0.00784629
-0.00837048
-0.00892353
-0.00944159
-0.00993014
-0.01034705
-0.01057298
-0.01058298
-0.01039710
-0.01003065
-0.00953720
-0.00903092
-0.00857476
-0.00824260
-0.00816631
-0.00837336
-0.00881115
-0.00938466
-0.00990964
-0.01024391
-0.01038618
-0.01036180
-0.01019869
-0.00995894
-0.00974275
-0.00967961
-0.00978545
-0.00998804
-0.01019581
-0.01039713
-0.01061406
-0.01083465
-0.01103338
-0.01114987
-0.01111026
-0.01096499
-0.01085496
-0.01093160
-0.01122213
-0.01165972
-0.01212297
-0.01248758
-0.01276735
-0.01302739
-0.01329513
-0.01358257
-0.01386870
-0.01407980
-0.01418055
-0.01421088
-0.01418133
-0.01410341
-0.01400146
-0.01390320
-0.01385801
-0.01391814
-0.01403635
-0.01411824
-0.01418664
-0.01422691
-0.01420970
-0.01410418
-0.01387664
-0.01351420
-0.01304642
-0.01256146
-0.01212557
-0.01175727
-0.01149974
-0.01127687
-0.01104764
-0.01079045
-0.01051651
-0.01030042
-0.01019684
-0.01013187
-0.01004766
-0.00989519
-0.00962810
-0.00921309
-0.00866998
-0.00810673
-0.00767741
-0.00740863
-0.00722988
-0.00712131
-0.00706804
-0.00705572
-0.00708330
-0.00715996
-0.00730030
-0.00750976
-0.00776999
-0.00802190
-0.00814799
-0.00800365
-0.00765458
-0.00719058
-0.00675131
-0.00638090
-0.00619037
-0.00612084
-0.00613805
-0.00618373
-0.00619005
-0.00630015
-0.00640588
-0.00640887
-0.00620659
-0.00570798
-0.00507249
-0.00431083
-0.00354761
-0.00286026
-0.00243317
-0.00231616
-0.00237591
-0.00250203
-0.00256586
-0.00260947
-0.00243856
-0.00209194
-0.00169012
-0.00121382
-0.00071427
-0.00031129
-0.00001666
0.00012858
0.00005006
-0.00013391
-0.00027016
-0.00036674
-0.00043501
-0.00047294
-0.00049686
-0.00052563
-0.00056660
-0.00062477
-0.00068220
-0.00071160
-0.00066910
-0.00052108
-0.00040651
-0.00035438
-0.00036156
-0.00028993
-0.00012637
0.00009948
0.00034904
0.00053190
0.00064677
0.00072977
0.00079636
0.00086076
0.00093639
0.00101355
0.00108133
0.00110502
0.00104276
0.00098729
0.00098323
0.00099577
0.00099795
0.00097025
0.00102800
0.00121991
0.00149184
0.00175629
0.00188255
0.00183510
0.00162879
0.00129577
0.00092885
0.00056646
0.00020605
-0.00008675
-0.00020600
-0.00011221
0.00012443
0.00041706
0.00063171
0.00067749
0.00056687
0.00030575
-0.00005381
-0.00039510
-0.00062914
-0.00074175
-0.00078243
-0.00082958
-0.00084097
-0.00078518
-0.00062657
-0.00042183
-0.00028081
-0.00020251
-0.00024279
-0.00047610
-0.00085258
-0.00124669
-0.00160143
-0.00183465
-0.00197884
-0.00202554
-0.00196639
-0.00180868
-0.00157101
-0.00131434
-0.00113372
-0.00110734
-0.00116907
-0.00126235
-0.00130676
-0.00125112
-0.00122415
-0.00129897
-0.00139689
-0.00145624
-0.00138995
-0.00114542
-0.00080161
-0.00036349
-0.00003139
0.00013949
0.00021198
0.00019804
0.00012857
0.00007310
0.00012080
0.00034520
0.00080648
0.00151064
0.00236454
0.00315198
0.00373375
0.00407213
0.00424236
0.00429883
0.00429959
0.00431787
0.00442040
0.00465558
0.00503432
0.00550240
0.00594855
0.00640700
0.00681051
0.00703592
0.00714822
0.00715903
0.00706218
0.00686622
0.00658759
0.00628172
0.00603748
0.00576198
0.00543037
0.00506519
0.00473143
0.00456279
0.00453900
0.00464356
0.00466573
0.00459821
0.00441217
0.00407413
0.00364642
0.00323558
0.00280902
0.00244444
0.00227522
0.00225132
0.00236600
0.00260883
0.00294710
0.00328187
0.00349739
0.00364217
0.00372230
0.00374429
0.00372657
0.00368306
0.00363352
0.00359666
0.00359999
0.00368643
0.00388231
0.00421242
0.00466796
0.00516636
0.00556803
0.00586475
0.00599867
0.00606630
0.00594870
0.00577104
0.00566755
0.00558207
0.00572491
0.00605127
0.00649353
0.00694178
0.00735595
0.00764381
0.00765464
0.00740658
0.00698259
0.00649174
0.00595763
0.00546302
0.00516093
0.00508496
0.00525514
0.00549490
0.00556763
0.00536503
0.00482397
0.00411406
0.00337611
0.00266892
0.00198911
0.00141996
0.00112836
0.00113551
0.00128800
0.00140994
0.00146719
0.00142475
0.00126234
0.00100178
0.00072105
0.00053700
0.00042693
0.00037063
0.00036501
0.00038971
0.00042510
0.00044185
0.00043796
0.00057748
0.00089218
0.00135394
0.00189374
0.00234586
0.00265016
0.00286912
0.00305203
0.00322773
0.00342457
0.00365043
0.00385754
0.00396556
0.00403032
0.00411605
0.00425628
0.00432122
0.00430586
0.00422441
0.00407222
0.00386971
0.00367262
0.00356050
0.00346169
0.00330677
0.00320275
0.00311746
0.00299796
0.00282440
0.00258829
0.00231883
0.00207282
0.00176352
0.00134911
0.00101583
0.00083447
0.00071151
0.00059275
0.00060533
0.00072172
0.00086687
0.00096259
0.00091471
0.00078676
0.00051925
0.00022442
-0.00006800
-0.00032511
-0.00044029
-0.00030043
0.00004271
0.00044649
0.00071391
0.00076069
0.00069026
0.00061044
0.00049888
0.00035698
0.00021733
0.00010666
0.00005034
0.00009673
0.00028279
0.00045586
0.00058776
0.00065672
0.00059461
0.00036201
0.00010119
-0.00013060
-0.00028753
-0.00043071
-0.00048522
-0.00048929
-0.00036540
-0.00016449
-0.00000927
0.00013879
0.00014317
-0.00000611
-0.00027073
-0.00058031
-0.00081660
-0.00097438
-0.00104584
-0.00100983
-0.00085111
-0.00056339
-0.00017947
0.00020558
0.00045250
0.00053445
0.00043476
0.00030623
0.00019153
0.00010835
-0.00004980
-0.00025279
-0.00041944
-0.00045423
-0.00023225
0.00020207
0.00072761
0.00114868
0.00134564
0.00134406
0.00117204
0.00089607
0.00064266
0.00041062
0.00020107
0.00004906
-0.00000023
0.00009620
0.00022002
0.00038496
0.00061703
0.00089904
0.00118674
0.00138428
0.00136194
0.00114579
0.00080893
0.00045141
0.00007795
-0.00027305
-0.00049425
-0.00046113
-0.00021604
0.00014492
0.00047236
0.00054015
0.00027668
-0.00019423
-0.00082156
-0.00148728
-0.00211227
-0.00255401
-0.00275493
-0.00267059
-0.00241815
-0.00218202
-0.00201485
-0.00199341
-0.00221753
-0.00273843
-0.00336309
-0.00396542
-0.00451379
-0.00490416
-0.00515248
-0.00529018
-0.00531559
-0.00523472
-0.00522449
-0.00532854
-0.00552958
-0.00579551
-0.00606095
-0.00638550
-0.00680641
-0.00730851
-0.00781316
-0.00817477
-0.00834096
-0.00824258
-0.00796200
-0.00763412
-0.00729825
-0.00718634
-0.00725224
-0.00736637
-0.00739776
-0.00734961
-0.00743099
-0.00769201
-0.00798474
-0.00812081
-0.00804576
-0.00788637
-0.00779770
-0.00778988
-0.00788163
-0.00809549
-0.00841162
-0.00874715
-0.00896998
-0.00907743
-0.00907043
-0.00893734
-0.00869923
-0.00840818
-0.00816989
-0.00811790
-0.00824521
-0.00850581
-0.00881877
-0.00904063
-0.00914677
-0.00910455
-0.00887551
-0.00845316
-0.00788606
-0.00731006
-0.00692995
-0.00667543
-0.00647824
-0.00629453
-0.00608290
-0.00583504
-0.00556141
-0.00516256
-0.00473920
-0.00432428
-0.00395820
-0.00359613
-0.00320320
-0.00280321
-0.00246271
-0.00213537
-0.00179914
-0.00150892
-0.00134842
-0.00127612
-0.00123026
-0.00117774
-0.00107576
-0.00088976
-0.00060460
-0.00025429
0.00008529
0.00044570
0.00083081
0.00117203
0.00136932
0.00145754
0.00147737
0.00145127
0.00142020
0.00142914
0.00151545
0.00171569
0.00204812
0.00247528
0.00292721
0.00345620
0.00380258
0.00387957
0.00377105
0.00351414
0.00321214
0.00300969
0.00289583
0.00289260
0.00303160
0.00330376
0.00367180
0.00403255
0.00426197
0.00438456
0.00438210
0.00421654
0.00388129
0.00339406
0.00284547
0.00239244
0.00204656
0.00170157
0.00153839
0.00152216
0.00164435
0.00193376
0.00236133
0.00287202
0.00332615
0.00351053
0.00337080
0.00304150
0.00267478
0.00227919
0.00197184
0.00191585
0.00207386
0.00241323
0.00283209
0.00318058
0.00345169
0.00356402
0.00342589
0.00318644
0.00299392
0.00281174
0.00266680
0.00261930
0.00271125
0.00296999
0.00318649
0.00335297
0.00340297
0.00322796
0.00298666
0.00283590
0.00276242
0.00278322
0.00272687
0.00261295
0.00245338
0.00225431
0.00208773
0.00206344
0.00227260
0.00262143
0.00300040
0.00327500
0.00339308
0.00330803
0.00315472
0.00303756
0.00292160
0.00282372
0.00276867
0.00277477
0.00287338
0.00308174
0.00338783
0.00374199
0.00404438
0.00420178
0.00423974
0.00415250
0.00395413
0.00369510
0.00346664
0.00334053
0.00323809
0.00317143
0.00328283
0.00352091
0.00382822
0.00411350
0.00427596
0.00433744
0.00428351
0.00410240
0.00381670
0.00349083
0.00319005
0.00291430
0.00284400
0.00300454
0.00336308
0.00375408
0.00409883
0.00430306
0.00437968
0.00432860
0.00414492
0.00386446
0.00354130
0.00323203
0.00291151
0.00272910
0.00269523
0.00278268
0.00285212
0.00291683
0.00297478
0.00298802
0.00293730
0.00280629
0.00259598
0.00232480
0.00203730
0.00182590
0.00177229
0.00181932
0.00191853
0.00199309
0.00199822
0.00197457
0.00184684
0.00167672
0.00143462
0.00123515
0.00106504
0.00092159
0.00084724
0.00088044
0.00100938
0.00108604
0.00113474
0.00113329
0.00104591
0.00085779
0.00056895
0.00020651
-0.00014797
-0.00040786
-0.00060167
-0.00071660
-0.00071169
-0.00061136
-0.00055994
-0.00052374
-0.00048525
-0.00044564
-0.00039361
-0.00031207
-0.00018828
-0.00003397
0.00011271
0.00016127
0.00003004
-0.00015061
-0.00025636
-0.00035839
-0.00045326
-0.00052889
-0.00058163
-0.00060360
-0.00057261
-0.00049071
-0.00055673
-0.00073708
-0.00099564
-0.00127437
-0.00145499
-0.00158840
-0.00167181
-0.00169144
-0.00164158
-0.00152162
-0.00133939
-0.00112439
-0.00093319
-0.00086860
-0.00104094
-0.00133036
-0.00161115
-0.00192053
-0.00221963
-0.00239618
-0.00233035
-0.00211672
-0.00186049
-0.00168881
-0.00156281
-0.00148090
-0.00145415
-0.00147050
-0.00151743
-0.00157311
-0.00161551
-0.00163022
-0.00160438
-0.00151222
-0.00133569
-0.00107729
-0.00078478
-0.00054791
-0.00049243
-0.00060926
-0.00086077
-0.00117682
-0.00143247
-0.00163028
-0.00176357
-0.00181194
-0.00175933
-0.00157971
-0.00127320
-0.00087300
-0.00046923
-0.00020763
-0.00012585
-0.00027628
-0.00068608
-0.00116715
-0.00160171
-0.00182889
-0.00179785
-0.00165470
-0.00141307
-0.00112207
-0.00090597
-0.00089279
-0.00105222
-0.00129837
-0.00151962
-0.00171257
-0.00186746
-0.00194641
-0.00191334
-0.00174576
-0.00156530
-0.00145240
-0.00142941
-0.00156374
-0.00189457
-0.00227908
-0.00257431
-0.00278388
-0.00291993
-0.00296379
-0.00290107
-0.00272386
-0.00242702
-0.00202683
-0.00159315
-0.00125276
-0.00106409
-0.00104445
-0.00110772
-0.00121461
-0.00139295
-0.00162975
-0.00188420
-0.00207378
-0.00208292
-0.00186290
-0.00149359
-0.00107865
-0.00069336
-0.00037866
-0.00024398
-0.00032970
-0.00053939
-0.00076302
-0.00093692
-0.00107134
-0.00114579
-0.00113521
-0.00102508
-0.00080745
-0.00049612
-0.00014130
0.00015509
0.00032489
0.00040053
0.00038234
0.00027024
0.00008885
-0.00011714
-0.00026883
-0.00025667
-0.00000852
0.00036327
0.00076534
0.00119352
0.00154187
0.00169903
0.00170074
0.00155368
0.00127667
0.00092280
0.00060336
0.00043644
0.00040382
0.00051808
0.00078674
0.00117215
0.00158375
0.00188375
0.00210850
0.00222704
0.00221240
0.00224378
0.00227299
0.00228765
0.00247350
0.00277983
0.00331883
0.00393059
0.00457251
0.00511928
0.00552704
0.00569555
0.00566465
0.00547296
0.00515824
0.00483193
0.00462394
0.00450626
0.00447736
0.00455131
0.00470866
0.00492106
0.00512397
0.00522204
0.00509580
0.00480267
0.00444023
0.00398890
0.00348143
0.00302358
0.00259526
0.00222169
0.00198206
0.00182953
0.00172112
0.00164840
0.00160684
0.00161584
0.00168640
0.00168410
0.00154026
0.00128030
0.00093652
0.00059253
0.00025122
-0.00010156
-0.00041627
-0.00060599
-0.00069314
-0.00075052
-0.00082230
-0.00094456
-0.00114675
-0.00142597
-0.00173096
-0.00195906
-0.00209961
-0.00218388
-0.00221991
-0.00221834
-0.00219817
-0.00217757
-0.00217664
-0.00221131
-0.00229469
-0.00242760
-0.00259262
-0.00275155
-0.00294127
-0.00319412
-0.00337428
-0.00342411
-0.00339566
-0.00331051
-0.00321062
-0.00316651
-0.00326353
-0.00348186
-0.00373533
-0.00404411
-0.00435893
-0.00456218
-0.00455986
-0.00439333
-0.00410863
-0.00378896
-0.00353430
-0.00332380
-0.00319237
-0.00319166
-0.00330902
-0.00340147
-0.00350010
-0.00360263
-0.00368342
-0.00372019
-0.00368111
-0.00353166
-0.00324480
-0.00281950
-0.00230733
-0.00184281
-0.00163919
-0.00173582
-0.00199060
-0.00224847
-0.00251105
-0.00269653
-0.00267667
-0.00234918
-0.00187661
-0.00146010
-0.00116806
-0.00115682
-0.00138866
-0.00180371
-0.00226593
-0.00257593
-0.00288432
-0.00310312
-0.00324271
-0.00320410
-0.00300701
-0.00273262
-0.00246210
-0.00233709
-0.00234879
-0.00247367
-0.00266738
-0.00286268
-0.00311562
-0.00330899
-0.00342348
-0.00346759
-0.00341426
-0.00324901
-0.00296379
-0.00258447
-0.00218673
-0.00190099
-0.00175069
-0.00176204
-0.00184326
-0.00194212
-0.00207307
-0.00221382
-0.00233097
-0.00238202
-0.00230791
-0.00205802
-0.00172555
-0.00138962
-0.00110901
-0.00100777
-0.00109907
-0.00131299
-0.00155149
-0.00166651
-0.00160715
-0.00139336
-0.00106957
-0.00073825
-0.00043005
-0.00015289
0.00002859
0.00002821
-0.00015388
-0.00038896
-0.00062757
-0.00090419
-0.00119461
-0.00143004
-0.00150322
-0.00137629
-0.00113717
-0.00088349
-0.00066746
-0.00047229
-0.00032193
-0.00025989
-0.00032759
-0.00046852
-0.00058203
-0.00067781
-0.00072789
-0.00069773
-0.00055508
-0.00027081
0.00014267
0.00063184
0.00105082
0.00123163
0.00117884
0.00103952
0.00092359
0.00081539
0.00074787
0.00076653
0.00089679
0.00115251
0.00151242
0.00191098
0.00227598
0.00264648
0.00299489
0.00322935
0.00328632
0.00323595
0.00312479
0.00302408
0.00300687
0.00294874
0.00297315
0.00316340
0.00337840
0.00366899
0.00383187
0.00382325
0.00360999
0.00335982
0.00306795
0.00278829
0.00266450
0.00282953
0.00320325
0.00365815
0.00401824
0.00419986
0.00407724
0.00373039
0.00330189
0.00297484
0.00281209
0.00269100
0.00254171
0.00246901
0.00257994
0.00280595
0.00305427
0.00321425
0.00330497
0.00334624
0.00334780
0.00331976
0.00329444
0.00330866
0.00338715
0.00354119
0.00375246
0.00395935
0.00407855
0.00418437
0.00434958
0.00445161
0.00450411
0.00453861
0.00455813
0.00456704
0.00456747
0.00456024
0.00454555
0.00452440
0.00450157
0.00448576
0.00449098
0.00453280
0.00462506
0.00477119
0.00495498
0.00512093
0.00518063
0.00503129
0.00470503
0.00433601
0.00397151
0.00366258
0.00353850
0.00361971
0.00384398
0.00412296
0.00431758
0.00436840
0.00426772
0.00400772
0.00363252
0.00324238
0.00287314
0.00254714
0.00235326
0.00239441
0.00264940
0.00299841
0.00328875
0.00343509
0.00339847
0.00324506
0.00300809
0.00267622
0.00230899
0.00200899
0.00182417
0.00170853
0.00165104
0.00164435
0.00167775
0.00173331
0.00178262
0.00179207
0.00172354
0.00153015
0.00117147
0.00064341
0.00001242
-0.00056873
-0.00095115
-0.00112561
-0.00114649
-0.00105049
-0.00089999
-0.00080110
-0.00088448
-0.00118322
-0.00157441
-0.00197452
-0.00233804
-0.00254183
-0.00251781
-0.00232382
-0.00203190
-0.00176848
-0.00162803
-0.00162492
-0.00179308
-0.00214457
-0.00263885
-0.00317856
-0.00363711
-0.00398041
-0.00415237
-0.00423605
-0.00429875
-0.00433638
-0.00423159
-0.00404552
-0.00383593
-0.00367235
-0.00368687
-0.00398385
-0.00448171
-0.00504131
-0.00548683
-0.00576229
-0.00590603
-0.00589339
-0.00572105
-0.00542011
-0.00504968
-0.00473117
-0.00458045
-0.00457286
-0.00471396
-0.00499336
-0.00535092
-0.00567449
-0.00585590
-0.00591342
-0.00583159
-0.00559859
-0.00524128
-0.00483630
-0.00450388
-0.00421194
-0.00399369
-0.00393150
-0.00409935
-0.00435439
-0.00455148
-0.00471686
-0.00480999
-0.00478749
-0.00461487
-0.00427231
-0.00377686
-0.00321722
-0.00276278
-0.00245520
-0.00241897
-0.00259122
-0.00289603
-0.00322914
-0.00340329
-0.00341906
-0.00325636
-0.00291301
-0.00245664
-0.00201275
-0.00159916
-0.00129310
-0.00121996
-0.00135219
-0.00163075
-0.00197480
-0.00225189
-0.00244505
-0.00252994
-0.00247194
-0.00223886
-0.00183134
-0.00129805
-0.00076166
-0.00042780
-0.00039848
-0.00060277
-0.00092327
-0.00119541
-0.00135363
-0.00134009
-0.00125440
-0.00108144
-0.00080055
-0.00045073
-0.00010475
0.00012457
0.00025636
0.00031751
0.00030732
0.00024225
0.00014882
0.00005950
0.00002376
0.00008615
0.00015604
0.00019193
0.00023083
0.00028536
0.00037289
0.00051241
0.00071324
0.00095907
0.00119124
0.00131290
0.00133266
0.00132703
0.00135261
0.00134479
0.00132182
0.00138182
0.00146656
0.00154796
0.00154419
0.00141138
0.00120435
0.00099938
0.00091604
0.00098337
0.00116824
0.00141771
0.00162406
0.00176340
0.00186084
0.00191699
0.00193891
0.00193789
0.00192478
0.00190614
0.00188555
0.00186365
0.00184203
0.00182385
0.00180949
0.00179354
0.00177575
0.00175871
0.00174824
0.00174549
0.00174459
0.00174054
0.00172881
0.00170528
0.00167048
0.00163076
0.00159493
0.00157880
0.00160949
0.00170677
0.00188558
0.00214238
0.00243653
0.00268263
0.00283991
0.00294788
0.00301234
0.00303060
0.00300168
0.00291870
0.00277599
0.00257607
0.00234539
0.00214658
0.00202053
0.00186034
0.00166072
0.00156013
0.00152254
0.00154882
0.00166086
0.00185860
0.00212363
0.00239561
0.00256754
0.00254628
0.00239215
0.00214940
0.00190508
0.00175007
0.00164602
0.00158601
0.00156639
0.00156978
0.00158153
0.00158812
0.00158426
0.00156978
0.00155303
0.00154637
0.00156670
0.00162840
0.00174010
0.00189460
0.00206293
0.00218604
0.00216826
0.00191349
0.00157525
0.00132327
0.00118756
0.00125886
0.00140552
0.00148845
0.00156532
0.00163543
0.00169500
0.00175513
0.00182773
0.00191601
0.00200761
0.00206678
0.00201212
0.00177962
0.00152820
0.00121715
0.00088604
0.00064631
0.00062354
0.00077186
0.00104573
0.00136223
0.00157666
0.00170902
0.00172730
0.00159271
0.00129161
0.00084292
0.00032754
-0.00011084
-0.00041183
-0.00049158
-0.00040861
-0.00027574
-0.00021206
-0.00019324
-0.00015951
-0.00006492
-0.00003222
-0.00021481
-0.00058728
-0.00107688
-0.00156028
-0.00198124
-0.00223408
-0.00231476
-0.00223171
-0.00200307
-0.00167499
-0.00134132
-0.00113820
-0.00107308
-0.00114558
-0.00135772
-0.00167300
-0.00200443
-0.00222419
-0.00234387
-0.00236635
-0.00227959
-0.00209493
-0.00185899
-0.00165867
-0.00158112
-0.00158329
-0.00175590
-0.00203230
-0.00226563
-0.00243591
-0.00253432
-0.00252610
-0.00237966
-0.00208492
-0.00166321
-0.00119203
-0.00083031
-0.00079965
-0.00107810
-0.00149063
-0.00194930
-0.00234396
-0.00260998
-0.00271511
-0.00261335
-0.00240196
-0.00215585
-0.00190662
-0.00174516
-0.00177974
-0.00197421
-0.00219732
-0.00242910
-0.00267787
-0.00290175
-0.00303071
-0.00298201
-0.00280979
-0.00265462
-0.00253280
-0.00241442
-0.00229704
-0.00217753
-0.00205600
-0.00195175
-0.00190008
-0.00186723
-0.00179915
-0.00168000
-0.00146520
-0.00126926
-0.00114405
-0.00105094
-0.00098951
-0.00095405
-0.00093793
-0.00093635
-0.00094800
-0.00097485
-0.00102033
-0.00108534
-0.00116347
-0.00123634
-0.00126754
-0.00121295
-0.00111756
-0.00106333
-0.00101846
-0.00097799
-0.00094652
-0.00092069
-0.00090021
-0.00088677
-0.00088310
-0.00088240
-0.00088149
-0.00087805
-0.00086974
-0.00085588
-0.00083794
-0.00082125
-0.00081460
-0.00083041
-0.00088131
-0.00097683
-0.00111549
-0.00127784
-0.00141598
-0.00145058
-0.00134162
-0.00123131
-0.00120889
-0.00120844
-0.00119470
-0.00112146
-0.00098833
-0.00093033
-0.00090195
-0.00088904
-0.00089677
-0.00091237
-0.00092104
-0.00089958
-0.00082553
-0.00067959
-0.00045841
-0.00018451
0.00007139
0.00021034
0.00030533
0.00039516
0.00050598
0.00067204
0.00090408
0.00118116
0.00142257
0.00151343
0.00150732
0.00143268
0.00132254
0.00126029
0.00132026
0.00139530
0.00152900
0.00161557
0.00167593
0.00172967
0.00176834
0.00180888
0.00185441
0.00191328
0.00197418
0.00201359
0.00200663
0.00208928
0.00224907
0.00243184
0.00256478
0.00254780
0.00242935
0.00229663
0.00226471
0.00247905
0.00290010
0.00341617
0.00382447
0.00400311
0.00394856
0.00370041
0.00334214
0.00301768
0.00280996
0.00276395
0.00281997
0.00295360
0.00319017
0.00350615
0.00384296
0.00409619
0.00412046
0.00388215
0.00343421
0.00287891
0.00241156
0.00217889
0.00218015
0.00235832
0.00262812
0.00285389
0.00297517
0.00297944
0.00284474
0.00258164
0.00224786
0.00195304
0.00176387
0.00166050
0.00164249
0.00171746
0.00188343
0.00212190
0.00238469
0.00258584
0.00259837
0.00236420
0.00195312
0.00147338
0.00102290
0.00067241
0.00046719
0.00036402
0.00033588
0.00035787
0.00039053
0.00039858
0.00034510
0.00020527
-0.00003283
-0.00034692
-0.00067174
-0.00094618
-0.00123977
-0.00156157
-0.00187901
-0.00211659
-0.00220322
-0.00219182
-0.00210935
-0.00198713
-0.00189263
-0.00191161
-0.00208756
-0.00233831
-0.00266493
-0.00288388
-0.00298121
-0.00310115
-0.00330008
-0.00344445
-0.00341996
-0.00331529
-0.00318671
-0.00311431
-0.00319260
-0.00332283
-0.00360767
-0.00388916
-0.00417722
-0.00443840
-0.00455611
-0.00442479
-0.00413153
-0.00379905
-0.00357884
-0.00350255
-0.00360976
-0.00373768
-0.00390574
-0.00409536
-0.00421562
-0.00421070
-0.00419728
-0.00408208
-0.00380165
-0.00350942
-0.00322982
-0.00302153
-0.00297987
-0.00303334
-0.00308829
-0.00321458
-0.00330637
-0.00340225
-0.00355777
-0.00363345
-0.00363266
-0.00358930
-0.00351388
-0.00343942
-0.00340038
-0.00342677
-0.00338265
-0.00327143
-0.00313031
-0.00300755
-0.00297542
-0.00295333
-0.00285461
-0.00275465
-0.00260037
-0.00248290
-0.00239400
-0.00230281
-0.00221118
-0.00211983
-0.00204968
-0.00201365
-0.00187728
-0.00165602
-0.00143257
-0.00129567
-0.00121349
-0.00114540
-0.00106861
-0.00094737
-0.00075594
-0.00048739
-0.00018224
0.00007556
0.00028797
0.00049466
0.00069144
0.00085510
0.00093169
0.00084816
0.00065664
0.00049327
0.00038550
0.00032527
0.00033344
0.00042463
0.00059764
0.00083019
0.00106520
0.00121578
0.00130181
0.00139785
0.00143110
0.00138214
0.00132945
0.00135024
0.00151583
0.00175519
0.00202426
0.00230822
0.00251794
0.00252306
0.00230687
0.00195012
0.00156471
0.00121247
0.00093964
0.00071651
0.00057602
0.00058172
0.00066002
0.00074646
0.00077372
0.00075712
0.00074026
0.00064103
0.00050706
0.00043717
0.00039754
0.00038098
0.00038450
0.00039223
0.00038618
0.00035454
0.00030096
0.00023805
0.00019305
0.00021009
0.00033547
0.00050785
0.00060979
0.00063784
0.00064781
0.00071531
0.00080182
0.00087323
0.00089314
0.00088689
0.00090806
0.00096936
0.00112323
0.00128673
0.00145428
0.00162247
0.00170899
0.00175493
0.00178452
0.00181479
0.00187472
0.00198496
0.00215594
0.00236719
0.00257171
0.00277071
0.00295976
0.00306347
0.00311808
0.00313630
0.00312065
0.00307939
0.00302077
0.00295594
0.00290312
0.00288793
0.00288404
0.00276369
0.00256972
0.00235389
0.00219418
0.00214061
0.00213265
0.00212732
0.00206945
0.00195008
0.00188365
0.00182995
0.00178404
0.00176521
0.00178332
0.00184878
0.00196112
0.00210627
0.00224704
0.00231401
0.00219827
0.00184785
0.00142420
0.00108361
0.00082687
0.00063687
0.00065369
0.00083937
0.00114027
0.00147391
0.00174639
0.00198311
0.00215540
0.00220859
0.00214320
0.00206405
0.00190825
0.00169603
0.00159469
0.00160069
0.00174254
0.00204672
0.00243412
0.00265157
0.00262228
0.00239885
0.00201800
0.00159361
0.00127736
0.00113020
0.00120819
0.00140327
0.00174092
0.00201245
0.00216413
0.00213728
0.00202460
0.00176918
0.00154421
0.00138384
0.00130837
0.00117910
0.00106798
0.00107214
0.00124700
0.00144959
0.00152915
0.00155251
0.00152310
0.00146058
0.00140270
0.00142209
0.00156125
0.00164890
0.00171741
0.00177016
0.00176432
0.00168429
0.00150743
0.00124640
0.00093557
0.00067776
0.00059894
0.00064623
0.00078107
0.00095054
0.00107059
0.00124134
0.00130925
0.00136627
0.00146968
0.00144317
0.00135802
0.00127015
0.00123291
0.00130719
0.00134807
0.00142039
0.00134588
0.00116257
0.00093005
0.00072963
0.00070111
0.00081729
0.00103115
0.00125691
0.00135908
0.00133106
0.00118488
0.00096868
0.00076589
0.00053974
0.00041741
0.00041717
0.00051257
0.00068435
0.00087040
0.00097309
0.00087095
0.00062232
0.00033997
0.00000670
-0.00036104
-0.00066958
-0.00080084
-0.00076704
-0.00060523
-0.00037821
-0.00018385
0.00001019
0.00005880
-0.00005103
-0.00028109
-0.00057312
-0.00082595
-0.00107324
-0.00134269
-0.00162137
-0.00187623
-0.00202263
-0.00194935
-0.00168816
-0.00131939
-0.00096935
-0.00084529
-0.00101972
-0.00135533
-0.00163894
-0.00177891
-0.00181986
-0.00179977
-0.00162277
-0.00136604
-0.00103041
-0.00077930
-0.00070568
-0.00086751
-0.00116655
-0.00160245
-0.00214952
-0.00266925
-0.00295371
-0.00290191
-0.00260846
-0.00220534
-0.00171398
-0.00122423
-0.00090267
-0.00080309
-0.00096193
-0.00124570
-0.00162227
-0.00203744
-0.00236539
-0.00261330
-0.00277446
-0.00280738
-0.00268184
-0.00254535
-0.00240683
-0.00225823
-0.00212700
-0.00204675
-0.00207097
-0.00224257
-0.00243614
-0.00264022
-0.00284367
-0.00297482
-0.00296470
-0.00289583
-0.00272677
-0.00256758
-0.00242607
-0.00228195
-0.00215646
-0.00207020
-0.00207005
-0.00218934
-0.00230215
-0.00240092
-0.00249438
-0.00255116
-0.00254111
-0.00242590
-0.00217799
-0.00178900
-0.00130715
-0.00082884
-0.00039075
-0.00022521
-0.00030915
-0.00054321
-0.00084814
-0.00122558
-0.00148417
-0.00150884
-0.00123195
-0.00075469
-0.00029241
0.00004772
0.00027024
0.00036956
0.00032203
0.00013490
-0.00016913
-0.00052486
-0.00082022
-0.00089739
-0.00074537
-0.00040498
-0.00010380
0.00018365
0.00049071
0.00078570
0.00102515
0.00112401
0.00097824
0.00064088
0.00022889
-0.00009894
-0.00026510
-0.00018450
0.00005375
0.00029216
0.00050951
0.00064500
0.00062242
0.00053269
0.00034870
0.00003540
-0.00038565
-0.00085577
-0.00124098
-0.00134431
-0.00110758
-0.00068065
-0.00028682
-0.00008549
-0.00008006
-0.00026056
-0.00058493
-0.00093093
-0.00110749
-0.00103978
-0.00083298
-0.00056100
-0.00029039
-0.00015492
-0.00013879
-0.00019592
-0.00026128
-0.00024378
-0.00022912
-0.00033244
-0.00051807
-0.00068530
-0.00072075
-0.00061218
-0.00040129
-0.00014688
0.00003929
0.00016298
0.00024507
0.00028631
0.00029762
0.00029121
0.00027931
0.00026883
0.00026366
0.00026291
0.00026444
0.00026427
0.00026001
0.00025020
0.00023731
0.00022632
0.00022626
0.00024684
0.00029724
0.00037970
0.00048523
0.00058653
0.00063148
0.00056167
0.00044185
0.00029351
0.00008162
-0.00018070
-0.00044610
-0.00062317
-0.00058603
-0.00032815
0.00005652
0.00043743
0.00073987
0.00091095
0.00096792
0.00087341
0.00065753
0.00046332
0.00032280
0.00022439
0.00018120
0.00020140
0.00028362
0.00041896
0.00058490
0.00074064
0.00081675
0.00073105
0.00053475
0.00037016
0.00027603
0.00025658
0.00034094
0.00054106
0.00083536
0.00115315
0.00137677
0.00147112
0.00144450
0.00129074
0.00102833
0.00072012
0.00046875
0.00029100
0.00016382
0.00009434
0.00009342
0.00017406
0.00034832
0.00061648
0.00094962
0.00126738
0.00143810
0.00141155
0.00118889
0.00077704
0.00024933
-0.00023286
-0.00054873
-0.00059190
-0.00035168
0.00007323
0.00053690
0.00093916
0.00118639
0.00125499
0.00118658
0.00103129
0.00085979
0.00064947
0.00044983
0.00027927
0.00008425
-0.00015470
-0.00042852
-0.00068485
-0.00082083
-0.00078856
-0.00064050
-0.00042349
-0.00022070
-0.00007917
-0.00005156
-0.00024467
-0.00061864
-0.00109172
-0.00151148
-0.00172804
-0.00175494
-0.00169426
-0.00155863
-0.00137020
-0.00122768
-0.00110532
-0.00099577
-0.00090476
-0.00083665
-0.00081576
-0.00088032
-0.00098668
-0.00105304
-0.00111630
-0.00117474
-0.00122072
-0.00125119
-0.00124477
-0.00117855
-0.00103758
-0.00082877
-0.00058473
-0.00038084
-0.00032707
-0.00046115
-0.00069926
-0.00093752
-0.00111848
-0.00125389
-0.00131698
-0.00128502
-0.00114774
-0.00090712
-0.00059505
-0.00028595
-0.00010675
-0.00014183
-0.00035176
-0.00068928
-0.00105183
-0.00131914
-0.00149131
-0.00151444
-0.00132169
-0.00093251
-0.00052074
-0.00015569
0.00007409
0.00019273
0.00020364
0.00010102
-0.00009179
-0.00033876
-0.00056792
-0.00067567
-0.00058137
-0.00036946
-0.00013705
0.00002612
0.00014388
0.00020315
0.00018475
0.00008516
-0.00008911
-0.00031240
-0.00053014
-0.00065056
-0.00060557
-0.00048162
-0.00036767
-0.00032352
-0.00027311
-0.00015206
0.00004567
0.00021864
0.00041066
0.00061759
0.00077920
0.00087308
0.00095012
0.00093390
0.00093051
0.00098926
0.00095762
0.00076990
0.00053096
0.00034640
0.00030717
0.00039082
0.00058604
0.00086129
0.00111845
0.00127580
0.00137986
0.00143807
0.00144870
0.00142931
0.00139069
0.00135078
0.00132214
0.00132371
0.00136960
0.00147516
0.00164167
0.00185487
0.00206770
0.00219126
0.00211640
0.00193428
0.00176251
0.00173547
0.00180497
0.00193866
0.00207189
0.00210956
0.00213019
0.00197768
0.00175690
0.00159609
0.00141240
0.00119640
0.00095930
0.00073144
0.00058306
0.00060762
0.00069720
0.00078552
0.00098569
0.00115874
0.00134478
0.00135560
0.00119315
0.00088103
0.00044058
-0.00000063
-0.00026274
-0.00031888
-0.00030831
-0.00014285
-0.00000670
0.00011714
0.00022183
0.00027153
0.00024445
0.00011831
-0.00011931
-0.00045690
-0.00084455
-0.00116368
-0.00124259
-0.00109736
-0.00093555
-0.00075755
-0.00062351
-0.00043579
-0.00029475
-0.00012197
-0.00003902
0.00000051
0.00003087
0.00004438
0.00005480
0.00006270
0.00008177
0.00010814
0.00013647
0.00014677
0.00010884
-0.00002379
-0.00029252
-0.00072409
-0.00128907
-0.00187104
-0.00225224
-0.00231327
-0.00212579
-0.00174650
-0.00129366
-0.00088260
-0.00048465
-0.00011356
0.00012771
0.00023208
0.00015906
-0.00005284
-0.00030803
-0.00061311
-0.00091539
-0.00110592
-0.00104986
-0.00079660
-0.00057218
-0.00040324
-0.00026166
-0.00016873
-0.00013962
-0.00018338
-0.00030426
-0.00049844
-0.00073894
-0.00095915
-0.00106032
-0.00095759
-0.00073662
-0.00049933
-0.00033240
-0.00020311
-0.00011517
-0.00008556
-0.00011716
-0.00021551
-0.00037626
-0.00058373
-0.00079421
-0.00093094
-0.00094569
-0.00088726
-0.00067568
-0.00044302
-0.00029247
-0.00018515
-0.00013739
-0.00016604
-0.00027868
-0.00046813
-0.00070832
-0.00093814
-0.00105708
-0.00098416
-0.00079523
-0.00057913
-0.00041988
-0.00027366
-0.00013466
-0.00001849
0.00004862
0.00003287
-0.00008797
-0.00018000
-0.00029085
-0.00044182
-0.00061550
-0.00079165
-0.00091457
-0.00090866
-0.00067967
-0.00014709
0.00046919
0.00087197
0.00089989
0.00051591
-0.00009251
-0.00065799
-0.00099160
-0.00102370
-0.00086536
-0.00063952
-0.00032921
-0.00000879
0.00019173
0.00014308
-0.00006462
-0.00031974
-0.00048636
-0.00058917
-0.00060285
-0.00049655
-0.00029664
-0.00005022
0.00014210
0.00016642
0.00011036
0.00006512
0.00012132
0.00020604
0.00021705
0.00022619
0.00029439
0.00046993
0.00062676
0.00077228
0.00092235
0.00102823
0.00104582
0.00109362
0.00114047
0.00113109
0.00118296
0.00124738
0.00124680
0.00126115
0.00123275
0.00122032
0.00118336
0.00121246
0.00126086
0.00124196
0.00125037
0.00124053
0.00129534
0.00136341
0.00136134
0.00137638
0.00134631
0.00135933
0.00138693
0.00133475
0.00126506
0.00118189
0.00114710
0.00118972
0.00126195
0.00131911
0.00130742
0.00128389
0.00124456
0.00112436
0.00102606
0.00100763
0.00104762
0.00114347
0.00127690
0.00140752
0.00147761
0.00153515
0.00157101
0.00161420
0.00166869
0.00176346
0.00187977
0.00200965
0.00208049
0.00203889
0.00190896
0.00171424
0.00150749
0.00129283
0.00108598
0.00097126
0.00092645
0.00094757
0.00103175
0.00114276
0.00123778
0.00134527
0.00150686
0.00160907
0.00152473
0.00120588
0.00074637
0.00028880
-0.00004027
-0.00025998
-0.00045444
-0.00058317
-0.00058588
-0.00053736
-0.00049665
-0.00051400
-0.00054981
-0.00052543
-0.00049594
-0.00050199
-0.00058388
-0.00069998
-0.00076567
-0.00083509
-0.00093137
-0.00105955
-0.00122281
-0.00139895
-0.00153710
-0.00154736
-0.00138194
-0.00117639
-0.00102356
-0.00086862
-0.00073127
-0.00064628
-0.00065272
-0.00079800
-0.00105981
-0.00126337
-0.00136871
-0.00135089
-0.00127737
-0.00111177
-0.00096367
-0.00081407
-0.00066169
-0.00054489
-0.00049334
-0.00054890
-0.00075363
-0.00108433
-0.00135741
-0.00149971
-0.00143673
-0.00124879
-0.00103697
-0.00087710
-0.00073887
-0.00062475
-0.00055127
-0.00052347
-0.00054018
-0.00060109
-0.00071010
-0.00085941
-0.00102811
-0.00116766
-0.00119618
-0.00102530
-0.00078942
-0.00060568
-0.00042578
-0.00026825
-0.00017855
-0.00021163
-0.00040322
-0.00056467
-0.00072127
-0.00085509
-0.00089477
-0.00080272
-0.00073301
-0.00063864
-0.00049641
-0.00032312
-0.00013134
0.00003198
0.00008748
-0.00005873
-0.00026449
-0.00039850
-0.00051806
-0.00061995
-0.00068141
-0.00068824
-0.00061889
-0.00045640
-0.00019214
0.00014285
0.00049941
0.00095366
0.00130486
0.00145775
0.00131767
0.00091486
0.00038652
-0.00008159
-0.00037553
-0.00053022
-0.00055349
-0.00046362
-0.00030311
-0.00014405
-0.00008118
-0.00021528
-0.00045669
-0.00066554
-0.00082657
-0.00089896
-0.00083240
-0.00076907
-0.00072064
-0.00068373
-0.00068012
-0.00071875
-0.00079661
-0.00089522
-0.00097940
-0.00099250
-0.00090031
-0.00083516
-0.00079399
-0.00076575
-0.00075504
-0.00075175
-0.00075692
-0.00076692
-0.00077865
-0.00078877
-0.00079600
-0.00079875
-0.00079629
-0.00078755
-0.00077256
-0.00075253
-0.00073191
-0.00071791
-0.00071108
-0.00070850
-0.00070906
-0.00071133
-0.00071371
-0.00071495
-0.00071444
-0.00071251
-0.00071037
-0.00071015
-0.00071427
-0.00072488
-0.00074242
-0.00076458
-0.00078495
-0.00079291
-0.00077445
-0.00071563
-0.00060781
-0.00045586
-0.00028696
-0.00016130
-0.00016777
-0.00031664
-0.00049329
-0.00065812
-0.00085155
-0.00106403
-0.00126330
-0.00139297
-0.00136991
-0.00119943
-0.00102196
-0.00089637
-0.00078970
-0.00071175
-0.00067686
-0.00069492
-0.00077606
-0.00092617
-0.00113874
-0.00138296
-0.00158880
-0.00164752
-0.00152098
-0.00130063
-0.00109329
-0.00095304
-0.00085099
-0.00078693
-0.00076174
-0.00076523
-0.00078872
-0.00082328
-0.00086279
-0.00089988
-0.00092587
-0.00093259
-0.00092326
-0.00089994
-0.00086855
-0.00084073
-0.00083433
-0.00087090
-0.00097150
-0.00114744
-0.00138941
-0.00165271
-0.00184551
-0.00182475
-0.00154291
-0.00125374
-0.00100774
-0.00076345
-0.00056726
-0.00047723
-0.00056254
-0.00081635
-0.00110589
-0.00142709
-0.00171192
-0.00181783
-0.00164268
-0.00131118
-0.00102991
-0.00070182
-0.00032991
0.00002940
0.00035059
0.00066163
0.00087886
0.00116215
0.00143042
0.00154575
0.00141146
0.00106681
0.00057156
0.00005728
-0.00023957
-0.00024609
-0.00003748
0.00029948
0.00062823
0.00092824
0.00114171
0.00136958
0.00148911
0.00159791
0.00176011
0.00177341
0.00167788
0.00147620
0.00117347
0.00082719
0.00056196
0.00055524
0.00078641
0.00102075
0.00124796
0.00155754
0.00176806
0.00189749
0.00194429
0.00187180
0.00166652
0.00132049
0.00087124
0.00040754
0.00011869
0.00022715
0.00055105
0.00092184
0.00131477
0.00159050
0.00178393
0.00188917
0.00189060
0.00178409
0.00157101
0.00126687
0.00091866
0.00062656
0.00052885
0.00057774
0.00075582
0.00103167
0.00131092
0.00147396
0.00158691
0.00166843
0.00174145
0.00184474
0.00199892
0.00220310
0.00241606
0.00254554
0.00247065
0.00223662
0.00193433
0.00168468
0.00151045
0.00145422
0.00156606
0.00170014
0.00183461
0.00195381
0.00199628
0.00192151
0.00185629
0.00180744
0.00176003
0.00172643
0.00170604
0.00169758
0.00169411
0.00169218
0.00168822
0.00168402
0.00168289
0.00169218
0.00171846
0.00176717
0.00183684
0.00191627
0.00198014
0.00198210
0.00188437
0.00181243
0.00176716
0.00172848
0.00170406
0.00169078
0.00168632
0.00168381
0.00168062
0.00167385
0.00166604
0.00166023
0.00166334
0.00167987
0.00171313
0.00175779
0.00180085
0.00181617
0.00177013
0.00162437
0.00135207
0.00095395
0.00048458
0.00008380
-0.00005087
-0.00002757
0.00000993
0.00008393
0.00019996
0.00034645
0.00049191
0.00042538
0.00007916
-0.00036115
-0.00066945
-0.00088299
-0.00104211
-0.00113369
-0.00116087
-0.00113934
-0.00107475
-0.00096552
-0.00081682
-0.00064383
-0.00048538
-0.00041507
-0.00052123
-0.00070723
-0.00083704
-0.00093173
-0.00100561
-0.00105358
-0.00108002
-0.00109120
-0.00109224
-0.00108373
-0.00106232
-0.00102271
-0.00096143
-0.00088194
-0.00079965
-0.00074537
-0.00077172
-0.00092074
-0.00106579
-0.00119478
-0.00130299
-0.00133697
-0.00125948
-0.00118085
-0.00112308
-0.00106956
-0.00103415
-0.00102252
-0.00104051
-0.00108684
-0.00115885
-0.00124287
-0.00131679
-0.00133707
-0.00126716
-0.00120407
-0.00115856
-0.00110477
-0.00104656
-0.00098519
-0.00093155
-0.00090257
-0.00092916
-0.00104494
-0.00128125
-0.00164347
-0.00209368
-0.00251755
-0.00272412
-0.00260125
-0.00224373
-0.00184878
-0.00154126
-0.00131904
-0.00116808
-0.00108936
-0.00107492
-0.00110950
-0.00118098
-0.00127667
-0.00138262
-0.00147416
-0.00150902
-0.00144247
-0.00136362
-0.00130786
-0.00123611
-0.00113657
-0.00100413
-0.00084121
-0.00067313
-0.00055722
-0.00058114
-0.00075083
-0.00093813
-0.00108159
-0.00120783
-0.00129294
-0.00130324
-0.00120692
-0.00097952
-0.00061708
-0.00016261
0.00028293
0.00063254
0.00075817
0.00053522
0.00010558
-0.00035225
-0.00066975
-0.00079970
-0.00077569
-0.00061535
-0.00027855
0.00024880
0.00077782
0.00116005
0.00139982
0.00154625
0.00161825
0.00163377
0.00161332
0.00156713
0.00150030
0.00141307
0.00131229
0.00121566
0.00116219
0.00120912
0.00136017
0.00148408
0.00160812
0.00173254
0.00182338
0.00184505
0.00175036
0.00155891
0.00142088
0.00133960
0.00134308
0.00148345
0.00178487
0.00223926
0.00277088
0.00321860
0.00337993
0.00320789
0.00279462
0.00227435
0.00182911
0.00152069
0.00130947
0.00120162
0.00119893
0.00128972
0.00144586
0.00163153
0.00179504
0.00185373
0.00172324
0.00153791
0.00142658
0.00133717
0.00127051
0.00123482
0.00122345
0.00122835
0.00124027
0.00125293
0.00126225
0.00126697
0.00126726
0.00126430
0.00125955
0.00125447
0.00125058
0.00124920
0.00125167
0.00125869
0.00127013
0.00128381
0.00129542
0.00129770
0.00128173
0.00123849
0.00116279
0.00105856
0.00094390
0.00086453
0.00087996
0.00088952
0.00093624
0.00107543
0.00117128
0.00123440
0.00128382
0.00131234
0.00133135
0.00133901
0.00134071
0.00132565
0.00127560
0.00117252
0.00100522
0.00078594
0.00054608
0.00023032
-0.00010787
-0.00027716
-0.00018970
0.00004643
0.00023652
0.00028991
0.00028494
0.00035033
0.00049666
0.00066054
0.00077816
0.00087332
0.00087700
0.00074276
0.00052174
0.00028538
0.00014554
0.00011370
0.00014023
0.00017466
0.00014749
0.00007207
-0.00000322
-0.00015485
-0.00041252
-0.00067163
-0.00076835
-0.00073258
-0.00069155
-0.00068006
-0.00073125
-0.00082820
-0.00078266
-0.00061582
-0.00037407
-0.00007820
0.00013029
0.00019623
0.00011830
-0.00008652
-0.00041176
-0.00070900
-0.00094175
-0.00108489
-0.00118650
-0.00116977
-0.00114287
-0.00116741
-0.00117713
-0.00123917
-0.00127631
-0.00137102
-0.00152915
-0.00161842
-0.00167647
-0.00171569
-0.00173802
-0.00174380
-0.00173312
-0.00171894
-0.00169906
-0.00168450
-0.00167526
-0.00168392
-0.00170692
-0.00174052
-0.00177335
-0.00179294
-0.00179052
-0.00175658
-0.00167832
-0.00154012
-0.00135568
-0.00114960
-0.00098552
-0.00094131
-0.00092981
-0.00108274
-0.00128797
-0.00140261
-0.00149834
-0.00157334
-0.00161842
-0.00163469
-0.00161822
-0.00156417
-0.00146542
-0.00132276
-0.00115154
-0.00099122
-0.00090236
-0.00094834
-0.00101848
-0.00118937
-0.00129628
-0.00136670
-0.00141965
-0.00143536
-0.00140537
-0.00131259
-0.00115744
-0.00094590
-0.00071699
-0.00054624
-0.00053983
-0.00063069
-0.00073933
-0.00092005
-0.00106003
-0.00114925
-0.00120985
-0.00122120
-0.00117645
-0.00107894
-0.00093566
-0.00076099
-0.00059751
-0.00050399
-0.00054673
-0.00064782
-0.00085690
-0.00106029
-0.00122984
-0.00136556
-0.00141704
-0.00133979
-0.00125890
-0.00118034
-0.00108428
-0.00098520
-0.00089231
-0.00082868
-0.00082887
-0.00092879
-0.00103363
-0.00110322
-0.00115625
-0.00118925
-0.00120297
-0.00120364
-0.00119754
-0.00119269
-0.00119447
-0.00120716
-0.00123033
-0.00125988
-0.00128565
-0.00130370
-0.00131101
-0.00130367
-0.00127833
-0.00123691
-0.00118659
-0.00114424
-0.00113489
-0.00119058
-0.00133100
-0.00155768
-0.00184250
-0.00210949
-0.00223404
-0.00217191
-0.00196761
-0.00167979
-0.00141645
-0.00124511
-0.00113451
-0.00107486
-0.00105421
-0.00105087
-0.00104267
-0.00101313
-0.00095463
-0.00087362
-0.00079134
-0.00074992
-0.00079784
-0.00088712
-0.00092716
-0.00094357
-0.00093170
-0.00088534
-0.00080564
-0.00070712
-0.00062518
-0.00060527
-0.00061067
-0.00057935
-0.00058024
-0.00066395
-0.00077466
-0.00082800
-0.00086120
-0.00088705
-0.00089848
-0.00089714
-0.00088628
-0.00085829
-0.00080131
-0.00071022
-0.00058392
-0.00044169
-0.00032317
-0.00023565
-0.00009405
-0.00001322
-0.00005449
-0.00011142
-0.00009217
0.00005040
0.00020321
0.00029320
0.00038366
0.00048726
0.00060908
0.00075105
0.00090068
0.00101711
0.00103100
0.00091183
0.00081000
0.00081201
0.00086261
0.00092917
0.00095991
0.00093016
0.00091768
0.00084389
0.00085246
0.00088862
0.00088758
0.00082736
0.00085468
0.00089494
0.00090483
0.00107193
0.00130839
0.00150795
0.00155518
0.00150949
0.00140977
0.00131114
0.00129723
0.00122601
0.00099634
0.00074914
0.00060923
0.00051202
0.00045945
0.00046866
0.00054630
0.00069015
0.00088190
0.00107665
0.00118907
0.00112982
0.00099814
0.00069135
0.00036443
0.00000782
-0.00033860
-0.00053945
-0.00045456
-0.00012373
0.00037713
0.00090719
0.00122022
0.00123764
0.00103294
0.00069511
0.00037259
0.00012394
0.00004153
0.00023698
0.00060396
0.00097816
0.00132640
0.00153685
0.00163075
0.00167150
0.00169407
0.00158394
0.00137603
0.00116932
0.00104298
0.00095863
0.00103237
0.00124877
0.00150630
0.00170239
0.00185504
0.00199281
0.00211071
0.00221286
0.00228191
0.00228344
0.00217824
0.00209061
0.00201066
0.00191385
0.00180428
0.00169293
0.00160366
0.00158704
0.00168705
0.00177736
0.00185229
0.00192653
0.00197874
0.00200769
0.00200664
0.00197425
0.00190690
0.00181212
0.00170476
0.00161958
0.00161234
0.00173411
0.00185596
0.00198155
0.00212433
0.00225521
0.00233554
0.00230415
0.00211333
0.00188673
0.00164279
0.00140737
0.00127686
0.00135616
0.00156958
0.00179467
0.00205934
0.00236277
0.00265504
0.00285457
0.00282877
0.00245213
0.00196611
0.00154623
0.00124748
0.00118768
0.00132754
0.00156447
0.00176540
0.00192052
0.00202061
0.00203855
0.00196641
0.00180744
0.00158616
0.00134909
0.00118425
0.00119547
0.00132040
0.00144344
0.00144183
0.00134583
0.00120459
0.00091272
0.00058628
0.00043062
0.00048377
0.00062688
0.00084474
0.00096380
0.00105468
0.00108288
0.00112705
0.00114949
0.00107816
0.00103879
0.00097907
0.00083677
0.00074242
0.00068522
0.00062561
0.00055564
0.00045932
0.00033430
0.00018964
0.00006944
0.00002829
-0.00003682
-0.00023845
-0.00044947
-0.00055944
-0.00063348
-0.00068383
-0.00070653
-0.00071156
-0.00070478
-0.00069512
-0.00068631
-0.00068310
-0.00068597
-0.00069592
-0.00071004
-0.00072491
-0.00073299
-0.00072627
-0.00069497
-0.00063345
-0.00054219
-0.00043651
-0.00034815
-0.00033876
-0.00045689
-0.00055661
-0.00069460
-0.00089502
-0.00113165
-0.00136883
-0.00151450
-0.00146455
-0.00132271
-0.00117318
-0.00095785
-0.00080944
-0.00069809
-0.00061631
-0.00058110
-0.00060246
-0.00069846
-0.00088121
-0.00114805
-0.00146124
-0.00179535
-0.00217445
-0.00237765
-0.00225486
-0.00192940
-0.00140661
-0.00089564
-0.00048901
-0.00018655
-0.00007971
-0.00027328
-0.00080391
-0.00148528
-0.00210268
-0.00248081
-0.00244088
-0.00210984
-0.00164079
-0.00121501
-0.00090909
-0.00068965
-0.00057105
-0.00055471
-0.00063381
-0.00079438
-0.00101816
-0.00126702
-0.00147389
-0.00153563
-0.00142514
-0.00124118
-0.00109504
-0.00103272
-0.00100552
-0.00097216
-0.00088682
-0.00078113
-0.00072993
-0.00069620
-0.00067891
-0.00068805
-0.00072792
-0.00079775
-0.00088806
-0.00097513
-0.00101704
-0.00096240
-0.00085789
-0.00078973
-0.00072558
-0.00066381
-0.00061914
-0.00060001
-0.00062205
-0.00069844
-0.00084109
-0.00104531
-0.00128315
-0.00148393
-0.00153989
-0.00141167
-0.00119177
-0.00098632
-0.00085060
-0.00075456
-0.00069766
-0.00067725
-0.00067996
-0.00069106
-0.00069812
-0.00069948
-0.00069947
-0.00069776
-0.00069806
-0.00070350
-0.00071535
-0.00073063
-0.00074280
-0.00074055
-0.00071110
-0.00064222
-0.00052942
-0.00038185
-0.00023163
-0.00014242
-0.00019751
-0.00035240
-0.00048090
-0.00056723
-0.00063669
-0.00068725
-0.00072187
-0.00074682
-0.00076640
-0.00077808
-0.00077256
-0.00073419
-0.00064713
-0.00050175
-0.00030631
-0.00009621
0.00005162
0.00003251
-0.00014515
-0.00038039
-0.00054817
-0.00059992
-0.00052893
-0.00031925
0.00000660
0.00036579
0.00061352
0.00070291
0.00076576
0.00084919
0.00078330
0.00049064
0.00011576
-0.00023986
-0.00050596
-0.00066146
-0.00072464
-0.00069246
-0.00057264
-0.00038799
-0.00018855
-0.00003557
0.00012087
0.00023236
0.00014601
-0.00013158
-0.00037807
-0.00053165
-0.00064654
-0.00071891
-0.00075178
-0.00075590
-0.00074569
-0.00073085
-0.00071930
-0.00071280
-0.00071234
-0.00071512
-0.00071987
-0.00072363
-0.00072616
-0.00072623
-0.00072532
-0.00072373
-0.00072386
-0.00072624
-0.00073250
-0.00074129
-0.00075125
-0.00075728
-0.00075420
-0.00073442
-0.00069341
-0.00062939
-0.00055069
-0.00047634
-0.00044455
-0.00049914
-0.00059536
-0.00064936
-0.00069180
-0.00072518
-0.00074420
-0.00075189
-0.00075180
-0.00074806
-0.00074380
-0.00074066
-0.00073952
-0.00073994
-0.00074165
-0.00074362
-0.00074564
-0.00074699
-0.00074792
-0.00074811
-0.00074820
-0.00074808
-0.00074853
-0.00074941
-0.00075130
-0.00075371
-0.00075666
-0.00075896
-0.00075999
-0.00075829
-0.00075358
-0.00074576
-0.00073703
-0.00073077
-0.00073299
-0.00075000
-0.00078808
-0.00084910
-0.00092818
-0.00100786
-0.00105586
-0.00102372
-0.00091756
-0.00086103
-0.00081970
-0.00078403
-0.00076463
-0.00075594
-0.00075709
-0.00076144
-0.00076769
-0.00077189
-0.00077493
-0.00077533
-0.00077530
-0.00077427
-0.00077448
-0.00077508
-0.00077755
-0.00078018
-0.00078348
-0.00078490
-0.00078448
-0.00077989
-0.00077245
-0.00076235
-0.00075459
-0.00075356
-0.00076792
-0.00080328
-0.00086484
-0.00094803
-0.00103880
-0.00110572
-0.00109473
-0.00096775
-0.00090392
-0.00085898
-0.00081798
-0.00079470
-0.00078326
-0.00078219
-0.00078469
-0.00078849
-0.00079077
-0.00079240
-0.00079447
-0.00079944
-0.00080866
-0.00082183
-0.00083550
-0.00084229
-0.00083144
-0.00079004
-0.00070723
-0.00057997
-0.00042063
-0.00027186
-0.00018458
-0.00008038
-0.00001851
0.00004544
0.00003654
0.00001517
0.00007412
0.00011865
0.00019669
0.00020571
0.00015585
0.00010246
0.00010272
0.00022301
0.00036652
0.00054646
0.00081240
0.00114347
0.00147161
0.00168399
0.00175960
0.00172506
0.00159217
0.00139657
0.00121298
0.00114062
0.00115210
0.00114812
0.00117628
0.00134010
0.00157072
0.00171124
0.00173060
0.00164937
0.00147585
0.00125107
0.00106499
0.00104077
0.00118252
0.00140084
0.00158613
0.00171652
0.00181238
0.00186993
0.00189288
0.00189150
0.00187712
0.00185860
0.00184222
0.00183129
0.00182776
0.00183222
0.00184474
0.00186374
0.00188560
0.00190312
0.00190574
0.00188013
0.00181381
0.00170006
0.00154605
0.00138073
0.00126475
0.00128455
0.00144420
0.00161808
0.00175197
0.00187047
0.00195340
0.00197164
0.00190007
0.00171762
0.00142047
0.00103776
0.00065375
0.00042375
0.00050880
0.00086179
0.00124985
0.00149657
0.00168225
0.00181001
0.00187113
0.00188557
0.00187094
0.00184703
0.00182406
0.00180905
0.00180162
0.00180083
0.00180297
0.00180670
0.00181036
0.00181498
0.00182084
0.00182909
0.00183824
0.00184563
0.00184509
0.00182965
0.00179154
0.00172738
0.00164020
0.00154707
0.00147917
0.00149444
0.00163032
0.00170950
0.00177130
0.00182616
0.00184789
0.00183184
0.00176555
0.00165213
0.00150001
0.00134265
0.00124236
0.00126154
0.00126892
0.00134772
0.00135969
0.00136432
0.00140680
0.00135325
0.00121703
0.00088792
0.00042004
-0.00004152
-0.00044994
-0.00070543
-0.00082294
-0.00082425
-0.00071891
-0.00053862
-0.00034221
-0.00020375
-0.00004080
0.00022279
0.00048030
0.00071928
0.00074720
0.00046550
0.00001378
-0.00040723
-0.00069873
-0.00087815
-0.00093753
-0.00086764
-0.00068200
-0.00042249
-0.00016294
-0.00002701
-0.00015104
-0.00040600
-0.00062362
-0.00081621
-0.00100035
-0.00115780
-0.00126639
-0.00129186
-0.00120068
-0.00109391
-0.00102130
-0.00095857
-0.00090954
-0.00087967
-0.00087246
-0.00089373
-0.00095155
-0.00105284
-0.00119694
-0.00136613
-0.00151380
-0.00156510
-0.00152673
-0.00152656
-0.00158684
-0.00160319
-0.00148446
-0.00123222
-0.00098484
-0.00081061
-0.00070387
-0.00070808
-0.00077969
-0.00083052
-0.00088566
-0.00094291
-0.00099109
-0.00102631
-0.00104116
-0.00102628
-0.00096892
-0.00085895
-0.00070037
-0.00052623
-0.00038629
-0.00036567
-0.00051495
-0.00071201
-0.00087342
-0.00104168
-0.00120169
-0.00131727
-0.00133536
-0.00121823
-0.00113950
-0.00104740
-0.00091740
-0.00076251
-0.00058912
-0.00043617
-0.00038978
-0.00054884
-0.00077548
-0.00094331
-0.00111090
-0.00127136
-0.00138967
-0.00142383
-0.00133454
-0.00124541
-0.00114814
-0.00101620
-0.00085476
-0.00067671
-0.00051787
-0.00044883
-0.00055489
-0.00073737
-0.00085817
-0.00093793
-0.00099176
-0.00101905
-0.00103060
-0.00102976
-0.00101833
-0.00099630
-0.00096003
-0.00090649
-0.00083621
-0.00075975
-0.00069953
-0.00069758
-0.00079212
-0.00089247
-0.00094613
-0.00096509
-0.00093171
-0.00083465
-0.00067820
-0.00049505
-0.00034085
-0.00021407
-0.00010474
-0.00006395
-0.00011110
-0.00030219
-0.00055001
-0.00074054
-0.00081688
-0.00080052
-0.00069708
-0.00053145
-0.00036097
-0.00018298
0.00000442
0.00014425
0.00029273
0.00041871
0.00035017
0.00008341
-0.00032227
-0.00064345
-0.00080908
-0.00086149
-0.00078781
-0.00060239
-0.00035390
-0.00013645
-0.00001978
0.00006856
0.00013254
0.00011302
0.00020383
0.00027129
0.00035513
0.00048755
0.00064705
0.00080866
0.00090227
0.00086006
0.00083320
0.00093876
0.00107469
0.00118713
0.00137478
0.00148518
0.00155270
0.00160135
0.00162116
0.00162623
0.00161877
0.00160992
0.00160091
0.00159826
0.00160106
0.00161282
0.00163085
0.00165516
0.00167825
0.00169398
0.00170246
0.00170756
0.00170839
0.00170792
0.00170593
0.00170499
0.00170433
0.00170558
0.00170719
0.00170981
0.00171121
0.00171139
0.00170807
0.00170189
0.00169234
0.00168295
0.00167706
0.00168208
0.00170395
0.00174920
0.00181745
0.00190089
0.00197656
0.00200296
0.00193621
0.00185930
0.00180882
0.00175622
0.00170052
0.00164644
0.00159974
0.00157497
0.00159397
0.00168501
0.00187157
0.00216070
0.00252178
0.00286746
0.00304226
0.00294173
0.00266065
0.00234087
0.00205447
0.00185972
0.00172995
0.00166016
0.00164333
0.00166244
0.00170093
0.00174352
0.00177571
0.00178317
0.00174976
0.00166083
0.00150613
0.00129009
0.00104130
0.00082799
0.00076380
0.00087524
0.00090265
0.00075430
0.00037797
-0.00009188
-0.00042973
-0.00043807
-0.00018240
0.00028032
0.00082032
0.00117713
0.00123100
0.00101614
0.00057187
0.00002121
-0.00040294
-0.00062391
-0.00069700
-0.00065159
-0.00055270
-0.00048028
-0.00032709
-0.00020898
-0.00002486
0.00008398
-0.00004694
-0.00030648
-0.00043099
-0.00057098
-0.00078715
-0.00089585
-0.00095887
-0.00100125
-0.00102861
-0.00105036
-0.00106811
-0.00107436
-0.00105381
-0.00098608
-0.00085488
-0.00065663
-0.00041602
-0.00019523
-0.00011636
-0.00030490
-0.00054163
-0.00070352
-0.00083744
-0.00095145
-0.00104513
-0.00111950
-0.00117437
-0.00119531
-0.00117007
-0.00107739
-0.00089818
-0.00061447
-0.00024255
0.00014916
0.00041112
0.00034579
0.00002569
-0.00033099
-0.00060790
-0.00080899
-0.00095354
-0.00103989
-0.00107968
-0.00108520
-0.00106586
-0.00102039
-0.00094387
-0.00082909
-0.00068071
-0.00052098
-0.00040733
-0.00041783
-0.00051258
-0.00057744
-0.00062289
-0.00071346
-0.00088113
-0.00102626
-0.00110105
-0.00112211
-0.00107549
-0.00094883
-0.00074839
-0.00050531
-0.00029157
-0.00021691
-0.00032202
-0.00051878
-0.00070742
-0.00083607
-0.00093071
-0.00099051
-0.00101572
-0.00101688
-0.00100471
-0.00098878
-0.00097553
-0.00096860
-0.00096976
-0.00097921
-0.00099651
-0.00101956
-0.00104437
-0.00106366
-0.00107461
-0.00108055
-0.00108309
-0.00108298
-0.00108182
-0.00108022
-0.00107902
-0.00107804
-0.00107754
-0.00107703
-0.00107678
-0.00107649
-0.00107665
-0.00107715
-0.00107843
-0.00108001
-0.00108161
-0.00108181
-0.00107933
-0.00107208
-0.00105899
-0.00103967
-0.00101690
-0.00099648
-0.00098446
-0.00097667
-0.00097229
-0.00097054
-0.00097049
-0.00097098
-0.00097156
-0.00097166
-0.00097147
-0.00097085
-0.00097025
-0.00096962
-0.00096936
-0.00096928
-0.00096951
-0.00096963
-0.00096954
-0.00096869
-0.00096705
-0.00096443
-0.00096153
-0.00095923
-0.00095941
-0.00096398
-0.00097509
-0.00099341
-0.00101773
-0.00104215
-0.00105800
-0.00106833
-0.00107286
-0.00106954
-0.00105801
-0.00103831
-0.00101297
-0.00098698
-0.00096978
-0.00097209
-0.00098955
-0.00101593
-0.00104011
-0.00104313
-0.00100196
-0.00089399
-0.00070659
-0.00044911
-0.00016779
0.00003775
0.00002400
-0.00017522
-0.00034076
-0.00052409
-0.00063448
-0.00066763
-0.00067461
-0.00070160
-0.00080270
-0.00086154
-0.00089051
-0.00091300
-0.00092636
-0.00093174
-0.00093329
-0.00093588
-0.00094501
-0.00096278
-0.00098865
-0.00101488
-0.00102890
-0.00101108
-0.00094158
-0.00080386
-0.00059765
-0.00034897
-0.00012399
-0.00004621
-0.00024475
-0.00049886
-0.00067156
-0.00080146
-0.00089186
-0.00093561
-0.00093534
-0.00090016
-0.00083923
-0.00076172
-0.00068475
-0.00061207
-0.00039367
-0.00004252
0.00037113
0.00088366
0.00129740
0.00147172
0.00142794
0.00118029
0.00077682
0.00032674
-0.00013937
-0.00057567
-0.00086424
-0.00097118
-0.00090228
-0.00064444
-0.00020932
0.00033499
0.00084874
0.00125057
0.00158452
0.00176877
0.00173756
0.00150688
0.00108768
0.00054153
-0.00000115
-0.00044671
-0.00069752
-0.00072411
-0.00055651
-0.00022602
0.00018428
0.00053355
0.00077455
0.00102269
0.00129027
0.00149600
0.00165946
0.00170289
0.00155510
0.00122602
0.00073784
0.00019257
-0.00023289
-0.00052938
-0.00064817
-0.00053874
-0.00024879
0.00014999
0.00052728
0.00083390
0.00117456
0.00153745
0.00178647
0.00189992
0.00188511
0.00171301
0.00136320
0.00085587
0.00027794
-0.00019287
-0.00040870
-0.00035413
-0.00011462
0.00021341
0.00056754
0.00093622
0.00123896
0.00135685
0.00125006
0.00099598
0.00058404
0.00003681
-0.00040583
-0.00063387
-0.00073016
-0.00071845
-0.00063447
-0.00054548
-0.00052646
-0.00056073
-0.00059567
-0.00068308
-0.00074908
-0.00067164
-0.00046627
-0.00015169
0.00020534
0.00046530
0.00052463
0.00046255
0.00037504
0.00024603
0.00011216
0.00003053
-0.00003498
-0.00013858
-0.00020841
-0.00026293
-0.00034434
-0.00042557
-0.00050882
-0.00054417
-0.00059790
-0.00066259
-0.00061847
-0.00051583
-0.00040068
-0.00032824
-0.00033051
-0.00033674
-0.00039477
-0.00041603
-0.00046909
-0.00055770
-0.00055635
-0.00046711
-0.00016792
0.00027059
0.00071615
0.00096341
0.00082732
0.00044509
-0.00003367
-0.00042149
-0.00064670
-0.00072692
-0.00064932
-0.00043162
-0.00014019
0.00017528
0.00052423
0.00068845
0.00053552
0.00028528
0.00008761
-0.00008735
-0.00030601
-0.00049256
-0.00068660
-0.00079384
-0.00085873
-0.00090457
-0.00092219
-0.00090936
-0.00085187
-0.00074007
-0.00056927
-0.00035704
-0.00014968
-0.00004106
-0.00014016
-0.00035769
-0.00058574
-0.00069156
-0.00069190
-0.00057662
-0.00034085
-0.00003675
0.00022991
0.00030222
0.00022901
0.00025672
0.00039070
0.00044731
0.00026443
-0.00011646
-0.00043894
-0.00064743
-0.00080031
-0.00087937
-0.00086142
-0.00073520
-0.00049975
-0.00018680
0.00015939
0.00063670
0.00104219
0.00113017
0.00097946
0.00067944
0.00019737
-0.00027354
-0.00059545
-0.00079246
-0.00085839
-0.00077916
-0.00055306
-0.00020248
0.00021240
0.00059047
0.00094559
0.00125556
0.00145305
0.00162841
0.00185137
0.00197750
0.00198773
0.00187333
0.00159939
0.00116496
0.00062271
0.00012083
-0.00011183
-0.00004097
0.00024050
0.00062012
0.00092091
0.00115181
0.00129553
0.00136766
0.00147593
0.00158658
0.00169251
0.00172015
0.00160589
0.00136268
0.00102599
0.00067937
0.00034523
0.00017505
0.00031317
0.00068657
0.00112181
0.00147160
0.00171653
0.00189655
0.00201721
0.00208736
0.00211403
0.00209203
0.00200171
0.00181770
0.00152229
0.00112968
0.00071078
0.00041261
0.00034831
0.00046171
0.00067671
0.00092696
0.00114487
0.00138333
0.00161277
0.00181788
0.00192790
0.00196752
0.00192712
0.00178072
0.00152316
0.00117251
0.00079890
0.00047392
0.00023158
0.00028483
0.00064229
0.00111906
0.00153959
0.00184443
0.00206042
0.00215570
0.00209788
0.00186476
0.00145348
0.00090131
0.00031815
-0.00015573
-0.00045963
-0.00050231
-0.00031900
0.00004615
0.00050074
0.00088511
0.00118427
0.00129949
0.00111721
0.00077439
0.00041442
0.00001177
-0.00035498
-0.00056847
-0.00069380
-0.00075791
-0.00077194
-0.00075624
-0.00071963
-0.00066821
-0.00060102
-0.00052180
-0.00044070
-0.00038342
-0.00039796
-0.00051840
-0.00057924
-0.00062248
-0.00066391
-0.00069090
-0.00070866
-0.00071503
-0.00071208
-0.00069509
-0.00066153
-0.00060698
-0.00053435
-0.00045392
-0.00039069
-0.00038909
-0.00048603
-0.00055427
-0.00059281
-0.00062160
-0.00063529
-0.00063971
-0.00064213
-0.00065321
-0.00067866
-0.00071898
-0.00076341
-0.00079067
-0.00076831
-0.00066006
-0.00043558
-0.00008896
0.00034104
0.00074397
0.00093397
0.00079988
0.00043317
0.00003277
-0.00027577
-0.00049139
-0.00062676
-0.00067868
-0.00065741
-0.00058307
-0.00048065
-0.00038014
-0.00032372
-0.00034874
-0.00036730
-0.00034248
-0.00031704
-0.00032708
-0.00041059
-0.00048612
-0.00052028
-0.00054826
-0.00057827
-0.00061575
-0.00066494
-0.00072165
-0.00076893
-0.00077559
-0.00069967
-0.00049847
-0.00014625
0.00034127
0.00087624
0.00127853
0.00137186
0.00114110
0.00069236
0.00018517
-0.00021802
-0.00048115
-0.00062128
-0.00062845
-0.00050893
-0.00029082
-0.00002513
0.00020378
0.00027961
0.00016276
-0.00005369
-0.00025993
-0.00040027
-0.00050372
-0.00057322
-0.00061131
-0.00063120
-0.00064072
-0.00064241
-0.00062768
-0.00058207
-0.00048743
-0.00033349
-0.00012705
0.00009195
0.00024234
0.00026017
0.00022677
0.00014982
-0.00005774
-0.00026827
-0.00039077
-0.00048071
-0.00054768
-0.00059627
-0.00063354
-0.00065961
-0.00066315
-0.00062366
-0.00051479
-0.00031714
-0.00003604
0.00026844
0.00048174
0.00049435
0.00034372
0.00005783
-0.00028563
-0.00055355
-0.00076319
-0.00087553
-0.00081397
-0.00054346
-0.00025522
0.00005128
0.00030048
0.00039699
0.00064656
0.00085303
0.00083911
0.00063265
0.00023396
-0.00010036
-0.00029353
-0.00040842
-0.00043784
-0.00038999
-0.00028888
-0.00017599
-0.00010945
-0.00013409
-0.00010485
-0.00007060
0.00013010
0.00043984
0.00074421
0.00090378
0.00086644
0.00060517
0.00026505
-0.00007208
-0.00030674
-0.00044062
-0.00049516
-0.00047069
-0.00037866
-0.00023117
-0.00006614
0.00008824
0.00033291
0.00062716
0.00100362
0.00133466
0.00153625
0.00153970
0.00138303
0.00099196
0.00047818
0.00008711
-0.00007520
-0.00002479
0.00019993
0.00052569
0.00081024
0.00102978
0.00114134
0.00107661
0.00079396
0.00046797
0.00018311
-0.00010616
-0.00030589
-0.00039122
-0.00040022
-0.00034859
-0.00026578
-0.00018622
-0.00016172
-0.00023079
-0.00030315
-0.00032365
-0.00030831
-0.00024734
-0.00014730
-0.00003858
0.00003406
0.00014817
0.00029732
0.00038657
0.00044640
0.00043620
0.00035696
0.00030338
0.00023453
0.00018321
0.00016432
0.00017708
0.00025465
0.00028875
0.00025401
0.00015683
-0.00003493
-0.00018890
-0.00024293
-0.00022774
-0.00015132
-0.00003520
0.00006259
0.00007028
-0.00001014
-0.00013424
-0.00027631
-0.00033600
-0.00031937
-0.00021772
-0.00003347
0.00019473
0.00038541
0.00042070
0.00024977
-0.00004635
-0.00034970
-0.00054936
-0.00061683
-0.00053970
-0.00042410
-0.00023457
0.00001752
0.00027370
0.00051850
0.00081478
0.00099213
0.00090190
0.00061403
0.00030534
0.00002124
-0.00016696
-0.00029401
-0.00037739
-0.00042245
-0.00044659
-0.00045349
-0.00043998
-0.00038899
-0.00028153
-0.00010211
0.00014313
0.00041492
0.00061759
0.00062494
0.00049011
0.00025576
0.00000239
-0.00014019
-0.00021394
-0.00022415
-0.00017585
-0.00010060
-0.00005148
-0.00006615
0.00002815
0.00016623
0.00028667
0.00031906
0.00016516
-0.00003475
-0.00015370
-0.00025221
-0.00033288
-0.00038131
-0.00039632
-0.00037227
-0.00030685
-0.00019810
-0.00005522
0.00009709
0.00020912
0.00019900
-0.00001565
-0.00028756
-0.00046178
-0.00053679
-0.00047604
-0.00044678
-0.00040959
-0.00035083
-0.00029063
-0.00022475
-0.00015901
-0.00009514
-0.00005061
-0.00005694
-0.00013353
-0.00010026
0.00000230
0.00014227
0.00028509
0.00033808
0.00020391
0.00001381
-0.00010341
-0.00021065
-0.00030557
-0.00036948
-0.00039011
-0.00034994
-0.00023111
-0.00002203
0.00026922
0.00058793
0.00085689
0.00114228
0.00123851
0.00112805
0.00081681
0.00051265
0.00025548
-0.00005987
-0.00023800
-0.00031456
-0.00029780
-0.00017541
0.00004255
0.00032637
0.00060353
0.00077435
0.00091931
0.00105053
0.00095522
0.00067649
0.00048031
0.00039616
0.00030012
0.00013909
0.00003978
-0.00006689
-0.00000871
0.00018329
0.00046461
0.00077607
0.00099521
0.00118273
0.00133588
0.00142966
0.00143319
0.00130493
0.00099435
0.00050069
0.00008238
-0.00016116
-0.00027552
-0.00022961
-0.00000473
0.00038385
0.00087129
0.00131882
0.00151964
0.00144882
0.00126405
0.00111269
0.00097043
0.00088071
0.00087387
0.00076104
0.00056952
0.00032436
0.00007695
-0.00006531
-0.00016134
-0.00022159
-0.00024516
-0.00024365
-0.00022789
-0.00021005
-0.00020007
-0.00020723
-0.00023788
-0.00029486
-0.00037369
-0.00045911
-0.00052227
-0.00051158
-0.00039277
-0.00033129
-0.00028743
-0.00024655
-0.00022287
-0.00021016
-0.00020845
-0.00021054
-0.00021538
-0.00021886
-0.00022205
-0.00022351
-0.00022518
-0.00022600
-0.00022692
-0.00022582
-0.00022249
-0.00021479
-0.00020377
-0.00019067
-0.00018156
-0.00018377
-0.00020850
-0.00026474
-0.00035817
-0.00048114
-0.00060833
-0.00068790
-0.00071206
-0.00077578
-0.00077710
-0.00067838
-0.00056703
-0.00040730
-0.00031296
-0.00025173
-0.00020821
-0.00018753
-0.00018086
-0.00018573
-0.00019783
-0.00021835
-0.00024773
-0.00028785
-0.00033640
-0.00038647
-0.00042152
-0.00041647
-0.00040161
-0.00052058
-0.00073968
-0.00101676
-0.00127741
-0.00143846
-0.00155314
-0.00163054
-0.00167104
-0.00168031
-0.00165823
-0.00159954
-0.00154605
-0.00139508
-0.00120754
-0.00102311
-0.00091253
-0.00087112
-0.00078783
-0.00066617
-0.00055042
-0.00044885
-0.00043992
-0.00049618
-0.00059672
-0.00071882
-0.00089998
-0.00117764
-0.00142431
-0.00157921
-0.00166421
-0.00165647
-0.00153733
-0.00131406
-0.00101888
-0.00072876
-0.00056870
-0.00060632
-0.00079843
-0.00109284
-0.00138969
-0.00162475
-0.00181571
-0.00193627
-0.00194314
-0.00179705
-0.00155464
-0.00132191
-0.00111344
-0.00099132
-0.00094219
-0.00082526
-0.00062048
-0.00044632
-0.00033848
-0.00024832
-0.00017662
-0.00013536
-0.00013717
-0.00019843
-0.00033353
-0.00054536
-0.00081200
-0.00106953
-0.00120864
-0.00117067
-0.00099718
-0.00074281
-0.00051231
-0.00036436
-0.00026456
-0.00020674
-0.00018285
-0.00017578
-0.00017161
-0.00016189
-0.00014793
-0.00013968
-0.00015499
-0.00021413
-0.00033368
-0.00051567
-0.00073679
-0.00093360
-0.00100334
-0.00090290
-0.00071037
-0.00052318
-0.00038184
-0.00024312
-0.00009533
0.00006342
0.00022786
0.00036255
0.00040622
0.00035634
0.00023002
0.00002494
-0.00017992
-0.00041779
-0.00067801
-0.00090136
-0.00099813
-0.00089917
-0.00069638
-0.00048027
-0.00033709
-0.00022879
-0.00014896
-0.00010082
-0.00007577
-0.00007255
-0.00009329
-0.00014794
-0.00024539
-0.00038842
-0.00055993
-0.00071380
-0.00076568
-0.00066335
-0.00051580
-0.00037306
-0.00015733
0.00015291
0.00054723
0.00097308
0.00130715
0.00140792
0.00124449
0.00081677
0.00032875
-0.00004302
-0.00036349
-0.00059674
-0.00066626
-0.00054598
-0.00038070
-0.00026772
-0.00015516
-0.00003058
0.00011693
0.00029880
0.00050635
0.00069494
0.00077476
0.00067547
0.00048179
0.00028794
0.00017114
0.00009151
0.00004187
0.00002814
0.00003050
0.00004340
0.00005916
0.00007451
0.00008818
0.00010170
0.00011535
0.00012789
0.00013608
0.00014759
0.00015231
0.00015453
0.00015762
0.00016372
0.00017610
0.00019705
0.00022684
0.00026126
0.00029199
0.00031898
0.00033722
0.00035215
0.00036681
0.00038165
0.00039546
0.00040544
0.00041886
0.00042577
0.00042926
0.00043129
0.00043151
0.00043089
0.00042963
0.00042831
0.00042694
0.00042572
0.00042449
0.00042330
0.00042203
0.00042080
0.00041961
0.00041867
0.00041802
0.00041775
0.00041761
0.00041724
0.00041587
0.00041265
0.00040665
0.00039751
0.00038572
0.00037389
0.00036519
0.00035406
0.00034609
0.00034991
0.00036204
0.00037631
0.00038498
0.00038808
0.00038560
0.00037709
0.00036465
0.00035212
0.00033455
0.00030912
0.00028699
0.00027415
0.00028788
0.00035153
0.00047469
0.00064940
0.00084406
0.00099023
0.00099983
0.00087874
0.00070187
0.00055770
0.00046591
0.00041161
0.00039587
0.00040921
0.00043285
0.00045048
0.00044998
0.00042055
0.00035830
0.00026916
0.00018061
0.00014302
0.00020800
0.00032971
0.00049174
0.00061929
0.00063973
0.00053915
0.00030124
-0.00005061
-0.00042005
-0.00064313
-0.00064628
-0.00051825
-0.00033891
-0.00014844
0.00006847
0.00029408
0.00049031
0.00068076
0.00088399
0.00098576
0.00092707
0.00074059
0.00045882
0.00015800
-0.00010091
-0.00029626
-0.00035250
-0.00024668
-0.00005853
0.00012694
0.00027160
0.00040164
0.00051737
0.00061771
0.00070303
0.00075391
0.00073640
0.00067971
0.00064619
0.00059441
0.00050103
0.00035967
0.00017978
-0.00000189
-0.00011541
-0.00009429
0.00003186
0.00023545
0.00045666
0.00063174
0.00078877
0.00092082
0.00100674
0.00101160
0.00089501
0.00066093
0.00040773
0.00014758
-0.00005373
-0.00011779
-0.00007293
0.00006519
0.00026664
0.00045918
0.00058423
0.00067409
0.00073407
0.00076428
0.00076560
0.00073330
0.00065703
0.00052742
0.00034366
0.00012737
-0.00006280
-0.00014059
-0.00013279
-0.00004164
0.00012688
0.00032823
0.00049018
0.00066066
0.00085134
0.00104348
0.00120222
0.00126086
0.00113653
0.00087209
0.00052950
0.00020320
-0.00007238
-0.00022436
-0.00027218
-0.00022366
-0.00008158
0.00012181
0.00033104
0.00046716
0.00056266
0.00061832
0.00062436
0.00057426
0.00046741
0.00030218
0.00009742
-0.00010511
-0.00024058
-0.00031890
-0.00034694
-0.00031738
-0.00022931
-0.00008872
0.00008390
0.00024353
0.00032658
0.00035138
0.00034291
0.00032103
0.00032164
0.00037144
0.00039759
0.00039741
0.00038040
0.00034771
0.00031389
0.00030125
0.00032852
0.00033480
0.00028942
0.00020403
0.00008724
-0.00003293
-0.00010690
-0.00014210
-0.00017949
-0.00024596
-0.00029774
-0.00031900
-0.00033021
-0.00033532
-0.00033638
-0.00033723
-0.00034094
-0.00034945
-0.00036188
-0.00037444
-0.00037958
-0.00036742
-0.00032725
-0.00025200
-0.00014299
-0.00001689
0.00008789
0.00011183
0.00003032
-0.00011709
-0.00027999
-0.00042706
-0.00055536
-0.00063586
-0.00063076
-0.00055099
-0.00047128
-0.00042194
-0.00037938
-0.00033648
-0.00028344
-0.00020920
-0.00010997
0.00000223
0.00009426
0.00010860
0.00000087
-0.00019087
-0.00041019
-0.00059040
-0.00069587
-0.00068660
-0.00059602
-0.00046928
-0.00033979
-0.00018825
-0.00001772
0.00014515
0.00026007
0.00028510
0.00024159
0.00013588
-0.00001346
-0.00016509
-0.00027790
-0.00036582
-0.00041892
-0.00041438
-0.00034025
-0.00027973
-0.00021536
-0.00014479
-0.00008712
-0.00004799
0.00004781
0.00016277
0.00024270
0.00023109
0.00014268
-0.00001067
-0.00020020
-0.00036483
-0.00050832
-0.00059321
-0.00057111
-0.00048438
-0.00037795
-0.00030221
-0.00023883
-0.00018299
-0.00013664
-0.00009532
-0.00006472
-0.00004759
0.00000786
0.00008950
0.00015596
0.00016477
0.00012054
0.00003882
-0.00005738
-0.00012609
-0.00017304
-0.00020173
-0.00021036
-0.00019953
-0.00017189
-0.00013100
-0.00008359
-0.00003987
-0.00001876
-0.00003634
-0.00005461
-0.00007751
-0.00006072
-0.00000190
0.00007775
0.00015045
0.00016890
0.00012703
0.00003522
-0.00008757
-0.00020498
-0.00029685
-0.00034680
-0.00032461
-0.00024643
-0.00015763
-0.00007201
0.00000302
0.00004528
0.00006969
0.00010800
0.00014723
0.00015036
0.00011554
0.00005492
-0.00001754
-0.00007836
-0.00012625
-0.00017028
-0.00020861
-0.00023619
-0.00024120
-0.00020967
-0.00015642
-0.00010117
-0.00003478
0.00003587
0.00009504
0.00014259
0.00017653
0.00017732
0.00015600
0.00012054
0.00008145
0.00005599
0.00004134
0.00000854
-0.00004255
-0.00008002
-0.00009190
-0.00008615
-0.00006235
-0.00002252
0.00002378
0.00006034
0.00008582
0.00011736
0.00014453
0.00014853
0.00013501
0.00010397
0.00005627
-0.00000053
-0.00005079
-0.00008087
-0.00010080
-0.00011331
-0.00011837
-0.00011673
-0.00010696
-0.00008710
-0.00005485
-0.00001070
0.00004014
0.00008428
0.00010987
0.00012487
0.00013151
0.00013153
0.00012800
0.00012249
0.00011658
0.00011044
0.00010425
0.00009688
0.00008609
0.00007021
0.00004962
0.00002673
0.00000791
0.00000295
0.00001655
0.00003024
0.00003297
0.00003222
0.00003127
0.00003405
0.00003953
0.00003257
0.00001981
0.00000566
-0.00000413
-0.00000359
-0.00000693
-0.00000533
-0.00001349
-0.00002269
-0.00002490
-0.00003383
-0.00003725
-0.00004415
-0.00004216
-0.00004088
-0.00004767
-0.00004852
-0.00005390
-0.00006879
-0.00007551
-0.00007871
-0.00007965
-0.00007718
-0.00007177
-0.00006402
-0.00005554
-0.00004860
-0.00004711
-0.00005314
-0.00005188
-0.00004709
-0.00004103
-0.00003560
-0.00003366
-0.00002464
-0.00001620
-0.00001384
-0.00000983
-0.00001225
-0.00001569
-0.00002708
-0.00003860
-0.00004109
-0.00003658
-0.00002672
-0.00001495
-0.00000579
0.00000252
0.00000300
-0.00000452
-0.00001697
-0.00003073
-0.00003979
-0.00004541
-0.00004854
-0.00004957
-0.00004911
-0.00004783
-0.00004607
-0.00004391
-0.00004114
-0.00003758
-0.00003317
-0.00002839
-0.00002429
-0.00002296
-0.00002610
-0.00002884
-0.00003164
-0.00003558
-0.00004015
-0.00004461
-0.00004730
-0.00004574
-0.00003721
-0.00002506
-0.00001409
-0.00000550
-0.00000139
-0.00000097
-0.00000100
0.00000128
0.00000489
0.00000658
0.00000612
0.00000412
0.00000071
-0.00000353
-0.00000710
-0.00000803
-0.00000697
-0.00000583
-0.00000395
-0.00000231
-0.00000094
0.00000151
0.00000337
0.00000396
0.00000403
0.00000371
0.00000309
0.00000228
0.00000140
0.00000050
-0.00000032
-0.00000097
-0.00000149
-0.00000198
-0.00000251
-0.00000301
-0.00000345
-0.00000386
-0.00000425
-0.00000461
-0.00000494
-0.00000525
-0.00000554
-0.00000582
-0.00000609
-0.00000636
-0.00000663
-0.00000690
-0.00000717
-0.00000741
-0.00000760
-0.00000772
-0.00000776
-0.00000774
-0.00000768
-0.00000769
-0.00000788
-0.00000838
-0.00000927
-0.00001050
-0.00001184
-0.00001290
-0.00001361
-0.00001432
-0.00001463
-0.00001397
-0.00001281
-0.00001158
-0.00001030
-0.00000920
-0.00000845
-0.00000771
-0.00000684
-0.00000598
-0.00000567
-0.00000605
-0.00000717
-0.00000859
-0.00000987
-0.00001081
-0.00001104
-0.00001056
-0.00000968
-0.00000871
-0.00000792
-0.00000739
-0.00000714
-0.00000690
-0.00000651
-0.00000607
-0.00000565
-0.00000539
-0.00000538
-0.00000556
-0.00000584
-0.00000609
-0.00000614
-0.00000597
-0.00000565
-0.00000521
-0.00000472
-0.00000427
-0.00000392
-0.00000363
-0.00000340
-0.00000320
-0.00000303
-0.00000287
-0.00000271
-0.00000255
-0.00000239
-0.00000223
-0.00000207
-0.00000192
-0.00000177
-0.00000162
-0.00000149
-0.00000135
-0.00000122
-0.00000110
-0.00000097
-0.00000085
-0.00000073
-0.00000062
-0.00000050
-0.00000038
-0.00000027
-0.00000017
-0.00000007
0.00000002
0.00000010
0.00000018
0.00000026
0.00000033
0.00000041
0.00000049
0.00000057
0.00000064
0.00000071
0.00000078
0.00000085
0.00000092
0.00000098
0.00000104
0.00000110
0.00000115
0.00000120
0.00000125
0.00000130
0.00000135
0.00000139
0.00000144
0.00000148
0.00000152
0.00000155
0.00000159
0.00000162
0.00000165
0.00000168
0.00000171
