-0.00029041
-0.00029200
-0.00029345
-0.00029485
-0.00029611
-0.00029716
-0.00029796
-0.00029859
-0.00029909
-0.00029975
-0.00030075
-0.00030245
-0.00030497
-0.00030815
-0.00031127
-0.00031412
-0.00031595
-0.00031698
-0.00031744
-0.00031775
-0.00031861
-0.00032106
-0.00032590
-0.00033168
-0.00033767
-0.00034278
-0.00034738
-0.00035193
-0.00035617
-0.00035961
-0.00036097
-0.00035923
-0.00035742
-0.00035611
-0.00035581
-0.00035817
-0.00035971
-0.00035630
-0.00034962
-0.00034425
-0.00034666
-0.00035851
-0.00037294
-0.00038685
-0.00040275
-0.00042116
-0.00043900
-0.00045085
-0.00045684
-0.00045782
-0.00045305
-0.00044332
-0.00043281
-0.00042846
-0.00042808
-0.00042975
-0.00043265
-0.00043555
-0.00043740
-0.00043778
-0.00043723
-0.00043755
-0.00044167
-0.00045230
-0.00047109
-0.00049838
-0.00052910
-0.00055295
-0.00056713
-0.00057227
-0.00056587
-0.00054640
-0.00051584
-0.00048092
-0.00043963
-0.00038961
-0.00033845
-0.00028681
-0.00023487
-0.00017693
-0.00010932
-0.00004316
0.00001580
0.00006015
0.00008990
0.00011005
0.00011939
0.00011343
0.00008890
0.00004713
-0.00000164
-0.00003605
-0.00004636
-0.00003089
-0.00000924
0.00000453
0.00001727
0.00003149
0.00005010
0.00007502
0.00010449
0.00013290
0.00014588
0.00012256
0.00006088
-0.00002800
-0.00014946
-0.00030639
-0.00050071
-0.00072307
-0.00097592
-0.00124336
-0.00149619
-0.00171518
-0.00187027
-0.00195687
-0.00199104
-0.00201875
-0.00204241
-0.00205905
-0.00206060
-0.00202979
-0.00195169
-0.00181964
-0.00161923
-0.00133475
-0.00101025
-0.00069231
-0.00038579
-0.00010285
0.00014724
0.00036904
0.00055713
0.00067310
0.00072452
0.00075876
0.00080479
0.00089044
0.00103614
0.00121542
0.00134210
0.00144172
0.00153122
0.00165495
0.00177649
0.00186032
0.00193034
0.00197617
0.00197733
0.00191315
0.00176618
0.00154844
0.00131982
0.00114413
0.00098049
0.00084426
0.00079673
0.00080774
0.00087386
0.00100143
0.00116974
0.00133402
0.00142056
0.00142852
0.00133390
0.00110942
0.00076892
0.00037523
-0.00005141
-0.00050922
-0.00089242
-0.00125149
-0.00154021
-0.00175059
-0.00195005
-0.00212777
-0.00222732
-0.00226725
-0.00225634
-0.00218554
-0.00206669
-0.00192537
-0.00180831
-0.00167425
-0.00148764
-0.00125320
-0.00100660
-0.00073201
-0.00044758
-0.00012253
0.00022872
0.00050694
0.00066642
0.00075461
0.00080385
0.00081773
0.00080173
0.00077002
0.00074612
0.00076308
0.00086794
0.00110902
0.00151170
0.00204902
0.00269090
0.00334362
0.00396849
0.00450156
0.00482595
0.00487986
0.00460098
0.00403090
0.00324576
0.00228093
0.00131246
0.00051160
-0.00008946
-0.00040119
-0.00043148
-0.00027466
-0.00000818
0.00025337
0.00045979
0.00057879
0.00053040
0.00022578
-0.00032614
-0.00102906
-0.00187342
-0.00279892
-0.00370907
-0.00463436
-0.00557540
-0.00642762
-0.00704845
-0.00743296
-0.00763475
-0.00772857
-0.00775341
-0.00774816
-0.00775684
-0.00782150
-0.00798431
-0.00826864
-0.00865223
-0.00908784
-0.00954477
-0.00974201
-0.00953809
-0.00893378
-0.00789770
-0.00640600
-0.00459093
-0.00255925
-0.00058972
0.00106959
0.00229692
0.00289312
0.00292458
0.00234438
0.00131111
0.00008727
-0.00132550
-0.00261836
-0.00366864
-0.00452093
-0.00494844
-0.00503108
-0.00471583
-0.00393660
-0.00297831
-0.00201786
-0.00122069
-0.00074836
-0.00066595
-0.00091166
-0.00142077
-0.00206667
-0.00260274
-0.00306332
-0.00343842
-0.00359122
-0.00333758
-0.00268081
-0.00173973
-0.00074948
0.00022736
0.00099786
0.00155610
0.00183931
0.00183250
0.00151623
0.00083966
-0.00014911
-0.00127881
-0.00249815
-0.00366087
-0.00461711
-0.00516889
-0.00521028
-0.00472173
-0.00364278
-0.00204452
-0.00007413
0.00203027
0.00403312
0.00576252
0.00711998
0.00796709
0.00811373
0.00745750
0.00613801
0.00434077
0.00227881
0.00019550
-0.00178606
-0.00366703
-0.00555219
-0.00742035
-0.00903365
-0.01030689
-0.01117668
-0.01151447
-0.01126338
-0.01045164
-0.00913778
-0.00742834
-0.00540799
-0.00311250
-0.00055287
0.00215155
0.00498523
0.00802964
0.01125607
0.01448741
0.01745558
0.02001803
0.02203836
0.02315737
0.02333353
0.02254165
0.02091982
0.01870950
0.01609304
0.01312776
0.00983107
0.00629752
0.00269066
-0.00084329
-0.00405624
-0.00693367
-0.00927715
-0.01086760
-0.01182678
-0.01229506
-0.01220324
-0.01159215
-0.01049184
-0.00895985
-0.00703961
-0.00479970
-0.00242741
-0.00002925
0.00207392
0.00393634
0.00544061
0.00663471
0.00756444
0.00827240
0.00891094
0.00944442
0.01001819
0.01065498
0.01152732
0.01267514
0.01422545
0.01602622
0.01784032
0.01933004
0.02033565
0.02062890
0.02006004
0.01879401
0.01704337
0.01468781
0.01207802
0.00960442
0.00755356
0.00619980
0.00564873
0.00593401
0.00688106
0.00821438
0.00969428
0.01111089
0.01223390
0.01285853
0.01283864
0.01221277
0.01106597
0.00961631
0.00806461
0.00657532
0.00510067
0.00379585
0.00264702
0.00178512
0.00110390
0.00056221
0.00007624
-0.00040811
-0.00107917
-0.00207821
-0.00334335
-0.00460634
-0.00572705
-0.00694451
-0.00842915
-0.01008262
-0.01186981
-0.01359520
-0.01501441
-0.01610590
-0.01671831
-0.01683155
-0.01652782
-0.01583131
-0.01481535
-0.01351593
-0.01204101
-0.01038626
-0.00861816
-0.00682472
-0.00505084
-0.00346409
-0.00214048
-0.00110996
-0.00040955
-0.00002544
0.00004091
-0.00016530
-0.00040230
-0.00041712
-0.00005668
0.00063727
0.00154156
0.00251093
0.00352832
0.00467879
0.00599204
0.00739126
0.00883791
0.01026850
0.01159117
0.01281958
0.01398851
0.01494163
0.01555442
0.01577770
0.01552778
0.01461139
0.01288492
0.01039051
0.00726004
0.00355022
-0.00064763
-0.00509070
-0.00934705
-0.01315029
-0.01617367
-0.01810908
-0.01884540
-0.01845370
-0.01735571
-0.01596087
-0.01459720
-0.01360247
-0.01328976
-0.01385564
-0.01529777
-0.01756937
-0.02051877
-0.02365067
-0.02671048
-0.02932127
-0.03107852
-0.03189906
-0.03181145
-0.03087169
-0.02914328
-0.02678393
-0.02391213
-0.02065155
-0.01743626
-0.01442273
-0.01154813
-0.00886724
-0.00642370
-0.00424450
-0.00228698
-0.00039811
0.00143739
0.00342132
0.00562158
0.00794734
0.01041886
0.01278529
0.01483936
0.01645839
0.01763357
0.01828520
0.01837626
0.01804927
0.01739329
0.01658594
0.01595951
0.01566902
0.01573365
0.01627708
0.01737572
0.01899058
0.02109744
0.02357640
0.02611208
0.02836178
0.03000752
0.03075160
0.03024026
0.02826922
0.02503374
0.02067698
0.01542773
0.00966828
0.00403107
-0.00101926
-0.00505394
-0.00772637
-0.00911153
-0.00964764
-0.00958733
-0.00924099
-0.00903021
-0.00917299
-0.00977527
-0.01087157
-0.01232510
-0.01391549
-0.01543151
-0.01679057
-0.01780199
-0.01832612
-0.01823112
-0.01740854
-0.01588099
-0.01379556
-0.01119376
-0.00790998
-0.00398569
0.00036241
0.00501010
0.00977141
0.01443780
0.01882880
0.02274493
0.02609626
0.02879537
0.03088686
0.03239272
0.03307520
0.03275123
0.03137615
0.02886246
0.02527790
0.02080200
0.01564745
0.01005844
0.00436485
-0.00107675
-0.00592672
-0.01000761
-0.01297442
-0.01472818
-0.01533761
-0.01495135
-0.01380021
-0.01215816
-0.01036195
-0.00850497
-0.00677563
-0.00539091
-0.00435723
-0.00372916
-0.00349847
-0.00355069
-0.00387202
-0.00445204
-0.00520017
-0.00591914
-0.00658387
-0.00732121
-0.00805092
-0.00852167
-0.00869856
-0.00875595
-0.00880292
-0.00896033
-0.00934769
-0.01005480
-0.01106863
-0.01250828
-0.01419874
-0.01588729
-0.01744673
-0.01840155
-0.01836388
-0.01686138
-0.01390479
-0.00967477
-0.00439524
0.00162306
0.00810763
0.01468327
0.02106395
0.02704853
0.03249712
0.03716652
0.04104895
0.04401597
0.04574223
0.04605428
0.04502145
0.04276311
0.03936646
0.03489894
0.02953591
0.02360847
0.01751919
0.01174035
0.00647077
0.00173286
-0.00245067
-0.00601339
-0.00886308
-0.01100265
-0.01247390
-0.01341382
-0.01399237
-0.01441609
-0.01490764
-0.01553053
-0.01620408
-0.01679046
-0.01713304
-0.01703958
-0.01639836
-0.01510438
-0.01307194
-0.01036346
-0.00724057
-0.00394376
-0.00082084
0.00177798
0.00376389
0.00511543
0.00575627
0.00578154
0.00535606
0.00456959
0.00349580
0.00209652
0.00049867
-0.00119314
-0.00290403
-0.00461846
-0.00603642
-0.00712253
-0.00799264
-0.00851054
-0.00868847
-0.00866587
-0.00848895
-0.00819179
-0.00784561
-0.00751272
-0.00700216
-0.00618702
-0.00508857
-0.00389767
-0.00274167
-0.00172291
-0.00091531
-0.00033416
-0.00019814
-0.00053378
-0.00142893
-0.00287707
-0.00469969
-0.00701253
-0.00946824
-0.01178628
-0.01368044
-0.01487554
-0.01529728
-0.01496610
-0.01409708
-0.01275506
-0.01112094
-0.00941090
-0.00782677
-0.00640447
-0.00540115
-0.00484884
-0.00462339
-0.00467817
-0.00476770
-0.00485196
-0.00493776
-0.00498424
-0.00494309
-0.00473674
-0.00428025
-0.00353603
-0.00256309
-0.00138383
-0.00013670
0.00093982
0.00164398
0.00184353
0.00156918
0.00091252
-0.00017210
-0.00166217
-0.00326441
-0.00475967
-0.00600475
-0.00680945
-0.00721035
-0.00727557
-0.00694331
-0.00626450
-0.00535627
-0.00409693
-0.00236815
-0.00019860
0.00234125
0.00514738
0.00813970
0.01119113
0.01407923
0.01648393
0.01816297
0.01895170
0.01868385
0.01735577
0.01497842
0.01170555
0.00775150
0.00326232
-0.00151922
-0.00622181
-0.01056322
-0.01426029
-0.01720454
-0.01936289
-0.02076474
-0.02128567
-0.02098401
-0.01997701
-0.01837207
-0.01630721
-0.01362408
-0.01032767
-0.00664437
-0.00270294
0.00163687
0.00613996
0.01034758
0.01408257
0.01725127
0.01960432
0.02124463
0.02205216
0.02203545
0.02129753
0.02016091
0.01874205
0.01707695
0.01554856
0.01412997
0.01252651
0.01076724
0.00860088
0.00617726
0.00351729
0.00056269
-0.00236893
-0.00528502
-0.00812814
-0.01075581
-0.01301164
-0.01471877
-0.01578314
-0.01625893
-0.01588679
-0.01460021
-0.01241571
-0.00958408
-0.00631511
-0.00282701
0.00051067
0.00346654
0.00598915
0.00801443
0.00951627
0.01064634
0.01149258
0.01188010
0.01168515
0.01098955
0.00993413
0.00876729
0.00744581
0.00604866
0.00445496
0.00268643
0.00063694
-0.00149917
-0.00354278
-0.00548837
-0.00729532
-0.00863181
-0.00912560
-0.00875454
-0.00756879
-0.00568749
-0.00329621
-0.00050723
0.00245485
0.00521605
0.00739297
0.00878704
0.00943328
0.00943660
0.00885212
0.00771271
0.00616248
0.00435606
0.00244692
0.00046295
-0.00154831
-0.00338279
-0.00490648
-0.00617204
-0.00708708
-0.00766178
-0.00795817
-0.00807069
-0.00814190
-0.00827512
-0.00855148
-0.00901098
-0.00961697
-0.01036754
-0.01129025
-0.01221566
-0.01303779
-0.01380082
-0.01428218
-0.01421194
-0.01356373
-0.01249290
-0.01113337
-0.00954152
-0.00778396
-0.00598827
-0.00435696
-0.00305749
-0.00212236
-0.00158550
-0.00140639
-0.00151560
-0.00192215
-0.00263254
-0.00357884
-0.00470459
-0.00606778
-0.00765579
-0.00939347
-0.01120927
-0.01287988
-0.01440925
-0.01573189
-0.01661552
-0.01702512
-0.01690318
-0.01612895
-0.01479601
-0.01287090
-0.01045411
-0.00751096
-0.00416693
-0.00057617
0.00307726
0.00660877
0.00977038
0.01262406
0.01509240
0.01704005
0.01841162
0.01920365
0.01937868
0.01903303
0.01848710
0.01811235
0.01822354
0.01866490
0.01925151
0.01975264
0.02009299
0.02031754
0.02037388
0.02018770
0.01967531
0.01878020
0.01756401
0.01622801
0.01461617
0.01287666
0.01092814
0.00905010
0.00732421
0.00562701
0.00434451
0.00350361
0.00281336
0.00227021
0.00201015
0.00189428
0.00158397
0.00116852
0.00076728
0.00023264
-0.00041389
-0.00105062
-0.00172754
-0.00236227
-0.00303480
-0.00370962
-0.00445208
-0.00523536
-0.00614637
-0.00708000
-0.00803706
-0.00910262
-0.01007156
-0.01086415
-0.01145086
-0.01158016
-0.01119228
-0.01049509
-0.00939025
-0.00795149
-0.00615831
-0.00398038
-0.00146604
0.00115669
0.00374874
0.00618309
0.00834052
0.01020592
0.01187631
0.01329579
0.01437007
0.01527502
0.01587322
0.01614424
0.01626824
0.01629668
0.01626791
0.01621677
0.01621309
0.01632108
0.01658812
0.01705442
0.01768882
0.01835954
0.01908712
0.01971975
0.02024236
0.02049203
0.02046132
0.02006163
0.01916386
0.01775835
0.01596156
0.01360707
0.01094762
0.00811009
0.00516004
0.00222106
-0.00053816
-0.00291102
-0.00500107
-0.00662682
-0.00778040
-0.00868332
-0.00923749
-0.00946134
-0.00956559
-0.00963873
-0.00973545
-0.00988738
-0.01008741
-0.01027900
-0.01034401
-0.01014831
-0.00990449
-0.00982510
-0.00982871
-0.00988394
-0.00993644
-0.00986558
-0.00954087
-0.00880622
-0.00760099
-0.00603060
-0.00414731
-0.00209061
-0.00010771
0.00173540
0.00321230
0.00432305
0.00501553
0.00528056
0.00523589
0.00486684
0.00415003
0.00309611
0.00155260
-0.00039291
-0.00261590
-0.00490114
-0.00709268
-0.00886594
-0.01034389
-0.01153302
-0.01238907
-0.01298851
-0.01344283
-0.01373106
-0.01402743
-0.01443213
-0.01491590
-0.01541833
-0.01607327
-0.01686235
-0.01762390
-0.01840171
-0.01935439
-0.02042216
-0.02135858
-0.02233625
-0.02323951
-0.02404501
-0.02487852
-0.02560044
-0.02589423
-0.02594060
-0.02579031
-0.02548473
-0.02514769
-0.02492936
-0.02470383
-0.02439691
-0.02397831
-0.02346855
-0.02295804
-0.02233053
-0.02158305
-0.02053169
-0.01918220
-0.01776145
-0.01615531
-0.01461741
-0.01313003
-0.01169911
-0.01038693
-0.00926113
-0.00838380
-0.00776802
-0.00733934
-0.00716563
-0.00707660
-0.00695170
-0.00671298
-0.00629200
-0.00570368
-0.00503544
-0.00419046
-0.00321891
-0.00204817
-0.00081209
0.00039202
0.00153803
0.00261737
0.00368316
0.00483249
0.00593124
0.00690695
0.00775309
0.00850383
0.00899990
0.00926826
0.00954114
0.00994217
0.01054693
0.01132262
0.01209551
0.01285794
0.01371924
0.01459779
0.01552735
0.01634011
0.01698656
0.01753168
0.01784295
0.01796746
0.01784143
0.01733683
0.01634929
0.01489868
0.01317485
0.01107918
0.00893281
0.00687974
0.00487582
0.00308898
0.00145898
-0.00000182
-0.00148953
-0.00285806
-0.00420213
-0.00531052
-0.00624442
-0.00684241
-0.00731642
-0.00774930
-0.00805659
-0.00810313
-0.00796621
-0.00769237
-0.00731859
-0.00695112
-0.00643263
-0.00573027
-0.00488972
-0.00377871
-0.00247943
-0.00110134
0.00028586
0.00156146
0.00261255
0.00334551
0.00375034
0.00395245
0.00402967
0.00398829
0.00381803
0.00348988
0.00300603
0.00244343
0.00199338
0.00167761
0.00135626
0.00116830
0.00111757
0.00117048
0.00132366
0.00155858
0.00183571
0.00204010
0.00202191
0.00183514
0.00160464
0.00146256
0.00135833
0.00121295
0.00100052
0.00069746
0.00034296
0.00002030
-0.00029172
-0.00065178
-0.00101079
-0.00124799
-0.00136091
-0.00141935
-0.00143965
-0.00143925
-0.00142603
-0.00140830
-0.00138453
-0.00135972
-0.00132395
-0.00127618
-0.00122697
-0.00121229
-0.00128136
-0.00149729
-0.00190236
-0.00248297
-0.00313011
-0.00378956
-0.00437299
-0.00483611
-0.00514209
-0.00535847
-0.00560817
-0.00593150
-0.00628812
-0.00656664
-0.00670020
-0.00672312
-0.00661258
-0.00634508
-0.00593478
-0.00544799
-0.00488174
-0.00414433
-0.00328225
-0.00235870
-0.00129223
-0.00004802
0.00129032
0.00269311
0.00413060
0.00553783
0.00684076
0.00795495
0.00880590
0.00933282
0.00956142
0.00965402
0.00967846
0.00967060
0.00966298
0.00966225
0.00966754
0.00966568
0.00965430
0.00964474
0.00964029
0.00964659
0.00967497
0.00972475
0.00978508
0.00981935
0.00977529
0.00960433
0.00924321
0.00866572
0.00795138
0.00729577
0.00669873
0.00599077
0.00521279
0.00453256
0.00392413
0.00324020
0.00253547
0.00198017
0.00157297
0.00118620
0.00077415
0.00040538
0.00020734
0.00011615
0.00007891
0.00007720
0.00008697
0.00008325
0.00004468
-0.00004362
-0.00017906
-0.00033607
-0.00044212
-0.00041714
-0.00041689
-0.00041420
-0.00028606
-0.00014913
-0.00003619
0.00012758
0.00037208
0.00068672
0.00100727
0.00120129
0.00128127
0.00133585
0.00143047
0.00162912
0.00198385
0.00247983
0.00300285
0.00347693
0.00386595
0.00415343
0.00444220
0.00475666
0.00505357
0.00521981
0.00521841
0.00515839
0.00513801
0.00525993
0.00549596
0.00572780
0.00598608
0.00620262
0.00624439
0.00607429
0.00578169
0.00530869
0.00487283
0.00453311
0.00434831
0.00420524
0.00401796
0.00374665
0.00338077
0.00300712
0.00272916
0.00251267
0.00240440
0.00249699
0.00280619
0.00314847
0.00354438
0.00391366
0.00408530
0.00415498
0.00415660
0.00411448
0.00407306
0.00408361
0.00420006
0.00446449
0.00488350
0.00538265
0.00581181
0.00624176
0.00661028
0.00677181
0.00684010
0.00686255
0.00686106
0.00686247
0.00687857
0.00690694
0.00692798
0.00690470
0.00677430
0.00649558
0.00604854
0.00549003
0.00497221
0.00451565
0.00421498
0.00400888
0.00383612
0.00370109
0.00364617
0.00374178
0.00386068
0.00398742
0.00422351
0.00461843
0.00516830
0.00579391
0.00647636
0.00716947
0.00785547
0.00849496
0.00908213
0.00959837
0.01006625
0.01049089
0.01075514
0.01085288
0.01083158
0.01069084
0.01043933
0.01012352
0.00983829
0.00959080
0.00925444
0.00877428
0.00817798
0.00760022
0.00718496
0.00688454
0.00657845
0.00622928
0.00586661
0.00559401
0.00546639
0.00541823
0.00544358
0.00554341
0.00570503
0.00590149
0.00608882
0.00625667
0.00653421
0.00681779
0.00722051
0.00778181
0.00840128
0.00894646
0.00937765
0.00959517
0.00964314
0.00950566
0.00915434
0.00860159
0.00795392
0.00743127
0.00701904
0.00653540
0.00593604
0.00526888
0.00471845
0.00428154
0.00377433
0.00316554
0.00254079
0.00212577
0.00192847
0.00176734
0.00153928
0.00116655
0.00061411
-0.00003403
-0.00055538
-0.00085205
-0.00100972
-0.00108074
-0.00109839
-0.00109509
-0.00107808
-0.00105592
-0.00103355
-0.00100870
-0.00098597
-0.00097431
-0.00097353
-0.00098275
-0.00100426
-0.00103265
-0.00105756
-0.00107063
-0.00105168
-0.00097887
-0.00083255
-0.00060165
-0.00033874
-0.00012817
0.00006995
0.00017164
0.00013130
0.00001667
-0.00011881
-0.00020554
-0.00035252
-0.00058911
-0.00076341
-0.00085662
-0.00099585
-0.00126011
-0.00170457
-0.00232363
-0.00300006
-0.00361470
-0.00421943
-0.00487367
-0.00548629
-0.00597140
-0.00630284
-0.00646112
-0.00653965
-0.00657808
-0.00659300
-0.00659245
-0.00656801
-0.00650034
-0.00637098
-0.00617614
-0.00594225
-0.00572672
-0.00556108
-0.00536462
-0.00527533
-0.00520938
-0.00510076
-0.00492787
-0.00467140
-0.00435384
-0.00407589
-0.00399956
-0.00399445
-0.00400829
-0.00429871
-0.00472476
-0.00507197
-0.00505543
-0.00468931
-0.00428121
-0.00387274
-0.00363385
-0.00351418
-0.00350482
-0.00362442
-0.00385488
-0.00415207
-0.00444579
-0.00483986
-0.00517642
-0.00539515
-0.00545605
-0.00547891
-0.00538309
-0.00526336
-0.00502977
-0.00455341
-0.00408047
-0.00367590
-0.00320508
-0.00260817
-0.00195076
-0.00141372
-0.00111532
-0.00097543
-0.00089145
-0.00078667
-0.00059224
-0.00026023
0.00018241
0.00062987
0.00106734
0.00147589
0.00173207
0.00184804
0.00189378
0.00190417
0.00190448
0.00191979
0.00195661
0.00201018
0.00206139
0.00208119
0.00201666
0.00183311
0.00150855
0.00107857
0.00065145
0.00030386
0.00002642
-0.00018447
-0.00045495
-0.00067432
-0.00094443
-0.00128546
-0.00161450
-0.00186699
-0.00213196
-0.00241896
-0.00266001
-0.00282834
-0.00299183
-0.00295898
-0.00276664
-0.00244519
-0.00207102
-0.00177006
-0.00140184
-0.00094800
-0.00045804
-0.00004039
0.00041336
0.00087321
0.00121120
0.00157504
0.00199278
0.00237704
0.00258155
0.00269324
0.00272169
0.00263016
0.00240172
0.00203013
0.00157603
0.00116093
0.00075705
0.00038963
0.00016891
-0.00001314
-0.00026446
-0.00064164
-0.00114335
-0.00168672
-0.00228678
-0.00292838
-0.00363047
-0.00437824
-0.00499438
-0.00535237
-0.00550881
-0.00556087
-0.00556986
-0.00558584
-0.00566073
-0.00583950
-0.00612986
-0.00648180
-0.00677223
-0.00693658
-0.00703532
-0.00709255
-0.00711233
-0.00709511
-0.00702500
-0.00687932
-0.00663919
-0.00631985
-0.00598767
-0.00564631
-0.00520032
-0.00466136
-0.00414512
-0.00374959
-0.00352715
-0.00355197
-0.00368046
-0.00376502
-0.00373239
-0.00374696
-0.00389176
-0.00407504
-0.00439529
-0.00470148
-0.00502928
-0.00532894
-0.00551969
-0.00574944
-0.00609519
-0.00657958
-0.00713937
-0.00761061
-0.00799127
-0.00817170
-0.00828770
-0.00844107
-0.00867105
-0.00903394
-0.00947193
-0.00986425
-0.01031383
-0.01079926
-0.01121092
-0.01170053
-0.01225714
-0.01277803
-0.01334932
-0.01392355
-0.01457700
-0.01530907
-0.01594719
-0.01646014
-0.01696115
-0.01746819
-0.01789470
-0.01832579
-0.01875057
-0.01905012
-0.01928396
-0.01948531
-0.01960215
-0.01957342
-0.01952860
-0.01948267
-0.01933223
-0.01920441
-0.01915904
-0.01915159
-0.01916230
-0.01916941
-0.01913465
-0.01902181
-0.01880197
-0.01848186
-0.01812676
-0.01785598
-0.01764379
-0.01740643
-0.01711688
-0.01679771
-0.01652836
-0.01632975
-0.01610693
-0.01583090
-0.01550925
-0.01519521
-0.01487785
-0.01442552
-0.01380116
-0.01307071
-0.01228525
-0.01148188
-0.01074211
-0.01000160
-0.00919164
-0.00834942
-0.00742576
-0.00651840
-0.00562239
-0.00470449
-0.00389352
-0.00318125
-0.00251910
-0.00198001
-0.00153348
-0.00119213
-0.00084257
-0.00047051
-0.00016816
-0.00001948
0.00006900
0.00013026
0.00016016
0.00013238
0.00000103
-0.00027284
-0.00070651
-0.00123175
-0.00170188
-0.00217348
-0.00255769
-0.00269132
-0.00268760
-0.00257188
-0.00236745
-0.00214937
-0.00199812
-0.00179740
-0.00167691
-0.00159275
-0.00144668
-0.00121998
-0.00091610
-0.00061547
-0.00045093
-0.00037817
-0.00033519
-0.00028885
-0.00018866
-0.00000230
0.00027838
0.00059140
0.00080093
0.00089654
0.00095065
0.00099623
0.00105895
0.00114545
0.00124731
0.00131258
0.00128166
0.00127388
0.00132923
0.00133924
0.00123360
0.00112982
0.00107519
0.00099627
0.00086806
0.00067449
0.00043328
0.00020944
0.00013463
0.00023211
0.00036390
0.00052124
0.00071334
0.00083456
0.00096974
0.00116714
0.00144691
0.00178644
0.00210099
0.00236820
0.00268812
0.00307026
0.00345473
0.00377856
0.00413477
0.00451192
0.00482588
0.00499324
0.00510489
0.00518992
0.00525327
0.00529191
0.00528595
0.00529352
0.00554862
0.00598413
0.00647139
0.00681598
0.00700918
0.00698108
0.00688994
0.00664225
0.00646611
0.00634946
0.00626326
0.00624750
0.00631219
0.00648707
0.00677041
0.00713608
0.00746645
0.00757423
0.00755465
0.00746835
0.00736360
0.00733642
0.00745460
0.00753521
0.00757015
0.00759758
0.00760693
0.00761253
0.00760334
0.00757929
0.00753351
0.00747358
0.00740988
0.00735849
0.00734473
0.00741863
0.00762627
0.00798170
0.00842693
0.00884188
0.00926612
0.00966697
0.00990415
0.01000533
0.01003469
0.01002353
0.00999737
0.00997259
0.00994910
0.00992990
0.00991267
0.00990239
0.00990357
0.00991360
0.00991767
0.00990430
0.00985605
0.00976238
0.00962111
0.00945695
0.00933072
0.00931090
0.00929901
0.00927035
0.00913745
0.00888919
0.00867961
0.00857050
0.00850049
0.00845734
0.00843657
0.00842832
0.00842809
0.00842613
0.00841580
0.00840966
0.00841244
0.00841663
0.00841633
0.00840532
0.00838890
0.00839186
0.00844359
0.00856320
0.00874407
0.00895717
0.00914847
0.00934803
0.00958441
0.00969509
0.00975045
0.00978584
0.00979928
0.00980445
0.00980019
0.00979011
0.00977134
0.00975152
0.00974858
0.00981451
0.01000016
0.01034539
0.01083945
0.01138416
0.01184570
0.01222658
0.01248405
0.01273658
0.01304247
0.01338729
0.01368651
0.01383306
0.01392069
0.01397685
0.01398338
0.01395723
0.01390907
0.01385489
0.01381633
0.01380296
0.01383153
0.01392198
0.01408141
0.01429372
0.01450050
0.01458143
0.01439511
0.01414000
0.01401365
0.01392837
0.01387200
0.01384986
0.01384743
0.01385476
0.01386158
0.01386615
0.01386834
0.01387309
0.01388234
0.01389717
0.01391015
0.01390895
0.01387294
0.01378229
0.01362400
0.01340819
0.01319457
0.01305385
0.01280267
0.01262770
0.01247248
0.01224278
0.01192941
0.01155800
0.01124608
0.01091771
0.01053429
0.01015194
0.00988630
0.00965966
0.00941370
0.00918478
0.00900913
0.00874748
0.00852084
0.00830398
0.00804808
0.00780264
0.00762897
0.00742391
0.00730858
0.00726146
0.00720231
0.00709888
0.00690733
0.00662363
0.00629085
0.00601972
0.00575606
0.00547597
0.00522658
0.00506088
0.00485180
0.00472840
0.00465166
0.00453514
0.00434228
0.00404858
0.00368895
0.00335840
0.00304569
0.00270366
0.00238069
0.00218067
0.00207792
0.00198114
0.00184234
0.00163120
0.00135263
0.00107770
0.00094078
0.00094316
0.00100009
0.00102543
0.00092080
0.00077883
0.00062961
0.00040733
0.00011231
-0.00020133
-0.00043419
-0.00063468
-0.00092211
-0.00133874
-0.00185200
-0.00234378
-0.00277230
-0.00309071
-0.00334096
-0.00362679
-0.00398596
-0.00438778
-0.00471127
-0.00493281
-0.00507927
-0.00525793
-0.00559421
-0.00596855
-0.00634089
-0.00675766
-0.00714070
-0.00746662
-0.00781505
-0.00816107
-0.00840649
-0.00851536
-0.00857083
-0.00859536
-0.00859739
-0.00859020
-0.00857752
-0.00856146
-0.00854101
-0.00851933
-0.00850350
-0.00849736
-0.00849499
-0.00849462
-0.00849428
-0.00849162
-0.00848407
-0.00847019
-0.00845073
-0.00843062
-0.00841289
-0.00838640
-0.00835263
-0.00833280
-0.00832793
-0.00832620
-0.00832006
-0.00830810
-0.00830265
-0.00829915
-0.00829657
-0.00829674
-0.00830024
-0.00830717
-0.00831608
-0.00832375
-0.00832528
-0.00831535
-0.00829111
-0.00825562
-0.00822217
-0.00821590
-0.00827260
-0.00842947
-0.00870767
-0.00908656
-0.00946209
-0.00966383
-0.00977396
-0.00983265
-0.00984561
-0.00983371
-0.00980630
-0.00977424
-0.00974403
-0.00972873
-0.00972096
-0.00972754
-0.00978371
-0.00992593
-0.01017446
-0.01051825
-0.01086727
-0.01107737
-0.01125407
-0.01140999
-0.01150621
-0.01148641
-0.01129853
-0.01121172
-0.01116589
-0.01113457
-0.01113063
-0.01113993
-0.01115513
-0.01116140
-0.01115225
-0.01113990
-0.01112868
-0.01112071
-0.01112350
-0.01114123
-0.01117455
-0.01121539
-0.01124579
-0.01123642
-0.01115472
-0.01099302
-0.01075304
-0.01047683
-0.01027962
-0.01032300
-0.01055406
-0.01084495
-0.01103919
-0.01116579
-0.01124556
-0.01127705
-0.01128095
-0.01126900
-0.01125434
-0.01124030
-0.01123038
-0.01122310
-0.01122169
-0.01122767
-0.01123318
-0.01123560
-0.01124373
-0.01124826
-0.01124772
-0.01124793
-0.01125437
-0.01126949
-0.01129423
-0.01132126
-0.01133577
-0.01131198
-0.01122019
-0.01103420
-0.01075166
-0.01042008
-0.01014815
-0.00993646
-0.00968961
-0.00937420
-0.00901257
-0.00868998
-0.00843455
-0.00816243
-0.00788026
-0.00764849
-0.00744120
-0.00724642
-0.00716583
-0.00713441
-0.00711700
-0.00710001
-0.00706045
-0.00698932
-0.00688945
-0.00678922
-0.00674525
-0.00683037
-0.00697228
-0.00703218
-0.00704398
-0.00700657
-0.00690913
-0.00677488
-0.00665136
-0.00653487
-0.00628215
-0.00605568
-0.00598631
-0.00596900
-0.00596137
-0.00594363
-0.00587955
-0.00574249
-0.00552715
-0.00527810
-0.00511468
-0.00512789
-0.00518002
-0.00512626
-0.00491198
-0.00464067
-0.00420925
-0.00361527
-0.00301732
-0.00260565
-0.00236420
-0.00213931
-0.00187370
-0.00153867
-0.00117743
-0.00089809
-0.00057515
-0.00020292
0.00012131
0.00027370
0.00038572
0.00054263
0.00078344
0.00114072
0.00155316
0.00190104
0.00228134
0.00268896
0.00299112
0.00302222
0.00286759
0.00259662
0.00230095
0.00214434
0.00199476
0.00180893
0.00156238
0.00125815
0.00096922
0.00083145
0.00073296
0.00062467
0.00047945
0.00027797
0.00007192
-0.00007295
-0.00034178
-0.00054037
-0.00074122
-0.00098325
-0.00120386
-0.00135207
-0.00158400
-0.00169209
-0.00172967
-0.00174426
-0.00172369
-0.00169370
-0.00166164
-0.00163173
-0.00160217
-0.00158547
-0.00156767
-0.00157118
-0.00158921
-0.00161775
-0.00164273
-0.00164183
-0.00157963
-0.00142230
-0.00114561
-0.00074258
-0.00028219
0.00011711
0.00054683
0.00097141
0.00127964
0.00162556
0.00206377
0.00254118
0.00294819
0.00341282
0.00392840
0.00438114
0.00488088
0.00540574
0.00583163
0.00625863
0.00664696
0.00685666
0.00695541
0.00700007
0.00701286
0.00701705
0.00704782
0.00711361
0.00722111
0.00735726
0.00747731
0.00749406
0.00732333
0.00712064
0.00688127
0.00661352
0.00642810
0.00645619
0.00660361
0.00673659
0.00693011
0.00701604
0.00700913
0.00696973
0.00697177
0.00711259
0.00720821
0.00726244
0.00733330
0.00743482
0.00758509
0.00778283
0.00799026
0.00815030
0.00840801
0.00866164
0.00896302
0.00938323
0.00987396
0.01031986
0.01073266
0.01105964
0.01116969
0.01116165
0.01116583
0.01128093
0.01135582
0.01143605
0.01159984
0.01186584
0.01222608
0.01259538
0.01282343
0.01294470
0.01299122
0.01295352
0.01283170
0.01263176
0.01238435
0.01216571
0.01208414
0.01200384
0.01178267
0.01156515
0.01130408
0.01094611
0.01054785
0.01021857
0.00988996
0.00953480
0.00921213
0.00901929
0.00887829
0.00870624
0.00847479
0.00817810
0.00788467
0.00771342
0.00758433
0.00740434
0.00714739
0.00681070
0.00647113
0.00626916
0.00616193
0.00610101
0.00607943
0.00607787
0.00608756
0.00609825
0.00611113
0.00612433
0.00614085
0.00615457
0.00615989
0.00616099
0.00616641
0.00617798
0.00619768
0.00620045
0.00617504
0.00610861
0.00599601
0.00584508
0.00570376
0.00562076
0.00542068
0.00517583
0.00504902
0.00494300
0.00476295
0.00444644
0.00396746
0.00338463
0.00286611
0.00245547
0.00225819
0.00222475
0.00228219
0.00237026
0.00239002
0.00226183
0.00217208
0.00212494
0.00208754
0.00206981
0.00206293
0.00205863
0.00204233
0.00200959
0.00196415
0.00192959
0.00194415
0.00205990
0.00232038
0.00273719
0.00323712
0.00365885
0.00398928
0.00415585
0.00401231
0.00366675
0.00329080
0.00287220
0.00245658
0.00217262
0.00193853
0.00170011
0.00147845
0.00130851
0.00103693
0.00076796
0.00046630
0.00008310
-0.00031174
-0.00059880
-0.00083641
-0.00107651
-0.00128760
-0.00143749
-0.00166766
-0.00189728
-0.00217525
-0.00257503
-0.00304985
-0.00349754
-0.00394214
-0.00434783
-0.00456610
-0.00466027
-0.00468244
-0.00466264
-0.00463031
-0.00462642
-0.00468235
-0.00480998
-0.00499090
-0.00517201
-0.00527838
-0.00544887
-0.00559569
-0.00578376
-0.00586284
-0.00583627
-0.00576844
-0.00569559
-0.00570286
-0.00585580
-0.00596152
-0.00600778
-0.00604165
-0.00606622
-0.00608272
-0.00608637
-0.00609745
-0.00610943
-0.00611231
-0.00610906
-0.00610722
-0.00611059
-0.00612670
-0.00615784
-0.00620144
-0.00624126
-0.00624961
-0.00618676
-0.00601545
-0.00571823
-0.00532905
-0.00496694
-0.00481151
-0.00486198
-0.00508302
-0.00543952
-0.00579251
-0.00595014
-0.00592413
-0.00573380
-0.00540288
-0.00504181
-0.00481745
-0.00470000
-0.00464454
-0.00463860
-0.00465413
-0.00467085
-0.00466875
-0.00464151
-0.00458712
-0.00451837
-0.00445612
-0.00446730
-0.00459606
-0.00462338
-0.00452036
-0.00432091
-0.00406388
-0.00384066
-0.00355865
-0.00339966
-0.00338828
-0.00350595
-0.00375763
-0.00409999
-0.00442164
-0.00456938
-0.00458544
-0.00455164
-0.00455515
-0.00468083
-0.00474915
-0.00477060
-0.00479038
-0.00481265
-0.00483918
-0.00488573
-0.00495540
-0.00505213
-0.00517029
-0.00526720
-0.00530140
-0.00544708
-0.00564979
-0.00578957
-0.00597398
-0.00604816
-0.00602792
-0.00598946
-0.00599467
-0.00610326
-0.00610746
-0.00600139
-0.00583159
-0.00565199
-0.00554688
-0.00540034
-0.00533150
-0.00526689
-0.00509286
-0.00500214
-0.00497972
-0.00497764
-0.00497825
-0.00495231
-0.00486716
-0.00469966
-0.00445215
-0.00417374
-0.00398653
-0.00405051
-0.00422261
-0.00434804
-0.00426169
-0.00409802
-0.00396391
-0.00370682
-0.00357538
-0.00349898
-0.00344431
-0.00342562
-0.00339670
-0.00333456
-0.00321063
-0.00302674
-0.00281924
-0.00264325
-0.00231756
-0.00202186
-0.00168328
-0.00129119
-0.00094638
-0.00081309
-0.00080737
-0.00088506
-0.00101664
-0.00111888
-0.00107655
-0.00078758
-0.00046604
-0.00006455
0.00035795
0.00064207
0.00090531
0.00117338
0.00140036
0.00153319
0.00173637
0.00182477
0.00188348
0.00198720
0.00215229
0.00240457
0.00271390
0.00298830
0.00308145
0.00313253
0.00323744
0.00347435
0.00389217
0.00446830
0.00505605
0.00536989
0.00535219
0.00520856
0.00509257
0.00491527
0.00494689
0.00515751
0.00547069
0.00577374
0.00591578
0.00598433
0.00601425
0.00604380
0.00612528
0.00630093
0.00657789
0.00690438
0.00714435
0.00716402
0.00702958
0.00681550
0.00662862
0.00654464
0.00642567
0.00625935
0.00622540
0.00623289
0.00622330
0.00618199
0.00607546
0.00589273
0.00565085
0.00542339
0.00524661
0.00504066
0.00496278
0.00495266
0.00495465
0.00494617
0.00487546
0.00471290
0.00444190
0.00410602
0.00381394
0.00367940
0.00362501
0.00362216
0.00364331
0.00364429
0.00357716
0.00340448
0.00311363
0.00274724
0.00242446
0.00226480
0.00218368
0.00213802
0.00212040
0.00210872
0.00208062
0.00204387
0.00200563
0.00199059
0.00203708
0.00218386
0.00245213
0.00281166
0.00313649
0.00330409
0.00337623
0.00334319
0.00319204
0.00296842
0.00274204
0.00262060
0.00275794
0.00323484
0.00380523
0.00420067
0.00434532
0.00428980
0.00404767
0.00368143
0.00333899
0.00315772
0.00307095
0.00304728
0.00305051
0.00303799
0.00295500
0.00275982
0.00245077
0.00207682
0.00175447
0.00159815
0.00152689
0.00150415
0.00150666
0.00149150
0.00141854
0.00124425
0.00097271
0.00063700
0.00034660
0.00020574
0.00013541
0.00009951
0.00007802
0.00003001
-0.00008244
-0.00026024
-0.00046304
-0.00059922
-0.00057186
-0.00058553
-0.00080352
-0.00103256
-0.00109796
-0.00111505
-0.00113316
-0.00119149
-0.00132596
-0.00155789
-0.00187458
-0.00218368
-0.00231813
-0.00238020
-0.00242543
-0.00248860
-0.00262440
-0.00285993
-0.00318475
-0.00350319
-0.00366365
-0.00374911
-0.00379063
-0.00379207
-0.00377874
-0.00376572
-0.00376846
-0.00376862
-0.00377211
-0.00377691
-0.00378145
-0.00378379
-0.00378503
-0.00378476
-0.00378454
-0.00378365
-0.00378257
-0.00377977
-0.00377535
-0.00376867
-0.00376183
-0.00375714
-0.00375933
-0.00377179
-0.00379647
-0.00382896
-0.00385778
-0.00386186
-0.00381413
-0.00368981
-0.00350075
-0.00329627
-0.00318390
-0.00330074
-0.00352239
-0.00367760
-0.00381107
-0.00395336
-0.00409700
-0.00424037
-0.00435495
-0.00434631
-0.00413647
-0.00390882
-0.00366921
-0.00341485
-0.00324090
-0.00325792
-0.00334647
-0.00335143
-0.00334198
-0.00315727
-0.00287871
-0.00269974
-0.00258355
-0.00250313
-0.00246398
-0.00246457
-0.00250132
-0.00255067
-0.00257434
-0.00252732
-0.00237907
-0.00210857
-0.00172899
-0.00133295
-0.00109689
-0.00107264
-0.00122374
-0.00151428
-0.00184563
-0.00204856
-0.00207951
-0.00197214
-0.00175206
-0.00149700
-0.00133271
-0.00121766
-0.00102669
-0.00083522
-0.00075321
-0.00072319
-0.00072068
-0.00073832
-0.00075485
-0.00074395
-0.00066149
-0.00046570
-0.00015037
0.00023726
0.00058932
0.00086942
0.00115423
0.00143392
0.00164854
0.00182880
0.00199627
0.00206608
0.00212594
0.00223671
0.00243007
0.00272462
0.00308007
0.00338088
0.00351852
0.00359817
0.00366246
0.00375926
0.00393426
0.00418504
0.00447950
0.00470697
0.00476648
0.00475280
0.00473683
0.00479538
0.00494095
0.00499584
0.00500847
0.00498787
0.00491838
0.00481403
0.00470442
0.00465520
0.00466628
0.00451513
0.00431874
0.00418005
0.00394286
0.00383154
0.00378978
0.00375712
0.00374118
0.00371920
0.00365868
0.00355575
0.00342917
0.00330601
0.00321695
0.00293222
0.00262019
0.00247697
0.00240195
0.00238340
0.00242736
0.00252168
0.00264291
0.00274792
0.00276152
0.00261955
0.00251802
0.00246345
0.00242289
0.00240626
0.00240652
0.00241907
0.00243164
0.00243791
0.00242967
0.00240740
0.00237512
0.00234933
0.00235281
0.00241684
0.00256612
0.00280755
0.00310405
0.00334979
0.00337819
0.00320355
0.00294214
0.00273214
0.00257260
0.00238986
0.00215252
0.00185119
0.00152855
0.00127718
0.00106587
0.00081708
0.00051982
0.00021922
0.00001554
-0.00011599
-0.00026296
-0.00046586
-0.00074053
-0.00105256
-0.00130109
-0.00145724
-0.00162620
-0.00185746
-0.00216447
-0.00250954
-0.00277587
-0.00290921
-0.00298086
-0.00301280
-0.00301567
-0.00300634
-0.00299443
-0.00298623
-0.00298238
-0.00298223
-0.00298341
-0.00298460
-0.00298454
-0.00298337
-0.00298104
-0.00297825
-0.00297505
-0.00297188
-0.00296852
-0.00296532
-0.00296221
-0.00295987
-0.00295853
-0.00295886
-0.00296037
-0.00296241
-0.00296259
-0.00295861
-0.00294761
-0.00292961
-0.00290759
-0.00289128
-0.00289548
-0.00293978
-0.00304067
-0.00320171
-0.00339993
-0.00355844
-0.00359485
-0.00368993
-0.00369762
-0.00373908
-0.00366668
-0.00364488
-0.00383612
-0.00404272
-0.00438186
-0.00456472
-0.00454601
-0.00426143
-0.00393784
-0.00355227
-0.00317499
-0.00298600
-0.00288777
-0.00285225
-0.00286244
-0.00289385
-0.00292213
-0.00292672
-0.00288703
-0.00278830
-0.00262541
-0.00241619
-0.00222348
-0.00212677
-0.00199856
-0.00193842
-0.00185119
-0.00160470
-0.00138543
-0.00119757
-0.00104730
-0.00102338
-0.00120587
-0.00140835
-0.00157813
-0.00172490
-0.00177853
-0.00167573
-0.00155307
-0.00148790
-0.00144286
-0.00141917
-0.00141085
-0.00140482
-0.00138232
-0.00132924
-0.00123788
-0.00111841
-0.00100987
-0.00096286
-0.00084724
-0.00064421
-0.00047950
-0.00030646
-0.00020412
-0.00022433
-0.00029090
-0.00033607
-0.00027656
-0.00016432
-0.00011144
-0.00006338
-0.00001538
0.00001685
0.00002870
0.00001653
-0.00000479
-0.00002394
-0.00003215
-0.00003385
-0.00002793
-0.00001669
-0.00000144
0.00001191
0.00001871
0.00002039
0.00002407
0.00002986
0.00004390
0.00005380
0.00005642
0.00005449
0.00003981
0.00001995
-0.00000699
-0.00003031
-0.00001267
0.00007190
0.00026195
0.00055083
0.00089075
0.00117697
0.00130837
0.00136573
0.00139135
0.00141253
0.00147364
0.00159933
0.00179554
0.00201878
0.00217670
0.00220445
0.00217122
0.00195052
0.00172799
0.00174157
0.00191544
0.00220559
0.00251042
0.00265526
0.00274048
0.00281214
0.00288172
0.00299784
0.00316364
0.00334589
0.00345348
0.00337147
0.00331152
0.00343423
0.00358327
0.00365580
0.00379051
0.00377298
0.00368572
0.00364612
0.00371810
0.00369909
0.00372284
0.00389257
0.00399216
0.00401209
0.00396071
0.00382934
0.00363021
0.00342988
0.00330913
0.00315070
0.00306516
0.00297971
0.00278317
0.00266475
0.00260975
0.00258499
0.00259418
0.00263757
0.00270736
0.00278778
0.00284820
0.00283657
0.00271791
0.00270467
0.00280730
0.00297874
0.00316316
0.00327071
0.00341397
0.00347103
0.00351602
0.00367385
0.00380303
0.00386037
0.00389841
0.00391610
0.00391116
0.00389922
0.00389339
0.00390946
0.00394213
0.00397262
0.00398322
0.00394309
0.00382156
0.00359849
0.00327562
0.00292424
0.00268245
0.00255967
0.00249615
0.00247527
0.00247963
0.00249432
0.00250818
0.00251806
0.00252290
0.00252542
0.00252598
0.00252540
0.00252093
0.00251096
0.00249311
0.00247059
0.00245029
0.00243695
0.00242531
0.00241641
0.00241128
0.00241277
0.00242164
0.00242772
0.00240302
0.00232259
0.00216832
0.00193571
0.00164690
0.00139108
0.00132055
0.00148092
0.00171154
0.00182992
0.00174275
0.00150608
0.00118472
0.00090616
0.00073959
0.00062223
0.00052175
0.00041661
0.00029110
0.00015226
0.00002426
-0.00017018
-0.00050552
-0.00079360
-0.00094717
-0.00102655
-0.00102336
-0.00092410
-0.00073494
-0.00049743
-0.00031948
-0.00036438
-0.00073699
-0.00125024
-0.00172436
-0.00211731
-0.00232493
-0.00242805
-0.00246751
-0.00246174
-0.00243856
-0.00241055
-0.00238685
-0.00236930
-0.00236370
-0.00238493
-0.00246668
-0.00261798
-0.00283816
-0.00309960
-0.00330114
-0.00338971
-0.00352735
-0.00372530
-0.00380394
-0.00383843
-0.00385880
-0.00386134
-0.00385729
-0.00384875
-0.00384211
-0.00383796
-0.00384029
-0.00384914
-0.00386646
-0.00388867
-0.00390956
-0.00391655
-0.00391853
-0.00391836
-0.00391962
-0.00392498
-0.00393760
-0.00395638
-0.00397713
-0.00399057
-0.00400823
-0.00403429
-0.00406797
-0.00410197
-0.00414366
-0.00418394
-0.00420371
-0.00419215
-0.00410918
-0.00394090
-0.00369651
-0.00343362
-0.00324267
-0.00301836
-0.00291418
-0.00288036
-0.00287648
-0.00289954
-0.00292212
-0.00294693
-0.00296992
-0.00298946
-0.00297827
-0.00294404
-0.00287922
-0.00279971
-0.00273511
-0.00274152
-0.00285234
-0.00284004
-0.00267023
-0.00237842
-0.00201971
-0.00174693
-0.00150277
-0.00126746
-0.00109148
-0.00101117
-0.00086735
-0.00072798
-0.00051513
-0.00037026
-0.00029650
-0.00024996
-0.00023972
-0.00025466
-0.00028868
-0.00031911
-0.00032272
-0.00026401
-0.00011570
0.00013735
0.00047970
0.00082267
0.00100774
0.00101123
0.00088294
0.00067034
0.00047492
0.00044750
0.00056954
0.00072183
0.00093862
0.00112875
0.00123173
0.00129906
0.00133266
0.00133946
0.00133450
0.00132828
0.00132480
0.00132656
0.00133198
0.00134019
0.00134848
0.00135589
0.00136028
0.00136126
0.00135781
0.00135143
0.00134436
0.00134239
0.00135229
0.00138230
0.00143696
0.00151418
0.00159715
0.00163606
0.00155615
0.00142659
0.00137866
0.00136175
0.00135486
0.00134554
0.00130102
0.00119276
0.00099166
0.00069116
0.00034305
0.00007480
-0.00004816
-0.00009064
-0.00009522
-0.00010129
-0.00016318
-0.00032481
-0.00060634
-0.00097149
-0.00130518
-0.00148900
-0.00159559
-0.00164402
-0.00165060
-0.00163936
-0.00162426
-0.00161632
-0.00161722
-0.00162482
-0.00163175
-0.00163034
-0.00161318
-0.00157886
-0.00153392
-0.00149813
-0.00150282
-0.00158773
-0.00178580
-0.00210280
-0.00248467
-0.00279019
-0.00287219
-0.00278045
-0.00253139
-0.00217133
-0.00183515
-0.00164725
-0.00153825
-0.00148895
-0.00150185
-0.00156603
-0.00167758
-0.00182067
-0.00196716
-0.00204456
-0.00199060
-0.00199900
-0.00197946
-0.00213112
-0.00234109
-0.00246195
-0.00261775
-0.00254643
-0.00230469
-0.00197286
-0.00168646
-0.00165859
-0.00182164
-0.00212458
-0.00246073
-0.00264115
-0.00274762
-0.00280060
-0.00280584
-0.00278586
-0.00276019
-0.00274347
-0.00274492
-0.00276480
-0.00279773
-0.00282647
-0.00282745
-0.00276749
-0.00261827
-0.00236543
-0.00203607
-0.00172684
-0.00158906
-0.00152326
-0.00147908
-0.00142092
-0.00129819
-0.00108039
-0.00077250
-0.00045117
-0.00024982
-0.00008920
0.00010425
0.00035893
0.00067846
0.00099154
0.00116495
0.00125836
0.00131858
0.00135454
0.00138285
0.00140806
0.00142598
0.00143775
0.00144120
0.00142714
0.00137090
0.00127143
0.00115085
0.00105370
0.00104783
0.00120795
0.00133260
0.00140095
0.00144718
0.00145917
0.00142087
0.00133434
0.00122592
0.00113343
0.00111249
0.00120198
0.00120879
0.00114426
0.00108239
0.00107033
0.00117046
0.00122144
0.00115872
0.00103354
0.00089422
0.00080574
0.00068409
0.00053927
0.00035347
0.00019485
0.00012249
0.00008275
0.00005740
0.00004666
0.00004863
0.00005224
0.00005608
0.00005777
0.00005974
0.00006156
0.00006591
0.00007147
0.00007884
0.00008439
0.00008663
0.00008144
0.00006941
0.00005225
0.00003986
0.00004537
0.00008793
0.00018188
0.00033122
0.00051221
0.00065923
0.00067446
0.00060103
0.00046436
0.00028845
0.00019734
0.00014746
0.00012030
0.00011678
0.00012197
0.00013040
0.00013426
0.00013588
0.00013615
0.00014253
0.00015694
0.00018185
0.00020805
0.00022162
0.00019540
0.00010324
-0.00007720
-0.00032165
-0.00055698
-0.00078765
-0.00100980
-0.00109802
-0.00109742
-0.00102003
-0.00087207
-0.00068866
-0.00053099
-0.00047848
-0.00054926
-0.00058878
-0.00061371
-0.00043637
-0.00013698
0.00014034
0.00029146
0.00038057
0.00043240
0.00044663
0.00044578
0.00043915
0.00043891
0.00044418
0.00045405
0.00045971
0.00045557
0.00043583
0.00040442
0.00037376
0.00037058
0.00042982
0.00058843
0.00086445
0.00123445
0.00159078
0.00176405
0.00184111
0.00185295
0.00180991
0.00175211
0.00169896
0.00168649
0.00175137
0.00192821
0.00222667
0.00261258
0.00296312
0.00309455
0.00308253
0.00296115
0.00276228
0.00255723
0.00246657
0.00263218
0.00286877
0.00299257
0.00307996
0.00314037
0.00316570
0.00316957
0.00316104
0.00315201
0.00314633
0.00314761
0.00315361
0.00316317
0.00317186
0.00317745
0.00317623
0.00316798
0.00315343
0.00313882
0.00313320
0.00315034
0.00320256
0.00329805
0.00342620
0.00353593
0.00354903
0.00337755
0.00319150
0.00304233
0.00291991
0.00288857
0.00298376
0.00304379
0.00297515
0.00281363
0.00259509
0.00239603
0.00216071
0.00196991
0.00187699
0.00182999
0.00181295
0.00181871
0.00183760
0.00186436
0.00189174
0.00191046
0.00190332
0.00184911
0.00172586
0.00152640
0.00127795
0.00105128
0.00083327
0.00062181
0.00052521
0.00048606
0.00047623
0.00049103
0.00051139
0.00052484
0.00051248
0.00046093
0.00035788
0.00020836
0.00004312
-0.00007601
-0.00018604
-0.00034065
-0.00050804
-0.00067879
-0.00075908
-0.00080675
-0.00087265
-0.00097772
-0.00114801
-0.00136989
-0.00158920
-0.00177103
-0.00199138
-0.00209325
-0.00213702
-0.00215848
-0.00215994
-0.00215774
-0.00215629
-0.00215915
-0.00216160
-0.00215795
-0.00214105
-0.00210878
-0.00206678
-0.00203273
-0.00203642
-0.00211456
-0.00229923
-0.00259546
-0.00295692
-0.00324587
-0.00326448
-0.00308787
-0.00277373
-0.00243041
-0.00224594
-0.00213667
-0.00207916
-0.00206671
-0.00207599
-0.00209019
-0.00209751
-0.00209438
-0.00208323
-0.00207030
-0.00206399
-0.00207089
-0.00209424
-0.00212848
-0.00215873
-0.00215767
-0.00209226
-0.00193109
-0.00166607
-0.00133235
-0.00104555
-0.00098098
-0.00111337
-0.00138645
-0.00170742
-0.00190829
-0.00200761
-0.00202641
-0.00196713
-0.00184998
-0.00171325
-0.00162341
-0.00164206
-0.00160004
-0.00153994
-0.00154078
-0.00141297
-0.00122784
-0.00112685
-0.00102224
-0.00107351
-0.00124507
-0.00139314
-0.00137626
-0.00128469
-0.00124116
-0.00113073
-0.00108544
-0.00103575
-0.00086864
-0.00076507
-0.00071713
-0.00068513
-0.00066942
-0.00066436
-0.00066759
-0.00067522
-0.00068547
-0.00069407
-0.00069526
-0.00067968
-0.00063742
-0.00056093
-0.00045275
-0.00033231
-0.00025075
-0.00026604
-0.00024862
-0.00016127
-0.00008874
0.00009245
0.00037837
0.00058322
0.00069099
0.00075550
0.00078607
0.00079259
0.00078746
0.00077995
0.00077535
0.00077544
0.00077995
0.00078744
0.00079591
0.00080224
0.00080170
0.00078719
0.00075009
0.00068315
0.00058595
0.00048031
0.00039310
0.00017506
-0.00019786
-0.00057104
-0.00089584
-0.00096202
-0.00076956
-0.00055881
-0.00037492
-0.00021090
-0.00013094
-0.00020189
-0.00032310
-0.00039283
-0.00044277
-0.00047270
-0.00047713
-0.00046328
-0.00043933
-0.00041755
-0.00040933
-0.00042710
-0.00047827
-0.00056329
-0.00066614
-0.00075152
-0.00075602
-0.00061032
-0.00038806
-0.00024515
-0.00019507
-0.00030870
-0.00065808
-0.00110766
-0.00139072
-0.00148291
-0.00145856
-0.00135900
-0.00125438
-0.00111189
-0.00088318
-0.00073366
-0.00071028
-0.00069273
-0.00059334
-0.00045717
-0.00039104
-0.00032615
-0.00023651
-0.00012300
0.00000862
0.00012012
0.00015422
0.00017538
0.00028044
0.00035708
0.00043457
0.00058060
0.00075780
0.00095860
0.00105810
0.00111045
0.00114092
0.00114812
0.00114665
0.00114101
0.00113902
0.00114027
0.00114650
0.00115388
0.00116129
0.00116391
0.00116063
0.00114902
0.00113296
0.00111826
0.00111904
0.00115069
0.00123098
0.00136622
0.00154448
0.00171547
0.00178536
0.00170525
0.00166839
0.00177768
0.00187467
0.00190078
0.00194962
0.00190266
0.00189965
0.00200454
0.00208650
0.00220506
0.00219643
0.00213518
0.00210530
0.00217279
0.00232789
0.00235453
0.00229613
0.00216378
0.00197368
0.00180230
0.00178683
0.00202918
0.00235246
0.00261731
0.00287207
0.00305574
0.00305592
0.00283019
0.00250100
0.00205574
0.00184101
0.00193592
0.00209933
0.00214257
0.00214379
0.00213804
0.00217001
0.00229208
0.00223699
0.00207900
0.00188378
0.00173157
0.00173714
0.00174019
0.00191390
0.00205488
0.00193148
0.00166541
0.00137199
0.00121778
0.00112212
0.00106364
0.00104436
0.00104494
0.00105459
0.00106284
0.00106944
0.00107546
0.00108660
0.00110386
0.00112552
0.00113959
0.00112875
0.00106864
0.00094094
0.00074177
0.00050347
0.00031610
0.00030404
0.00030295
0.00020792
0.00020823
0.00014682
-0.00007752
-0.00022047
-0.00034581
-0.00046171
-0.00051033
-0.00047532
-0.00063848
-0.00093116
-0.00123633
-0.00142034
-0.00152066
-0.00158122
-0.00160103
-0.00160090
-0.00158875
-0.00157841
-0.00157029
-0.00156849
-0.00156850
-0.00157114
-0.00157227
-0.00157340
-0.00157226
-0.00157116
-0.00156871
-0.00156704
-0.00156467
-0.00156318
-0.00156102
-0.00155953
-0.00155750
-0.00155642
-0.00155545
-0.00155598
-0.00155689
-0.00155854
-0.00155872
-0.00155661
-0.00154978
-0.00153862
-0.00152427
-0.00151272
-0.00151212
-0.00153408
-0.00158746
-0.00167518
-0.00178313
-0.00187634
-0.00188182
-0.00173722
-0.00163729
-0.00158853
-0.00155538
-0.00154544
-0.00154522
-0.00154311
-0.00151692
-0.00145420
-0.00134704
-0.00121225
-0.00109885
-0.00106644
-0.00095485
-0.00083294
-0.00081806
-0.00079600
-0.00086020
-0.00090105
-0.00074572
-0.00047602
-0.00001515
0.00045241
0.00080202
0.00088785
0.00073947
0.00045013
0.00015567
0.00007029
0.00018839
0.00046204
0.00079375
0.00101214
0.00114156
0.00121597
0.00124158
0.00123837
0.00122244
0.00120772
0.00119900
0.00119806
0.00120187
0.00120817
0.00121382
0.00121805
0.00122004
0.00122075
0.00122043
0.00122021
0.00122012
0.00122069
0.00122150
0.00122274
0.00122391
0.00122517
0.00122618
0.00122720
0.00122800
0.00122889
0.00122965
0.00123055
0.00123135
0.00123227
0.00123309
0.00123400
0.00123479
0.00123568
0.00123646
0.00123738
0.00123822
0.00123920
0.00124005
0.00124095
0.00124162
0.00124225
0.00124261
0.00124304
0.00124348
0.00124441
0.00124579
0.00124795
0.00125037
0.00125271
0.00125374
0.00125277
0.00124884
0.00124276
0.00123614
0.00123307
0.00123780
0.00125468
0.00128356
0.00131837
0.00134265
0.00133168
0.00125505
0.00108970
0.00083574
0.00053992
0.00032344
0.00035966
0.00059151
0.00088587
0.00107957
0.00119531
0.00126589
0.00129235
0.00129233
0.00127897
0.00126598
0.00125750
0.00125628
0.00125920
0.00126469
0.00126909
0.00127183
0.00127148
0.00126962
0.00126687
0.00126606
0.00126833
0.00127564
0.00128660
0.00129851
0.00130374
0.00129299
0.00125457
0.00118125
0.00107467
0.00095529
0.00087436
0.00089165
0.00087837
0.00079920
0.00073902
0.00057392
0.00030395
0.00010844
-0.00000597
-0.00008684
-0.00012762
-0.00013376
-0.00011991
-0.00009673
-0.00007619
-0.00007156
-0.00009838
-0.00017027
-0.00029262
-0.00045119
-0.00059486
-0.00065164
-0.00070639
-0.00074145
-0.00061391
-0.00040842
-0.00034038
-0.00045202
-0.00069310
-0.00099271
-0.00121388
-0.00133718
-0.00140784
-0.00143680
-0.00143776
-0.00142625
-0.00141379
-0.00140584
-0.00140364
-0.00140511
-0.00140782
-0.00140940
-0.00140941
-0.00140829
-0.00140822
-0.00141103
-0.00141834
-0.00142897
-0.00143923
-0.00144115
-0.00142501
-0.00138075
-0.00130462
-0.00120512
-0.00111135
-0.00108308
-0.00118430
-0.00129368
-0.00134901
-0.00138816
-0.00141211
-0.00142101
-0.00142013
-0.00141509
-0.00140999
-0.00140702
-0.00140659
-0.00140803
-0.00141016
-0.00141170
-0.00141184
-0.00141011
-0.00140701
-0.00140356
-0.00140184
-0.00140383
-0.00141145
-0.00142431
-0.00143947
-0.00144915
-0.00144220
-0.00140478
-0.00132653
-0.00120678
-0.00106492
-0.00095359
-0.00093867
-0.00091677
-0.00087499
-0.00091674
-0.00090835
-0.00060689
-0.00002212
0.00062223
0.00099312
0.00099940
0.00069674
0.00012663
-0.00053921
-0.00099349
-0.00119123
-0.00123861
-0.00118729
-0.00112245
-0.00114156
-0.00117741
-0.00112986
-0.00107160
-0.00105878
-0.00115100
-0.00129022
-0.00135949
-0.00140733
-0.00144363
-0.00145878
-0.00145066
-0.00141135
-0.00133672
-0.00122781
-0.00110344
-0.00100928
-0.00101065
-0.00104062
-0.00099035
-0.00094307
-0.00082336
-0.00052282
-0.00019393
0.00011089
0.00045703
0.00079976
0.00101040
0.00103250
0.00095566
0.00085119
0.00079827
0.00075946
0.00065776
0.00062540
0.00064013
0.00048973
0.00013776
-0.00022312
-0.00048496
-0.00063825
-0.00071122
-0.00077055
-0.00082025
-0.00091706
-0.00105194
-0.00124128
-0.00133654
-0.00138936
-0.00142774
-0.00144410
-0.00145333
-0.00145521
-0.00145573
-0.00144838
-0.00143279
-0.00140412
-0.00137046
-0.00134406
-0.00135320
-0.00142681
-0.00159384
-0.00185518
-0.00216950
-0.00241929
-0.00240911
-0.00206515
-0.00176534
-0.00159879
-0.00147783
-0.00140942
-0.00139654
-0.00143591
-0.00152395
-0.00165556
-0.00181243
-0.00195009
-0.00208485
-0.00237323
-0.00264468
-0.00275921
-0.00279898
-0.00276798
-0.00266669
-0.00251797
-0.00237459
-0.00222494
-0.00191814
-0.00162716
-0.00149806
-0.00145400
-0.00150025
-0.00164236
-0.00186176
-0.00209596
-0.00223335
-0.00219860
-0.00216711
-0.00220963
-0.00213851
-0.00188206
-0.00165960
-0.00161413
-0.00167819
-0.00182627
-0.00202399
-0.00216310
-0.00212930
-0.00212730
-0.00232741
-0.00257801
-0.00297890
-0.00328152
-0.00344996
-0.00341808
-0.00334623
-0.00312354
-0.00297165
-0.00284888
-0.00270990
-0.00258263
-0.00248667
-0.00247824
-0.00228274
-0.00203328
-0.00187984
-0.00168676
-0.00171915
-0.00193470
-0.00225930
-0.00259160
-0.00273474
-0.00277249
-0.00272564
-0.00261568
-0.00251307
-0.00249594
-0.00231705
-0.00210113
-0.00195865
-0.00171425
-0.00159764
-0.00154043
-0.00149559
-0.00146986
-0.00144538
-0.00142808
-0.00141973
-0.00141652
-0.00141272
-0.00141261
-0.00141259
-0.00141517
-0.00141658
-0.00141827
-0.00141674
-0.00141390
-0.00140823
-0.00140404
-0.00140290
-0.00141092
-0.00142900
-0.00145786
-0.00148774
-0.00150401
-0.00148070
-0.00139301
-0.00122066
-0.00097244
-0.00069695
-0.00051983
-0.00059679
-0.00078427
-0.00091807
-0.00082834
-0.00063706
-0.00045166
-0.00014219
0.00002107
0.00002522
-0.00012872
-0.00015432
-0.00006307
-0.00009152
0.00001824
0.00030918
0.00073270
0.00143298
0.00223709
0.00298159
0.00340174
0.00345979
0.00328440
0.00295086
0.00261848
0.00244033
0.00236838
0.00239168
0.00250610
0.00266990
0.00282349
0.00296778
0.00325831
0.00352653
0.00364588
0.00371086
0.00374160
0.00374230
0.00372566
0.00370141
0.00368104
0.00367618
0.00370153
0.00377011
0.00388899
0.00404647
0.00420137
0.00427114
0.00423302
0.00422362
0.00419470
0.00427720
0.00436382
0.00440103
0.00451622
0.00459583
0.00470254
0.00468309
0.00465410
0.00470077
0.00459624
0.00447698
0.00444191
0.00428805
0.00416783
0.00395224
0.00384597
0.00380704
0.00376971
0.00375662
0.00375347
0.00376713
0.00376835
0.00376885
0.00376700
0.00376921
0.00377165
0.00377354
0.00373568
0.00362862
0.00344727
0.00319298
0.00292110
0.00271871
0.00243119
0.00229022
0.00223678
0.00222705
0.00224366
0.00223599
0.00216664
0.00199293
0.00170798
0.00134494
0.00100429
0.00084436
0.00079106
0.00081617
0.00090836
0.00099544
0.00100737
0.00086770
0.00076720
0.00070833
0.00066048
0.00063302
0.00062322
0.00062763
0.00063901
0.00065169
0.00065927
0.00065611
0.00063719
0.00059987
0.00054692
0.00048864
0.00044697
0.00045274
0.00055239
0.00075429
0.00077231
0.00052436
0.00023183
-0.00005401
-0.00028954
-0.00056634
-0.00074234
-0.00081905
-0.00084225
-0.00082888
-0.00081119
-0.00079523
-0.00078674
-0.00078397
-0.00078782
-0.00079374
-0.00080154
-0.00080797
-0.00081324
-0.00081402
-0.00080904
-0.00079404
-0.00076843
-0.00073354
-0.00069890
-0.00066629
-0.00063890
-0.00061367
-0.00060180
-0.00061306
-0.00065139
-0.00071787
-0.00080512
-0.00088788
-0.00091494
-0.00083317
-0.00077587
-0.00080992
-0.00087363
-0.00090484
-0.00083254
-0.00074867
-0.00076890
-0.00082025
-0.00084856
-0.00080008
-0.00073609
-0.00077018
-0.00083233
-0.00085254
-0.00075873
-0.00061404
-0.00054587
-0.00050783
-0.00048185
-0.00047687
-0.00049404
-0.00051920
-0.00053489
-0.00053383
-0.00051987
-0.00050014
-0.00048555
-0.00048342
-0.00048914
-0.00050051
-0.00051234
-0.00051818
-0.00052040
-0.00053661
-0.00058205
-0.00066834
-0.00079288
-0.00092895
-0.00102005
-0.00098681
-0.00080222
-0.00063607
-0.00043925
-0.00021918
-0.00005465
0.00003827
0.00015431
0.00018139
0.00025741
0.00042177
0.00047859
0.00050627
0.00052774
0.00052823
0.00050645
0.00046643
0.00041728
0.00038093
0.00038822
0.00047944
0.00067919
0.00097382
0.00131074
0.00155228
0.00154587
0.00135875
0.00105386
0.00076136
0.00060019
0.00050412
0.00045444
0.00044434
0.00045420
0.00047391
0.00049530
0.00051844
0.00053950
0.00055707
0.00058105
0.00059387
0.00059111
0.00056871
0.00051676
0.00043833
0.00034681
0.00027828
0.00030123
0.00048546
0.00057468
0.00062861
0.00067250
0.00068334
0.00066430
0.00060733
0.00051709
0.00040171
0.00032936
0.00034510
0.00019983
0.00001197
-0.00010949
-0.00032637
-0.00042021
-0.00045938
-0.00049212
-0.00050288
-0.00049950
-0.00048020
-0.00046916
-0.00046396
-0.00046291
-0.00046422
-0.00046740
-0.00047051
-0.00047363
-0.00047567
-0.00047717
-0.00047728
-0.00047657
-0.00047451
-0.00047244
-0.00047123
-0.00047384
-0.00048229
-0.00049912
-0.00052317
-0.00054957
-0.00056852
-0.00058387
-0.00058067
-0.00055980
-0.00053069
-0.00050959
-0.00052109
-0.00059490
-0.00075365
-0.00099766
-0.00128256
-0.00149315
-0.00146282
-0.00123963
-0.00096041
-0.00077668
-0.00066481
-0.00059576
-0.00056953
-0.00057191
-0.00059215
-0.00061846
-0.00064455
-0.00066139
-0.00065941
-0.00062361
-0.00053990
-0.00039985
-0.00021426
-0.00003236
0.00007223
0.00018149
0.00027283
0.00038249
0.00065232
0.00096723
0.00123434
0.00139968
0.00133470
0.00110968
0.00091899
0.00079353
0.00070727
0.00066107
0.00064512
0.00064676
0.00065505
0.00066351
0.00067070
0.00067891
0.00069149
0.00071008
0.00073121
0.00074578
0.00075325
0.00075744
0.00075910
0.00075893
0.00075782
0.00075643
0.00075515
0.00075409
0.00075326
0.00075253
0.00075185
0.00075112
0.00075035
0.00074951
0.00074866
0.00074777
0.00074692
0.00074607
0.00074527
0.00074445
0.00074367
0.00074285
0.00074206
0.00074123
0.00074043
0.00073960
0.00073884
0.00073809
0.00073742
0.00073676
0.00073612
0.00073538
0.00073454
0.00073349
0.00073232
0.00073109
0.00073008
0.00072951
0.00072968
0.00073055
0.00073187
0.00073281
0.00073230
0.00072914
0.00072280
0.00071394
0.00070517
0.00070094
0.00070671
0.00072656
0.00075989
0.00079746
0.00081876
0.00079268
0.00068405
0.00046781
0.00015165
-0.00019588
-0.00042796
-0.00041732
-0.00023296
0.00006149
0.00034847
0.00050303
0.00059064
0.00063067
0.00063287
0.00061977
0.00060720
0.00060631
0.00061831
0.00063784
0.00065180
0.00064408
0.00059798
0.00050465
0.00037077
0.00023090
0.00018870
0.00033616
0.00045464
0.00065638
0.00096633
0.00099459
0.00071820
0.00040507
0.00001032
-0.00037980
-0.00057856
-0.00068524
-0.00073249
-0.00073435
-0.00071488
-0.00069043
-0.00067104
-0.00066189
-0.00066623
-0.00068540
-0.00069730
-0.00070500
-0.00070939
-0.00071036
-0.00070907
-0.00070735
-0.00070606
-0.00070646
-0.00070819
-0.00071135
-0.00071408
-0.00071510
-0.00071134
-0.00070124
-0.00068309
-0.00065936
-0.00063623
-0.00062549
-0.00062198
-0.00062159
-0.00062028
-0.00061505
-0.00060337
-0.00058826
-0.00057700
-0.00058512
-0.00063013
-0.00073253
-0.00091748
-0.00116993
-0.00141222
-0.00152930
-0.00163134
-0.00182709
-0.00194628
-0.00200361
-0.00203699
-0.00203979
-0.00200652
-0.00193113
-0.00181692
-0.00168441
-0.00159082
-0.00159862
-0.00155223
-0.00151481
-0.00159089
-0.00162553
-0.00168494
-0.00185895
-0.00195784
-0.00198022
-0.00197997
-0.00196548
-0.00195799
-0.00198443
-0.00207055
-0.00222667
-0.00243414
-0.00263065
-0.00269178
-0.00246877
-0.00209208
-0.00178428
-0.00158095
-0.00153080
-0.00150346
-0.00153643
-0.00147794
-0.00131966
-0.00118456
-0.00103044
-0.00095069
-0.00100195
-0.00112151
-0.00123117
-0.00123481
-0.00118097
-0.00105639
-0.00092599
-0.00083276
-0.00071712
-0.00056159
-0.00036609
-0.00016439
-0.00004311
-0.00013118
-0.00036160
-0.00053544
-0.00062384
-0.00067014
-0.00067784
-0.00066238
-0.00064801
-0.00064904
-0.00066610
-0.00069407
-0.00071570
-0.00072039
-0.00069909
-0.00064317
-0.00055032
-0.00043390
-0.00033490
-0.00030252
-0.00020265
-0.00000841
0.00016470
0.00037431
0.00054740
0.00062681
0.00066352
0.00067037
0.00065935
0.00064615
0.00064720
0.00065968
0.00066960
0.00067227
0.00066974
0.00066157
0.00065286
0.00065005
0.00064982
0.00065318
0.00065719
0.00066130
0.00067387
0.00068508
0.00069073
0.00069334
0.00069390
0.00069218
0.00068993
0.00068807
0.00068903
0.00069371
0.00070321
0.00071525
0.00072583
0.00072649
0.00070789
0.00066042
0.00058173
0.00048162
0.00039086
0.00037041
0.00048296
0.00058860
0.00061057
0.00058251
0.00050810
0.00040597
0.00033078
0.00034297
0.00031387
0.00020672
0.00010982
-0.00009114
-0.00037448
-0.00053093
-0.00052039
-0.00038690
-0.00016068
0.00006838
0.00015699
0.00013111
0.00010872
0.00001094
-0.00014254
-0.00034688
-0.00051717
-0.00059461
-0.00063304
-0.00065786
-0.00067484
-0.00069271
-0.00072078
-0.00075209
-0.00076697
-0.00073430
-0.00062129
-0.00040711
-0.00010612
0.00020509
0.00037595
0.00032423
0.00011292
-0.00018545
-0.00044090
-0.00057985
-0.00065839
-0.00069292
-0.00069721
-0.00069164
-0.00069060
-0.00070108
-0.00072047
-0.00073821
-0.00074796
-0.00075378
-0.00075809
-0.00076328
-0.00077147
-0.00078084
-0.00078448
-0.00076968
-0.00072054
-0.00061288
-0.00042234
-0.00015482
0.00012961
0.00030794
0.00033005
0.00028802
0.00025803
0.00024519
0.00011167
-0.00001427
-0.00007702
-0.00017865
-0.00020677
-0.00021880
-0.00007847
0.00010491
0.00026486
0.00048244
0.00058855
0.00064074
0.00066842
0.00067286
0.00066863
0.00066175
0.00065819
0.00065809
0.00066132
0.00066553
0.00066934
0.00067101
0.00067006
0.00066619
0.00066048
0.00065469
0.00065242
0.00065827
0.00067089
0.00067469
0.00067229
0.00066463
0.00065237
0.00063961
0.00063212
0.00063767
0.00066073
0.00067743
0.00065856
0.00057263
0.00039426
0.00012597
-0.00018097
-0.00039200
-0.00032705
-0.00009744
0.00017146
0.00033169
0.00045550
0.00057210
0.00067368
0.00076582
0.00081919
0.00077683
0.00059179
0.00051861
0.00049052
0.00049878
0.00054494
0.00060132
0.00066272
0.00067331
0.00059950
0.00066591
0.00088816
0.00119571
0.00148075
0.00155273
0.00143223
0.00117223
0.00086746
0.00067856
0.00056685
0.00049967
0.00047609
0.00048218
0.00050898
0.00053042
0.00054310
0.00054807
0.00054800
0.00054503
0.00054233
0.00054071
0.00054113
0.00054264
0.00054509
0.00054731
0.00054940
0.00055085
0.00055229
0.00055366
0.00055562
0.00055788
0.00056043
0.00056213
0.00056207
0.00055861
0.00055127
0.00054039
0.00052982
0.00052467
0.00051898
0.00051486
0.00052529
0.00054607
0.00056285
0.00056852
0.00056600
0.00055539
0.00053945
0.00052435
0.00051034
0.00049758
0.00049368
0.00049320
0.00049237
0.00048840
0.00047825
0.00046080
0.00043849
0.00041848
0.00040288
0.00038484
0.00036272
0.00033942
0.00032249
0.00031501
0.00031104
0.00030839
0.00030605
0.00030299
0.00029921
0.00029533
0.00029286
0.00029354
0.00029265
0.00027288
0.00023256
0.00015710
0.00004543
-0.00007821
-0.00015902
-0.00010720
0.00009631
0.00029167
0.00053051
0.00079942
0.00100107
0.00109627
0.00116395
0.00106537
0.00094472
0.00091629
0.00080694
0.00077885
0.00070727
0.00076052
0.00080546
0.00072384
0.00070949
0.00062539
0.00068374
0.00079277
0.00084382
0.00104084
0.00120986
0.00145026
0.00151135
0.00141321
0.00118689
0.00084350
0.00050948
0.00034737
0.00027036
0.00023341
0.00024577
0.00026190
0.00027885
0.00028767
0.00029460
0.00030293
0.00032431
0.00035855
0.00040252
0.00043490
0.00044706
0.00041892
0.00033357
0.00017979
-0.00002492
-0.00021881
-0.00031320
-0.00040921
-0.00039151
-0.00033800
-0.00037677
-0.00036215
-0.00038750
-0.00055444
-0.00066186
-0.00070971
-0.00073317
-0.00072916
-0.00070920
-0.00068663
-0.00066250
-0.00063404
-0.00060303
-0.00057342
-0.00055514
-0.00054450
-0.00053982
-0.00054209
-0.00055171
-0.00056648
-0.00058043
-0.00058226
-0.00055670
-0.00048803
-0.00036852
-0.00020830
-0.00003250
0.00009605
0.00009069
0.00001932
-0.00011032
-0.00019541
-0.00016909
-0.00009256
-0.00002581
-0.00004301
-0.00005412
-0.00007201
-0.00020245
-0.00032071
-0.00037557
-0.00043331
-0.00052096
-0.00065885
-0.00084930
-0.00105887
-0.00119306
-0.00111699
-0.00088384
-0.00068648
-0.00057716
-0.00051091
-0.00048480
-0.00049610
-0.00052725
-0.00055925
-0.00057806
-0.00058496
-0.00057842
-0.00056079
-0.00053500
-0.00050825
-0.00048876
-0.00048869
-0.00050768
-0.00052983
-0.00053160
-0.00048570
-0.00036378
-0.00015555
0.00011625
0.00036724
0.00045166
0.00030584
0.00004130
-0.00019829
-0.00033341
-0.00041447
-0.00045013
-0.00044454
-0.00041343
-0.00037184
-0.00033614
-0.00031731
-0.00030888
-0.00030714
-0.00030907
-0.00031224
-0.00031479
-0.00031630
-0.00031560
-0.00031200
-0.00030318
-0.00028787
-0.00026489
-0.00023754
-0.00021322
-0.00020044
-0.00019249
-0.00018797
-0.00018550
-0.00018434
-0.00018301
-0.00018171
-0.00017964
-0.00017765
-0.00017513
-0.00017304
-0.00017063
-0.00016878
-0.00016660
-0.00016494
-0.00016283
-0.00016118
-0.00015898
-0.00015720
-0.00015480
-0.00015286
-0.00015034
-0.00014848
-0.00014623
-0.00014488
-0.00014324
-0.00014245
-0.00014087
-0.00013940
-0.00013610
-0.00013216
-0.00012628
-0.00012103
-0.00011661
-0.00011706
-0.00012252
-0.00013504
-0.00014960
-0.00016074
-0.00015464
-0.00011996
-0.00004433
0.00006888
0.00019934
0.00029410
0.00026193
0.00002949
-0.00014576
-0.00030907
-0.00044540
-0.00045784
-0.00028271
-0.00009146
0.00009999
0.00029504
0.00041080
0.00037726
0.00035780
0.00029952
0.00011495
0.00002220
0.00002593
0.00008826
0.00018913
0.00027859
0.00027251
0.00010232
-0.00002875
-0.00009285
-0.00008888
0.00003057
0.00028194
0.00064455
0.00101217
0.00121447
0.00126857
0.00118586
0.00095535
0.00062044
0.00030676
0.00018689
0.00023184
0.00039051
0.00058898
0.00072662
0.00090400
0.00099114
0.00105020
0.00118383
0.00118980
0.00108262
0.00092810
0.00080240
0.00080038
0.00080302
0.00088699
0.00093178
0.00099742
0.00119072
0.00131062
0.00136853
0.00140289
0.00141797
0.00142010
0.00141774
0.00141504
0.00141608
0.00141973
0.00142607
0.00143115
0.00143363
0.00142945
0.00141873
0.00140098
0.00138222
0.00137045
0.00137984
0.00140796
0.00144252
0.00146272
0.00145722
0.00141718
0.00133980
0.00123394
0.00113285
0.00110115
0.00120974
0.00132840
0.00139218
0.00144191
0.00147902
0.00150026
0.00150640
0.00149413
0.00145856
0.00139332
0.00130020
0.00119363
0.00111928
0.00112650
0.00108008
0.00093178
0.00079123
0.00076296
0.00077225
0.00065431
0.00045898
0.00017941
-0.00007777
-0.00019304
-0.00013964
-0.00003570
0.00006375
0.00019443
0.00034308
0.00047519
0.00052764
0.00043067
0.00030890
0.00023353
0.00017453
0.00014158
0.00013333
0.00013661
0.00013942
0.00013227
0.00011090
0.00008013
0.00005541
0.00006236
0.00013167
0.00028830
0.00053415
0.00082686
0.00105287
0.00103984
0.00078080
0.00041109
0.00010902
-0.00005079
-0.00006095
-0.00006074
-0.00012696
-0.00021979
-0.00029774
-0.00029916
-0.00030167
-0.00027416
-0.00034965
-0.00047340
-0.00053320
-0.00064487
-0.00069431
-0.00075216
-0.00092068
-0.00102343
-0.00106967
-0.00109895
-0.00111083
-0.00111282
-0.00110852
-0.00110372
-0.00109930
-0.00109710
-0.00109570
-0.00109540
-0.00109462
-0.00109389
-0.00109227
-0.00109066
-0.00108845
-0.00108657
-0.00108442
-0.00108275
-0.00108084
-0.00107936
-0.00107756
-0.00107608
-0.00107423
-0.00107266
-0.00107073
-0.00106913
-0.00106722
-0.00106570
-0.00106392
-0.00106257
-0.00106091
-0.00105956
-0.00105771
-0.00105596
-0.00105353
-0.00105124
-0.00104860
-0.00104678
-0.00104551
-0.00104591
-0.00104713
-0.00104922
-0.00104982
-0.00104763
-0.00103983
-0.00102656
-0.00100891
-0.00099361
-0.00098948
-0.00100943
-0.00106242
-0.00115051
-0.00125673
-0.00134112
-0.00133299
-0.00114244
-0.00077930
-0.00048496
-0.00030593
-0.00028908
-0.00028832
-0.00023208
-0.00021481
-0.00014292
-0.00012164
-0.00003154
0.00015042
0.00023301
0.00027695
0.00030066
0.00030260
0.00029532
0.00029166
0.00030529
0.00034615
0.00041458
0.00050362
0.00060394
0.00068252
0.00067891
0.00051044
0.00017417
-0.00010578
-0.00030717
-0.00041127
-0.00049299
-0.00045367
-0.00043799
-0.00052304
-0.00058809
-0.00069211
-0.00067777
-0.00061554
-0.00058378
-0.00065444
-0.00080617
-0.00087186
-0.00091405
-0.00095064
-0.00097342
-0.00098653
-0.00098618
-0.00096840
-0.00092465
-0.00085128
-0.00075351
-0.00065626
-0.00061169
-0.00068765
-0.00082108
-0.00088917
-0.00093150
-0.00095284
-0.00095251
-0.00094748
-0.00093807
-0.00092947
-0.00092328
-0.00092066
-0.00091994
-0.00092060
-0.00092094
-0.00092098
-0.00091998
-0.00091860
-0.00091662
-0.00091482
-0.00091295
-0.00091158
-0.00091031
-0.00090951
-0.00090863
-0.00090783
-0.00090648
-0.00090473
-0.00090212
-0.00089922
-0.00089621
-0.00089434
-0.00089428
-0.00089706
-0.00090215
-0.00090822
-0.00091157
-0.00090804
-0.00089314
-0.00086609
-0.00083157
-0.00080393
-0.00080621
-0.00086794
-0.00101407
-0.00124994
-0.00153894
-0.00177611
-0.00179697
-0.00159898
-0.00131113
-0.00109030
-0.00096166
-0.00088293
-0.00084709
-0.00084189
-0.00085126
-0.00086242
-0.00086890
-0.00086937
-0.00086662
-0.00086454
-0.00086656
-0.00087337
-0.00088204
-0.00088543
-0.00087337
-0.00083532
-0.00076523
-0.00066856
-0.00056960
-0.00052107
-0.00059055
-0.00071619
-0.00077668
-0.00081589
-0.00084323
-0.00085337
-0.00085356
-0.00084772
-0.00084153
-0.00083647
-0.00083408
-0.00083323
-0.00083367
-0.00083400
-0.00083420
-0.00083359
-0.00083266
-0.00083122
-0.00082986
-0.00082838
-0.00082719
-0.00082598
-0.00082504
-0.00082403
-0.00082319
-0.00082221
-0.00082135
-0.00082032
-0.00081932
-0.00081810
-0.00081688
-0.00081550
-0.00081427
-0.00081315
-0.00081251
-0.00081227
-0.00081252
-0.00081277
-0.00081255
-0.00081095
-0.00080747
-0.00080194
-0.00079548
-0.00079030
-0.00078985
-0.00079741
-0.00081440
-0.00083760
-0.00085673
-0.00085330
-0.00080272
-0.00068122
-0.00047939
-0.00022144
0.00001448
0.00018063
0.00034589
0.00034704
0.00026883
0.00020555
0.00024545
0.00042464
0.00049785
0.00053911
0.00057382
0.00059167
0.00060383
0.00061497
0.00062766
0.00061038
0.00052928
0.00035435
0.00007890
-0.00025553
-0.00052277
-0.00053942
-0.00037604
-0.00008576
0.00023010
0.00039760
0.00049406
0.00054298
0.00055170
0.00054540
0.00054181
0.00055445
0.00058437
0.00062223
0.00064830
0.00065976
0.00064903
0.00061162
0.00055303
0.00049255
0.00046630
0.00052224
0.00069032
0.00097548
0.00133539
0.00164104
0.00169573
0.00151132
0.00114747
0.00071558
0.00042061
0.00029854
0.00036802
0.00043091
0.00045340
0.00044242
0.00037738
0.00027501
0.00018631
0.00017108
0.00006427
-0.00007555
-0.00014027
-0.00024613
-0.00029115
-0.00032216
-0.00024649
-0.00009466
0.00000302
0.00009293
0.00010392
0.00003165
-0.00001436
-0.00009458
-0.00017721
-0.00025996
-0.00027530
-0.00021309
-0.00019332
-0.00014384
-0.00007691
0.00004469
0.00017092
0.00011151
-0.00012034
-0.00036383
-0.00045104
-0.00034795
-0.00011588
0.00015909
0.00031850
0.00033347
0.00025339
0.00013340
0.00005806
0.00002206
-0.00001841
-0.00004403
-0.00009395
-0.00001468
0.00020329
0.00036774
0.00040682
0.00038733
0.00034003
0.00031573
0.00038082
0.00046899
0.00045113
0.00037168
0.00025478
0.00015574
0.00017677
0.00029689
0.00043236
0.00052959
0.00043316
0.00017556
-0.00018256
-0.00051058
-0.00065893
-0.00066998
-0.00053922
-0.00026855
0.00007633
0.00036700
0.00047834
0.00048224
0.00041909
0.00035896
0.00040124
0.00055599
0.00063142
0.00067446
0.00068932
0.00065148
0.00056442
0.00043941
0.00029952
0.00020076
0.00023332
0.00041612
0.00058807
0.00080508
0.00106047
0.00127520
0.00132306
0.00105622
0.00067897
0.00041400
0.00026271
0.00029102
0.00027835
0.00033741
0.00052470
0.00053378
0.00042044
0.00022780
0.00002014
-0.00009863
-0.00028162
-0.00031662
-0.00032345
-0.00039178
-0.00028003
-0.00009771
0.00003521
0.00001181
-0.00000069
0.00012138
0.00021088
0.00040118
0.00048138
0.00045020
0.00035533
0.00021228
0.00010346
0.00011072
0.00011834
0.00017950
0.00016560
0.00011827
0.00014108
0.00008009
0.00002916
0.00012030
0.00024538
0.00046106
0.00061460
0.00069664
0.00074396
0.00074084
0.00069260
0.00059866
0.00048072
0.00036914
0.00033568
0.00043831
0.00048219
0.00042579
0.00033445
0.00024351
0.00021067
0.00013067
0.00000907
-0.00002809
-0.00002804
0.00003685
0.00015221
0.00032526
0.00048306
0.00057225
0.00064045
0.00068990
0.00071715
0.00070671
0.00064080
0.00049721
0.00027549
0.00000757
-0.00020620
-0.00021551
-0.00001642
0.00026613
0.00048213
0.00059642
0.00065180
0.00066670
0.00066057
0.00064333
0.00062937
0.00062398
0.00062968
0.00064075
0.00065173
0.00065289
0.00063910
0.00060731
0.00056615
0.00053367
0.00054288
0.00063156
0.00083397
0.00115378
0.00153817
0.00184429
0.00192705
0.00183588
0.00159055
0.00123773
0.00091491
0.00074377
0.00065181
0.00060927
0.00060755
0.00062081
0.00063796
0.00064749
0.00065100
0.00064815
0.00064551
0.00064414
0.00064806
0.00065436
0.00066186
0.00066197
0.00065158
0.00064666
0.00064462
0.00064159
0.00064081
0.00063983
0.00064047
0.00064041
0.00064134
0.00064127
0.00064198
0.00064174
0.00064231
0.00064203
0.00064257
0.00064230
0.00064277
0.00064243
0.00064281
0.00064248
0.00064300
0.00064301
0.00064401
0.00064451
0.00064571
0.00064585
0.00064588
0.00064411
0.00064191
0.00063864
0.00063698
0.00063759
0.00064353
0.00065418
0.00066860
0.00067948
0.00067744
0.00064784
0.00057947
0.00046785
0.00032947
0.00021302
0.00019190
0.00019712
0.00016269
0.00020487
0.00028501
0.00031125
0.00037784
0.00041138
0.00027994
0.00006091
-0.00015978
-0.00038056
-0.00057114
-0.00059643
-0.00047782
-0.00023275
0.00009966
0.00039700
0.00055143
0.00063284
0.00067044
0.00067191
0.00066113
0.00064752
0.00064163
0.00064129
0.00064683
0.00065156
0.00065499
0.00065391
0.00065326
0.00065632
0.00067240
0.00071155
0.00080113
0.00094984
0.00114416
0.00132856
0.00139166
0.00120136
0.00094700
0.00081647
0.00071840
0.00065660
0.00063306
0.00062999
0.00063995
0.00065012
0.00065841
0.00066062
0.00066028
0.00065675
0.00065418
0.00065134
0.00065090
0.00065041
0.00065170
0.00065207
0.00065339
0.00065333
0.00065406
0.00065349
0.00065393
0.00065329
0.00065381
0.00065332
0.00065400
0.00065360
0.00065432
0.00065386
0.00065448
0.00065389
0.00065443
0.00065382
0.00065450
0.00065415
0.00065521
0.00065519
0.00065638
0.00065603
0.00065634
0.00065457
0.00065333
0.00065052
0.00064981
0.00064985
0.00065467
0.00066192
0.00067309
0.00068133
0.00068284
0.00066597
0.00062599
0.00055690
0.00047019
0.00038760
0.00036207
0.00044891
0.00057487
0.00059607
0.00054263
0.00041404
0.00022762
0.00004711
-0.00001364
0.00006631
0.00012009
0.00008936
0.00002348
-0.00021709
-0.00046086
-0.00056270
-0.00057652
-0.00050239
-0.00034117
-0.00014519
-0.00000255
0.00003798
0.00008578
0.00004442
0.00001214
-0.00008870
-0.00017330
-0.00029042
-0.00023219
-0.00009970
-0.00003305
-0.00012341
-0.00023574
-0.00048311
-0.00063088
-0.00069260
-0.00067603
-0.00052468
-0.00024791
0.00012439
0.00045790
0.00057371
0.00051911
0.00031591
-0.00001387
-0.00034650
-0.00052381
-0.00061897
-0.00066778
-0.00067176
-0.00066028
-0.00064154
-0.00063086
-0.00062513
-0.00062808
-0.00063199
-0.00063832
-0.00064119
-0.00064380
-0.00064286
-0.00064250
-0.00064027
-0.00063979
-0.00063837
-0.00063883
-0.00063830
-0.00063916
-0.00063875
-0.00063937
-0.00063868
-0.00063900
-0.00063827
-0.00063870
-0.00063833
-0.00063914
-0.00063910
-0.00063980
-0.00063912
-0.00063850
-0.00063615
-0.00063410
-0.00063170
-0.00063225
-0.00063626
-0.00064707
-0.00066355
-0.00068457
-0.00070116
-0.00070299
-0.00068849
-0.00066823
-0.00065207
-0.00064315
-0.00063715
-0.00063488
-0.00063422
-0.00063527
-0.00063588
-0.00063675
-0.00063655
-0.00063653
-0.00063575
-0.00063560
-0.00063510
-0.00063545
-0.00063551
-0.00063619
-0.00063612
-0.00063603
-0.00063459
-0.00063285
-0.00063028
-0.00062913
-0.00063027
-0.00063709
-0.00065047
-0.00067160
-0.00069571
-0.00071514
-0.00072507
-0.00073206
-0.00073690
-0.00074095
-0.00074290
-0.00074180
-0.00073368
-0.00071676
-0.00068953
-0.00065775
-0.00063187
-0.00062113
-0.00062371
-0.00064160
-0.00067067
-0.00070112
-0.00071240
-0.00067932
-0.00057430
-0.00038459
-0.00012622
0.00012971
0.00024570
0.00010661
-0.00017181
-0.00044855
-0.00060207
-0.00069576
-0.00074758
-0.00075972
-0.00075223
-0.00073699
-0.00072493
-0.00071829
-0.00071782
-0.00072042
-0.00072434
-0.00072737
-0.00072943
-0.00073049
-0.00073153
-0.00073271
-0.00073382
-0.00073324
-0.00072876
-0.00071769
-0.00069865
-0.00067304
-0.00064816
-0.00063564
-0.00062876
-0.00062510
-0.00062429
-0.00062468
-0.00062548
-0.00062596
-0.00062605
-0.00062572
-0.00062518
-0.00062457
-0.00062403
-0.00062364
-0.00062346
-0.00062352
-0.00062379
-0.00062420
-0.00062451
-0.00062447
-0.00062367
-0.00062198
-0.00061944
-0.00061692
-0.00061588
-0.00061869
-0.00062778
-0.00064489
-0.00066905
-0.00069434
-0.00070991
-0.00071879
-0.00072368
-0.00072447
-0.00072092
-0.00071228
-0.00069788
-0.00067829
-0.00065773
-0.00064387
-0.00063004
-0.00061076
-0.00058641
-0.00056272
-0.00055278
-0.00057595
-0.00065291
-0.00079617
-0.00099529
-0.00120169
-0.00130696
-0.00117429
-0.00093329
-0.00078219
-0.00068969
-0.00062916
-0.00060160
-0.00059657
-0.00060167
-0.00060647
-0.00060623
-0.00060175
-0.00059830
-0.00060311
-0.00062167
-0.00065387
-0.00068951
-0.00070647
-0.00067160
-0.00054900
-0.00031538
0.00001593
0.00036161
0.00056436
0.00058316
0.00044663
0.00017185
-0.00016519
-0.00041088
-0.00054213
-0.00061191
-0.00063595
-0.00063154
-0.00061607
-0.00060176
-0.00059366
-0.00059250
-0.00059571
-0.00060065
-0.00060478
-0.00060724
-0.00060765
-0.00060679
-0.00060518
-0.00060366
-0.00060243
-0.00060176
-0.00060141
-0.00060137
-0.00060130
-0.00060124
-0.00060099
-0.00060070
-0.00060026
-0.00059986
-0.00059940
-0.00059903
-0.00059861
-0.00059828
-0.00059790
-0.00059758
-0.00059719
-0.00059685
-0.00059646
-0.00059612
-0.00059573
-0.00059538
-0.00059496
-0.00059458
-0.00059411
-0.00059368
-0.00059318
-0.00059279
-0.00059241
-0.00059220
-0.00059204
-0.00059197
-0.00059174
-0.00059130
-0.00059038
-0.00058905
-0.00058734
-0.00058583
-0.00058507
-0.00058594
-0.00058873
-0.00059331
-0.00059813
-0.00060068
-0.00059743
-0.00058563
-0.00056478
-0.00053956
-0.00052108
-0.00052754
-0.00058034
-0.00069702
-0.00087804
-0.00109168
-0.00125455
-0.00123574
-0.00102542
-0.00081635
-0.00069688
-0.00061919
-0.00057495
-0.00056067
-0.00056334
-0.00057097
-0.00057478
-0.00057200
-0.00056466
-0.00055903
-0.00056245
-0.00058065
-0.00061287
-0.00064808
-0.00066152
-0.00061648
-0.00047162
-0.00019961
0.00018509
0.00059114
0.00091384
0.00119569
0.00138365
0.00135328
0.00105361
0.00071117
0.00052019
0.00047852
0.00057552
0.00062880
0.00067477
0.00071960
0.00074539
0.00075875
0.00076315
0.00076701
0.00077118
0.00077408
0.00076705
0.00074805
0.00072875
0.00070882
0.00069582
0.00070743
0.00076329
0.00088176
0.00106535
0.00128609
0.00146744
0.00157386
0.00170024
0.00172242
0.00178326
0.00198419
0.00206637
0.00210839
0.00214146
0.00215572
0.00216099
0.00215945
0.00215722
0.00215506
0.00215487
0.00215553
0.00215722
0.00215869
0.00216017
0.00216105
0.00216190
0.00216250
0.00216337
0.00216420
0.00216519
0.00216578
0.00216599
0.00216534
0.00216428
0.00216307
0.00216302
0.00216512
0.00217068
0.00217945
0.00218992
0.00219735
0.00219499
0.00217370
0.00212584
0.00204778
0.00194793
0.00184981
0.00180916
0.00186890
0.00181115
0.00165003
0.00145210
0.00103690
0.00054260
0.00026342
0.00029387
0.00048533
0.00065964
0.00083354
0.00100883
0.00113815
0.00115698
0.00101069
0.00090746
0.00085649
0.00082509
0.00081288
0.00080205
0.00077249
0.00070608
0.00060095
0.00047991
0.00040844
0.00045678
0.00047360
0.00052137
0.00072339
0.00112192
0.00146639
0.00162381
0.00145988
0.00097114
0.00035824
-0.00009288
-0.00034063
-0.00048315
-0.00053968
-0.00054084
-0.00051540
-0.00048916
-0.00047118
-0.00046649
-0.00046968
-0.00047815
-0.00048545
-0.00049101
-0.00049194
-0.00049041
-0.00048552
-0.00048034
-0.00047468
-0.00047210
-0.00047324
-0.00048190
-0.00049777
-0.00052101
-0.00054410
-0.00055689
-0.00055157
-0.00053440
-0.00050954
-0.00048841
-0.00047549
-0.00046812
-0.00046417
-0.00046440
-0.00046623
-0.00046961
-0.00047168
-0.00047203
-0.00046765
-0.00045885
-0.00044504
-0.00043112
-0.00042289
-0.00043183
-0.00046743
-0.00053770
-0.00063717
-0.00074376
-0.00080657
-0.00075104
-0.00058449
-0.00051207
-0.00049453
-0.00052949
-0.00063789
-0.00080035
-0.00097025
-0.00114859
-0.00147424
-0.00175603
-0.00185379
-0.00184960
-0.00176038
-0.00161381
-0.00147780
-0.00146192
-0.00160768
-0.00170068
-0.00183416
-0.00203853
-0.00227591
-0.00249797
-0.00257441
-0.00236526
-0.00205523
-0.00184219
-0.00163899
-0.00146288
-0.00137835
-0.00142691
-0.00134645
-0.00124558
-0.00120414
-0.00099237
-0.00080324
-0.00083998
-0.00097633
-0.00111234
-0.00114584
-0.00122860
-0.00121264
-0.00117602
-0.00127592
-0.00135478
-0.00122386
-0.00095989
-0.00071877
-0.00068385
-0.00083853
-0.00111879
-0.00141766
-0.00154860
-0.00153077
-0.00140725
-0.00123970
-0.00111791
-0.00092863
-0.00078020
-0.00063051
-0.00063899
-0.00080074
-0.00102009
-0.00119156
-0.00115093
-0.00099471
-0.00085517
-0.00069187
-0.00061070
-0.00063340
-0.00068781
-0.00070346
-0.00059618
-0.00048827
-0.00043620
-0.00039834
-0.00037113
-0.00035808
-0.00035361
-0.00035501
-0.00035711
-0.00035921
-0.00035910
-0.00035823
-0.00035587
-0.00035383
-0.00035140
-0.00034988
-0.00034820
-0.00034730
-0.00034600
-0.00034516
-0.00034377
-0.00034273
-0.00034118
-0.00034003
-0.00033846
-0.00033733
-0.00033582
-0.00033471
-0.00033319
-0.00033199
-0.00033036
-0.00032905
-0.00032740
-0.00032619
-0.00032485
-0.00032407
-0.00032318
-0.00032263
-0.00032148
-0.00031994
-0.00031709
-0.00031351
-0.00030913
-0.00030573
-0.00030447
-0.00030766
-0.00031553
-0.00032717
-0.00033705
-0.00033676
-0.00031369
-0.00025670
-0.00015984
-0.00003394
0.00008539
0.00012868
0.00008863
0.00011120
0.00008780
0.00000745
0.00005223
0.00012668
0.00014382
0.00010652
0.00017248
0.00022306
0.00023639
0.00038163
0.00051021
0.00055696
0.00061718
0.00056149
0.00053728
0.00071130
0.00113106
0.00154717
0.00169472
0.00156837
0.00134404
0.00120217
0.00105691
0.00090421
0.00076982
0.00068155
0.00070353
0.00088162
0.00097017
0.00102139
0.00106087
0.00107229
0.00106801
0.00105036
0.00103245
0.00102074
0.00102845
0.00106299
0.00113216
0.00123057
0.00133905
0.00141436
0.00138018
0.00118629
0.00110935
0.00111393
0.00119440
0.00137698
0.00162665
0.00185799
0.00195346
0.00206101
0.00202495
0.00197718
0.00204490
0.00206950
0.00213500
0.00233081
0.00244143
0.00244135
0.00234841
0.00215592
0.00190779
0.00170703
0.00170385
0.00179812
0.00186560
0.00200935
0.00208976
0.00215728
0.00230485
0.00232594
0.00223478
0.00209881
0.00199373
0.00201099
0.00200962
0.00205704
0.00224864
0.00239121
0.00247735
0.00254142
0.00257874
0.00258138
0.00253446
0.00241977
0.00222485
0.00196893
0.00169925
0.00133126
0.00093132
0.00058181
0.00032262
0.00028890
0.00047245
0.00074374
0.00095178
0.00107219
0.00114601
0.00118266
0.00119504
0.00119680
0.00119412
0.00118299
0.00115149
0.00108495
0.00097588
0.00083452
0.00070871
0.00066549
0.00062300
0.00057804
0.00047830
0.00034685
0.00036242
0.00057275
0.00084030
0.00099531
0.00094098
0.00072212
0.00041243
0.00014517
-0.00000158
-0.00008800
-0.00012757
-0.00013213
-0.00011910
-0.00010271
-0.00009013
-0.00008456
-0.00008411
-0.00008708
-0.00009009
-0.00009232
-0.00009222
-0.00009075
-0.00008760
-0.00008433
-0.00008080
-0.00007847
-0.00007701
-0.00007748
-0.00007892
-0.00008130
-0.00008229
-0.00008049
-0.00007308
-0.00005993
-0.00004224
-0.00002687
-0.00002421
-0.00004966
-0.00011696
-0.00023355
-0.00038690
-0.00053469
-0.00059302
-0.00053899
-0.00051057
-0.00047159
-0.00058232
-0.00074709
-0.00081979
-0.00073825
-0.00065452
-0.00064973
-0.00063784
-0.00077776
-0.00090106
-0.00083747
-0.00075229
-0.00074667
-0.00063733
-0.00059549
-0.00049852
-0.00053218
-0.00056382
-0.00046645
-0.00046795
-0.00040374
-0.00018452
-0.00007703
-0.00002080
0.00000390
-0.00003289
-0.00013245
-0.00029729
-0.00049666
-0.00065837
-0.00068530
-0.00079903
-0.00115661
-0.00152497
-0.00163371
-0.00144182
-0.00115137
-0.00078159
-0.00039354
-0.00015697
-0.00003055
0.00003064
0.00004506
0.00003501
0.00001893
0.00000715
0.00000357
0.00000661
0.00001354
0.00002079
0.00002671
0.00003016
0.00003180
0.00003204
0.00003207
0.00003217
0.00003293
0.00003410
0.00003577
0.00003749
0.00003932
0.00004093
0.00004250
0.00004386
0.00004523
0.00004652
0.00004789
0.00004922
0.00005065
0.00005204
0.00005347
0.00005487
0.00005628
0.00005766
0.00005905
0.00006041
0.00006179
0.00006315
0.00006452
0.00006588
0.00006724
0.00006861
0.00006995
0.00007132
0.00007265
0.00007401
0.00007533
0.00007668
0.00007799
0.00007934
0.00008064
0.00008198
0.00008327
0.00008462
0.00008590
0.00008725
0.00008852
0.00008985
0.00009109
0.00009240
0.00009363
0.00009494
0.00009618
0.00009753
0.00009881
0.00010020
0.00010147
0.00010278
0.00010388
0.00010497
0.00010586
0.00010688
0.00010792
0.00010943
0.00011126
0.00011366
0.00011606
0.00011822
0.00011909
0.00011832
0.00011537
0.00011130
0.00010767
0.00010791
0.00011502
0.00013154
0.00015573
0.00018093
0.00019262
0.00017119
0.00009525
-0.00004723
-0.00024616
-0.00045223
-0.00055734
-0.00042386
-0.00018181
-0.00002868
0.00006603
0.00012921
0.00015839
0.00016380
0.00015630
0.00014705
0.00014108
0.00014122
0.00014531
0.00015120
0.00015442
0.00015306
0.00014514
0.00013355
0.00012291
0.00012359
0.00014605
0.00020137
0.00029116
0.00040327
0.00050084
0.00051195
0.00037115
0.00027322
0.00022127
0.00018112
0.00016056
0.00015381
0.00015727
0.00016354
0.00017005
0.00017411
0.00017631
0.00017678
0.00017666
0.00017614
0.00017537
0.00017415
0.00017242
0.00017084
0.00017040
0.00017312
0.00018014
0.00019220
0.00020643
0.00021755
0.00021527
0.00018880
0.00012795
0.00003259
-0.00008140
-0.00017261
-0.00016080
0.00001498
0.00009672
0.00014411
0.00018530
0.00020227
0.00020709
0.00020037
0.00019263
0.00018511
0.00018397
0.00018846
0.00020080
0.00021662
0.00023171
0.00023464
0.00021376
0.00015512
0.00005368
-0.00008112
-0.00020997
-0.00025962
-0.00021987
-0.00024640
-0.00021626
-0.00011295
-0.00012590
-0.00015206
-0.00010328
0.00000381
-0.00005468
-0.00012769
-0.00018718
-0.00017449
-0.00008363
-0.00009997
-0.00013896
-0.00013860
-0.00004777
0.00010823
0.00010002
-0.00004968
-0.00033117
-0.00071161
-0.00105074
-0.00120847
-0.00122415
-0.00109361
-0.00081083
-0.00043655
-0.00009597
0.00008418
0.00017900
0.00020426
0.00016204
0.00006567
-0.00006556
-0.00019799
-0.00027051
-0.00020148
-0.00003089
0.00005242
0.00010473
0.00014212
0.00015569
0.00015591
0.00014781
0.00013936
0.00013259
0.00012957
0.00012881
0.00012976
0.00013064
0.00013116
0.00013061
0.00012948
0.00012770
0.00012592
0.00012407
0.00012257
0.00012113
0.00011997
0.00011870
0.00011749
0.00011600
0.00011450
0.00011271
0.00011107
0.00010939
0.00010818
0.00010717
0.00010671
0.00010611
0.00010533
0.00010325
0.00009985
0.00009450
0.00008849
0.00008296
0.00008125
0.00008541
0.00009770
0.00011552
0.00013290
0.00013599
0.00010836
0.00003161
-0.00010131
-0.00027786
-0.00044649
-0.00051212
-0.00042935
-0.00031337
-0.00011495
-0.00000637
0.00005067
0.00007977
0.00006658
0.00002294
-0.00004977
-0.00013538
-0.00021426
-0.00024427
-0.00026583
-0.00047776
-0.00079482
-0.00108200
-0.00123613
-0.00130988
-0.00131220
-0.00122634
-0.00107020
-0.00087192
-0.00070637
-0.00068360
-0.00086610
-0.00104875
-0.00109431
-0.00107709
-0.00103527
-0.00101613
-0.00110546
-0.00138806
-0.00183230
-0.00206827
-0.00198402
-0.00168951
-0.00129143
-0.00097020
-0.00074251
-0.00067295
-0.00059915
-0.00063302
-0.00058300
-0.00056086
-0.00069586
-0.00079041
-0.00097451
-0.00102276
-0.00098871
-0.00089069
-0.00074999
-0.00064742
-0.00065142
-0.00057297
-0.00049752
-0.00024928
0.00003404
0.00015658
0.00020191
0.00014484
-0.00001707
-0.00025268
-0.00047491
-0.00057846
-0.00068642
-0.00059715
-0.00039112
-0.00020264
-0.00015086
-0.00012944
-0.00005290
-0.00014853
-0.00032994
-0.00048114
-0.00067970
-0.00078137
-0.00077654
-0.00070702
-0.00059160
-0.00048657
-0.00045724
-0.00056587
-0.00063524
-0.00066652
-0.00069160
-0.00069644
-0.00069353
-0.00068691
-0.00067922
-0.00067396
-0.00067163
-0.00067137
-0.00067039
-0.00066661
-0.00065822
-0.00064656
-0.00063529
-0.00063230
-0.00064681
-0.00068816
-0.00075920
-0.00085093
-0.00093493
-0.00095411
-0.00084989
-0.00074328
-0.00068724
-0.00065036
-0.00063724
-0.00065097
-0.00068858
-0.00074188
-0.00080910
-0.00087241
-0.00088882
-0.00083196
-0.00084181
-0.00099182
-0.00122633
-0.00145531
-0.00153480
-0.00144176
-0.00124211
-0.00102565
-0.00093593
-0.00099253
-0.00113035
-0.00128037
-0.00147635
-0.00165056
-0.00174807
-0.00179414
-0.00177750
-0.00168064
-0.00149143
-0.00121815
-0.00091337
-0.00068509
-0.00055704
-0.00047413
-0.00042225
-0.00039968
-0.00040119
-0.00042253
-0.00045737
-0.00048978
-0.00049439
-0.00044564
-0.00042444
-0.00054084
-0.00073043
-0.00090681
-0.00093253
-0.00072593
-0.00035929
0.00006512
0.00046248
0.00079114
0.00092705
0.00081155
0.00053280
0.00019495
-0.00013697
-0.00044314
-0.00061372
-0.00059198
-0.00044126
-0.00021834
-0.00001364
0.00011214
0.00026636
0.00045053
0.00051151
0.00049007
0.00039766
0.00024720
0.00009325
0.00003690
0.00014415
0.00028497
0.00040306
0.00054105
0.00056748
0.00054112
0.00052449
0.00057171
0.00069360
0.00075795
0.00081580
0.00087716
0.00092747
0.00096623
0.00098296
0.00097283
0.00092869
0.00085764
0.00077571
0.00071386
0.00072621
0.00081395
0.00080734
0.00077073
0.00074080
0.00076640
0.00089862
0.00094676
0.00095456
0.00093435
0.00087318
0.00078353
0.00068830
0.00064121
0.00068478
0.00066507
0.00065654
0.00070144
0.00061836
0.00047555
0.00035717
0.00034691
0.00034780
0.00030020
0.00034025
0.00038465
0.00054844
0.00071671
0.00074255
0.00068230
0.00054652
0.00037550
0.00023192
0.00005136
-0.00005483
-0.00006432
0.00000800
0.00017150
0.00039787
0.00062052
0.00072551
0.00073714
0.00067161
0.00055260
0.00043394
0.00036500
0.00026315
0.00017548
0.00005435
-0.00002255
-0.00006384
-0.00010344
-0.00013916
-0.00016987
-0.00017941
-0.00014754
-0.00004829
0.00013077
0.00037606
0.00061924
0.00074083
0.00069289
0.00047106
0.00020546
0.00002664
-0.00007860
-0.00013820
-0.00016109
-0.00015957
-0.00014835
-0.00013667
-0.00012996
-0.00012843
-0.00013103
-0.00013504
-0.00013902
-0.00014155
-0.00014277
-0.00014267
-0.00014212
-0.00014130
-0.00014085
-0.00014059
-0.00014076
-0.00014099
-0.00014138
-0.00014159
-0.00014182
-0.00014182
-0.00014184
-0.00014170
-0.00014165
-0.00014151
-0.00014151
-0.00014145
-0.00014150
-0.00014143
-0.00014137
-0.00014106
-0.00014063
-0.00013994
-0.00013926
-0.00013870
-0.00013876
-0.00013973
-0.00014199
-0.00014530
-0.00014897
-0.00015107
-0.00014893
-0.00014264
-0.00013956
-0.00013754
-0.00013590
-0.00013489
-0.00013411
-0.00013333
-0.00013238
-0.00013132
-0.00013039
-0.00012997
-0.00013042
-0.00013177
-0.00013359
-0.00013481
-0.00013386
-0.00012912
-0.00011979
-0.00010694
-0.00009467
-0.00009032
-0.00010380
-0.00014458
-0.00021699
-0.00031294
-0.00040530
-0.00043771
-0.00034622
-0.00022422
-0.00016331
-0.00012189
-0.00009465
-0.00008349
-0.00008199
-0.00008483
-0.00008723
-0.00008714
-0.00008422
-0.00007988
-0.00007614
-0.00007514
-0.00007813
-0.00008467
-0.00009180
-0.00009383
-0.00008289
-0.00005102
0.00000615
0.00008402
0.00016340
0.00020299
0.00015181
0.00006069
0.00000459
-0.00002887
-0.00004998
-0.00005827
-0.00005749
-0.00005190
-0.00004533
-0.00003974
-0.00003593
-0.00003355
-0.00003201
-0.00003059
-0.00002892
-0.00002677
-0.00002422
-0.00002138
-0.00001847
-0.00001556
-0.00001275
-0.00001002
-0.00000738
-0.00000475
-0.00000214
0.00000052
0.00000319
0.00000590
0.00000862
0.00001135
0.00001407
0.00001679
0.00001951
0.00002222
0.00002493
0.00002764
0.00003034
0.00003305
0.00003574
0.00003843
0.00004112
0.00004380
0.00004648
0.00004917
0.00005186
0.00005455
0.00005722
0.00005988
0.00006247
0.00006502
0.00006751
0.00006998
0.00007249
0.00007510
0.00007787
0.00008082
0.00008385
0.00008678
0.00008932
0.00009120
0.00009227
0.00009273
0.00009319
0.00009473
0.00009862
0.00010584
0.00011620
0.00012756
0.00013517
0.00013200
0.00011017
0.00006429
-0.00000365
-0.00007818
-0.00012537
-0.00011405
-0.00006234
0.00001352
0.00008559
0.00012521
0.00014874
0.00016102
0.00016432
0.00016348
0.00016162
0.00016086
0.00016163
0.00016373
0.00016646
0.00016927
0.00017175
0.00017378
0.00017540
0.00017679
0.00017806
0.00017935
0.00018070
0.00018212
0.00018357
0.00018502
0.00018642
0.00018778
0.00018908
0.00019033
0.00019153
0.00019270
0.00019384
0.00019494
0.00019602
0.00019707
0.00019808
0.00019905
0.00019999
0.00020089
0.00020176
0.00020259
0.00020338
0.00020414
0.00020486
0.00020554
0.00020619
0.00020681
0.00020738
0.00020792
0.00020843
0.00020890
0.00020933
0.00020972
0.00021008
0.00021040
0.00021069
0.00021094
0.00021115
0.00021133
0.00021147
0.00021158
0.00021164
0.00021168
0.00021167
0.00021163
0.00021156
0.00021145
0.00021130
0.00021112
0.00021091
0.00021067
0.00021038
0.00021006
0.00020970
0.00020930
0.00020885
0.00020837
0.00020787
0.00020736
0.00020685
0.00020633
0.00020578
0.00020518
0.00020446
0.00020360
0.00020259
0.00020148
0.00020039
0.00019950
0.00019900
0.00019901
0.00019942
0.00019979
0.00019930
0.00019685
0.00019134
0.00018225
0.00017034
0.00015847
0.00015257
0.00015969
0.00017221
0.00017944
0.00018327
0.00018522
0.00018528
0.00018404
0.00018216
0.00018022
0.00017850
0.00017710
0.00017588
0.00017465
0.00017314
0.00017117
0.00016870
0.00016594
0.00016342
0.00016196
0.00016250
0.00016579
0.00017182
0.00017920
0.00018438
0.00018218
0.00017302
0.00016142
0.00015234
0.00014637
0.00014209
0.00013919
0.00013724
0.00013573
0.00013426
0.00013264
0.00013081
0.00012883
0.00012676
0.00012468
0.00012262
0.00012060
0.00011860
0.00011662
0.00011464
0.00011264
0.00011062
0.00010859
0.00010653
0.00010447
0.00010241
0.00010034
0.00009826
0.00009619
0.00009411
0.00009202
0.00008993
0.00008784
0.00008575
0.00008365
0.00008155
0.00007945
0.00007735
0.00007525
0.00007314
0.00007104
0.00006894
0.00006685
0.00006475
0.00006266
0.00006057
0.00005848
0.00005640
0.00005432
0.00005225
0.00005018
0.00004812
0.00004606
0.00004401
0.00004197
0.00003994
0.00003792
0.00003590
0.00003389
0.00003190
0.00002990
0.00002792
0.00002594
0.00002398
0.00002203
0.00002011
0.00001821
0.00001634
0.00001448
0.00001262
0.00001072
0.00000876
0.00000672
0.00000463
0.00000255
0.00000063
-0.00000096
-0.00000226
-0.00000381
-0.00000545
-0.00000711
-0.00000881
-0.00001049
-0.00001215
-0.00001378
-0.00001539
-0.00001696
-0.00001851
-0.00002004
-0.00002156
-0.00002308
-0.00002458
-0.00002605
-0.00002749
-0.00002887
-0.00003018
-0.00003141
-0.00003256
-0.00003367
-0.00003485
-0.00003621
-0.00003767
-0.00003915
-0.00004060
-0.00004191
-0.00004313
-0.00004430
-0.00004542
-0.00004650
-0.00004755
-0.00004858
-0.00004959
-0.00005058
-0.00005154
-0.00005247
-0.00005338
-0.00005426
-0.00005512
-0.00005594
-0.00005674
-0.00005752
-0.00005826
-0.00005898
-0.00005968
-0.00006034
-0.00006098
-0.00006159
-0.00006218
-0.00006274
-0.00006327
-0.00006377
-0.00006424
-0.00006469
-0.00006511
-0.00006551
-0.00006587
-0.00006621
-0.00006653
-0.00006681
-0.00006707
-0.00006730
-0.00006751
-0.00006769
-0.00006784
-0.00006796
-0.00006806
-0.00006813
-0.00006818
-0.00006820
-0.00006820
-0.00006817
-0.00006811
-0.00006803
-0.00006792
-0.00006779
-0.00006763
-0.00006745
-0.00006725
-0.00006702
-0.00006676
-0.00006649
