-0.00034766
-0.00032552
-0.00027736
-0.00023691
-0.00021279
-0.00023575
-0.00033306
-0.00046235
-0.00049118
-0.00050556
-0.00053319
-0.00056939
-0.00063925
-0.00074360
-0.00084145
-0.00085380
-0.00066116
-0.00019269
0.00032700
0.00033685
0.00031631
0.00038641
0.00050739
0.00069145
0.00083148
0.00075942
0.00026751
-0.00062910
-0.00132188
-0.00066470
0.00033448
0.00080741
0.00087357
0.00095321
0.00112297
0.00114192
0.00070676
-0.00034201
-0.00151087
-0.00157079
-0.00090364
0.00012633
0.00090213
0.00006358
-0.00158660
-0.00279139
-0.00390688
-0.00424866
-0.00418724
-0.00375656
-0.00245157
-0.00048260
0.00084883
0.00132859
0.00225005
0.00373635
0.00486617
0.00606348
0.00689933
0.00685028
0.00612230
0.00478170
0.00328364
0.00125516
-0.00071726
-0.00185187
-0.00232587
-0.00181868
-0.00110113
-0.00112929
-0.00147728
-0.00159838
-0.00109674
0.00032829
0.00237846
0.00356406
0.00299251
0.00174157
0.00144638
0.00204074
0.00285135
0.00323611
0.00224107
0.00047927
-0.00173069
-0.00393250
-0.00519608
-0.00536512
-0.00447077
-0.00296286
-0.00028330
0.00350129
0.00685869
0.00872902
0.00921667
0.00843723
0.00684923
0.00509072
0.00381204
0.00252162
0.00104643
-0.00011663
-0.00079645
-0.00080326
-0.00088279
-0.00128977
-0.00198958
-0.00273587
-0.00277809
-0.00173172
-0.00079584
-0.00110860
-0.00241186
-0.00458029
-0.00643116
-0.00630093
-0.00403374
-0.00065023
0.00301562
0.00588178
0.00668277
0.00648310
0.00563061
0.00362966
0.00110427
-0.00061958
-0.00086512
0.00001570
0.00101041
0.00102945
-0.00032107
-0.00208677
-0.00353931
-0.00428327
-0.00439357
-0.00436955
-0.00368549
-0.00185989
0.00071260
0.00329884
0.00587219
0.00822700
0.00994968
0.01057582
0.00897013
0.00429960
-0.00220526
-0.00857352
-0.01306369
-0.01517514
-0.01471483
-0.01289609
-0.00959907
-0.00492403
0.00032669
0.00463651
0.00756000
0.00960025
0.01062465
0.01062317
0.00981417
0.00804487
0.00592736
0.00425846
0.00260477
-0.00026852
-0.00472060
-0.00919675
-0.01246201
-0.01359128
-0.01200947
-0.00878573
-0.00517676
-0.00233182
-0.00017482
0.00168188
0.00360709
0.00449562
0.00455405
0.00459262
0.00469521
0.00497369
0.00563495
0.00666913
0.00753999
0.00817197
0.00911128
0.00951843
0.00832648
0.00574983
0.00229070
-0.00121145
-0.00364344
-0.00502370
-0.00494823
-0.00366771
-0.00235386
-0.00147702
-0.00120111
-0.00188321
-0.00276160
-0.00331987
-0.00446392
-0.00695619
-0.00966609
-0.01108557
-0.01040178
-0.00805935
-0.00533186
-0.00303484
-0.00156739
-0.00116436
-0.00120384
-0.00119280
-0.00100387
-0.00028376
0.00139005
0.00400046
0.00783327
0.01163855
0.01426371
0.01498404
0.01447679
0.01362875
0.01240875
0.00956242
0.00449985
-0.00212444
-0.00976320
-0.01691300
-0.02132256
-0.02411239
-0.02437625
-0.02223063
-0.01783672
-0.01247226
-0.00647370
0.00009370
0.00607656
0.01158779
0.01583094
0.01751900
0.01654699
0.01368911
0.01001576
0.00641423
0.00376162
0.00116659
-0.00121439
-0.00282453
-0.00375146
-0.00494994
-0.00589404
-0.00655551
-0.00764155
-0.00867146
-0.00977012
-0.01106306
-0.01080444
-0.00656301
0.00025505
0.00782188
0.01149152
0.00970542
0.00492849
-0.00063622
-0.00583364
-0.00997554
-0.01279786
-0.01601740
-0.01907173
-0.02083032
-0.02092444
-0.01849701
-0.01380331
-0.00572931
0.00470618
0.01349844
0.01922032
0.02197212
0.02295874
0.02267033
0.02075348
0.01690825
0.01155098
0.00453578
-0.00449964
-0.01392057
-0.02131933
-0.02540562
-0.02580693
-0.02412371
-0.02168973
-0.01870304
-0.01461827
-0.00934203
-0.00269581
0.00470766
0.01164779
0.01758642
0.02119392
0.02196311
0.01983517
0.01548305
0.00982498
0.00290595
-0.00311101
-0.00745573
-0.01048111
-0.01121959
-0.00986182
-0.00706072
-0.00284401
0.00242708
0.00714242
0.01192012
0.01531303
0.01568958
0.01343686
0.00805460
0.00049312
-0.00821746
-0.01551992
-0.02068028
-0.02341823
-0.02263977
-0.01911066
-0.01390036
-0.00792053
-0.00064259
0.00723402
0.01325324
0.01898760
0.02402030
0.02951980
0.03304376
0.03250765
0.02796062
0.01832802
0.00636094
-0.00621682
-0.01735482
-0.02336004
-0.02601746
-0.02603543
-0.02405327
-0.01954682
-0.01363614
-0.00590983
0.00315792
0.01062694
0.01685987
0.02161537
0.02281816
0.02215944
0.02084385
0.01832523
0.01354872
0.00731151
-0.00003935
-0.00597222
-0.00979494
-0.01239921
-0.01373922
-0.01298519
-0.01020930
-0.00659689
-0.00243486
0.00357197
0.01100245
0.01857241
0.02352748
0.02346328
0.01925198
0.01227652
0.00450200
-0.00380608
-0.01085910
-0.01639055
-0.02093510
-0.02343691
-0.02383700
-0.02152383
-0.01661022
-0.01001307
-0.00346175
0.00187879
0.00620425
0.00856349
0.00879793
0.00825092
0.00826858
0.00856432
0.00755564
0.00454618
0.00033610
-0.00320956
-0.00569654
-0.00749036
-0.00818257
-0.00794203
-0.00677213
-0.00474488
-0.00320333
-0.00329542
-0.00466946
-0.00657178
-0.00766190
-0.00711544
-0.00595323
-0.00559804
-0.00556878
-0.00489721
-0.00351419
-0.00206750
-0.00053525
0.00071073
0.00139054
0.00105203
0.00010351
-0.00100596
-0.00271202
-0.00457318
-0.00623922
-0.00628581
-0.00427922
-0.00237039
-0.00118812
-0.00009099
0.00114646
0.00229625
0.00197684
0.00038738
-0.00172385
-0.00372463
-0.00438756
-0.00344349
-0.00229151
-0.00128609
-0.00028646
-0.00024107
-0.00054017
-0.00058999
0.00004809
0.00199588
0.00513182
0.00808030
0.01161558
0.01410059
0.01505167
0.01465770
0.01282961
0.01061953
0.00762973
0.00574798
0.00329666
-0.00098282
-0.00471727
-0.00818463
-0.01019025
-0.00881382
-0.00629799
-0.00409899
-0.00204124
0.00001231
0.00102673
0.00199576
0.00213504
0.00256002
0.00392012
0.00593978
0.00782163
0.01000104
0.01100885
0.01188601
0.01331063
0.01420949
0.01560346
0.01660107
0.01516712
0.01194542
0.00808549
0.00407140
0.00119016
-0.00100880
-0.00189749
-0.00142366
-0.00059733
0.00000285
-0.00004477
0.00043357
0.00163587
0.00279342
0.00306351
0.00290012
0.00190102
-0.00039643
-0.00314831
-0.00510194
-0.00699098
-0.00708290
-0.00463815
-0.00075535
0.00370491
0.00670528
0.00755280
0.00606437
0.00337502
-0.00008619
-0.00458181
-0.00893401
-0.01056440
-0.00866996
-0.00445951
0.00066724
0.00421648
0.00665442
0.00744676
0.00767760
0.00824536
0.00859868
0.00805058
0.00591914
0.00244738
-0.00156720
-0.00520831
-0.00788925
-0.00945181
-0.00920961
-0.00741674
-0.00575748
-0.00533025
-0.00572732
-0.00601569
-0.00587709
-0.00476492
-0.00227485
0.00108643
0.00396287
0.00538988
0.00626600
0.00760263
0.00825524
0.00792387
0.00681897
0.00505028
0.00269720
0.00006504
-0.00267200
-0.00543113
-0.00798853
-0.00984868
-0.01067835
-0.01070115
-0.00972561
-0.00720747
-0.00378768
-0.00065141
0.00086667
0.00088236
-0.00074386
-0.00330001
-0.00590839
-0.00861539
-0.01164162
-0.01429329
-0.01560647
-0.01485316
-0.01255925
-0.00947220
-0.00535307
-0.00033804
0.00404356
0.00803003
0.01170616
0.01581582
0.01974113
0.02142377
0.02070115
0.01846341
0.01531484
0.01082433
0.00503307
-0.00028008
-0.00581798
-0.01212840
-0.01703981
-0.01980317
-0.02142779
-0.02115640
-0.01882933
-0.01421633
-0.00875488
-0.00224873
0.00292412
0.00808757
0.01201580
0.01310512
0.01176974
0.00877258
0.00517409
0.00147154
-0.00089681
-0.00264449
-0.00365951
-0.00443355
-0.00647187
-0.00795839
-0.00740304
-0.00441982
-0.00005319
0.00356265
0.00561334
0.00627542
0.00720611
0.00851449
0.01134235
0.01494147
0.01654987
0.01475260
0.01099607
0.00596508
0.00020891
-0.00417073
-0.00626078
-0.00749388
-0.00791639
-0.00797783
-0.00818524
-0.00750568
-0.00563502
-0.00346101
-0.00268839
-0.00338180
-0.00435442
-0.00454739
-0.00226320
0.00285055
0.00879316
0.01404472
0.01740580
0.01770740
0.01543972
0.01257908
0.01022388
0.00871289
0.00700489
0.00330175
-0.00233725
-0.00908176
-0.01491049
-0.01716550
-0.01451101
-0.00852282
-0.00123196
0.00666290
0.01450935
0.02090939
0.02531519
0.02650712
0.02483600
0.02088122
0.01555603
0.00964043
0.00332759
-0.00238927
-0.00749193
-0.01230853
-0.01689183
-0.02147046
-0.02506286
-0.02655086
-0.02514905
-0.02104941
-0.01614455
-0.01162644
-0.00914483
-0.00843157
-0.00751500
-0.00433112
0.00019738
0.00333162
0.00405931
0.00228605
-0.00104003
-0.00520734
-0.00977832
-0.01299272
-0.01317198
-0.01113980
-0.00711828
-0.00222764
0.00165460
0.00606417
0.01093003
0.01610591
0.02155461
0.02441688
0.02198559
0.01456853
0.00420652
-0.00659409
-0.01614725
-0.02082977
-0.02256040
-0.02315993
-0.02267213
-0.02041120
-0.01631551
-0.01026964
-0.00139226
0.00749978
0.01301838
0.01428754
0.01037883
0.00405622
-0.00304608
-0.00801374
-0.01258614
-0.01693390
-0.02022015
-0.02250098
-0.02215936
-0.01821532
-0.01115262
-0.00299273
0.00571896
0.01295280
0.01653453
0.01804298
0.01864109
0.01869233
0.01745403
0.01464710
0.01170776
0.00920523
0.00700243
0.00438597
0.00146149
-0.00195679
-0.00590091
-0.00973230
-0.01253575
-0.01478329
-0.01604854
-0.01591425
-0.01452252
-0.01135589
-0.00639212
0.00024645
0.00689545
0.01201392
0.01517520
0.01503291
0.01124330
0.00464514
-0.00345391
-0.01124512
-0.01784286
-0.02232504
-0.02235376
-0.01782079
-0.01024847
-0.00118265
0.00817231
0.01706041
0.02442852
0.02884025
0.03082300
0.03072677
0.02825434
0.02443454
0.01952148
0.01297767
0.00598425
-0.00001481
-0.00366836
-0.00438138
-0.00326547
-0.00140918
-0.00007115
-0.00029959
-0.00182484
-0.00402465
-0.00560399
-0.00555184
-0.00428246
-0.00257464
-0.00155401
-0.00186894
-0.00402721
-0.00677013
-0.00815718
-0.00736466
-0.00467217
-0.00099849
0.00330821
0.00793803
0.01331213
0.01803386
0.02261973
0.02564784
0.02572058
0.02290702
0.01770557
0.01044514
0.00344218
-0.00188138
-0.00535688
-0.00608439
-0.00459750
-0.00273020
-0.00082761
-0.00048619
-0.00075416
-0.00115870
-0.00213460
-0.00325595
-0.00343450
-0.00348901
-0.00331859
-0.00217502
0.00005100
0.00237808
0.00363397
0.00489385
0.00468126
0.00300566
-0.00037751
-0.00473521
-0.00997490
-0.01517777
-0.01972102
-0.02307928
-0.02432701
-0.02217595
-0.01841574
-0.01494443
-0.01281586
-0.01201417
-0.01320982
-0.01687192
-0.02315451
-0.03184029
-0.04243537
-0.05250903
-0.06008359
-0.06442883
-0.06386291
-0.05875262
-0.05190934
-0.04673491
-0.04438448
-0.04427692
-0.04438254
-0.04230500
-0.03646250
-0.02671873
-0.01390725
-0.00114310
0.00994551
0.01867880
0.02640572
0.03327376
0.03875899
0.04359115
0.04551958
0.04280495
0.03525577
0.02485876
0.01468875
0.00639762
0.00089594
-0.00224749
-0.00354284
-0.00297924
-0.00049196
0.00509377
0.01197184
0.01905766
0.02453647
0.02816397
0.03179525
0.03445244
0.03723972
0.04051234
0.04264265
0.04410501
0.04318289
0.03987502
0.03631946
0.03316931
0.03061000
0.02692659
0.02125662
0.01328409
0.00320779
-0.00569161
-0.01276573
-0.01734555
-0.01815189
-0.01463266
-0.00655346
0.00587342
0.02218547
0.03919260
0.05270510
0.06044352
0.06315191
0.06117512
0.05337641
0.03972068
0.02106027
0.00039878
-0.02171636
-0.04370888
-0.05999196
-0.06966422
-0.07063831
-0.06041921
-0.04136719
-0.01898750
0.00363569
0.02289463
0.03500378
0.03996751
0.03934002
0.03301192
0.02312094
0.01279021
0.00341270
-0.00574857
-0.01348087
-0.02120065
-0.02804054
-0.03248161
-0.03362582
-0.02997635
-0.02254320
-0.01448547
-0.00833749
-0.00271831
0.00113920
0.00412477
0.00786557
0.01250851
0.01798499
0.02584161
0.03421616
0.04018306
0.04461327
0.04552225
0.04107100
0.03305755
0.02063600
0.00399265
-0.01348304
-0.02835157
-0.04156890
-0.04990163
-0.05073672
-0.04541797
-0.03529089
-0.02290712
-0.01048551
-0.00018765
0.00779891
0.01146667
0.00973419
0.00366995
-0.00574588
-0.01829861
-0.03308606
-0.04743572
-0.06089363
-0.07345998
-0.08301301
-0.08901295
-0.08969705
-0.08325702
-0.07116303
-0.05596378
-0.03789777
-0.01589016
0.00686751
0.02810553
0.04694144
0.06398528
0.07693024
0.08181627
0.07864739
0.06942214
0.05576996
0.03802915
0.01703381
-0.00359755
-0.02396602
-0.04267810
-0.05849478
-0.07210522
-0.07972913
-0.07989606
-0.07393606
-0.06211922
-0.04617912
-0.03138429
-0.02166718
-0.01576235
-0.01380727
-0.01319382
-0.01086298
-0.00525680
0.00385810
0.01499600
0.02508649
0.03442873
0.04382302
0.05168849
0.05919072
0.06302239
0.06145113
0.05736690
0.05211601
0.04678974
0.04210268
0.03869862
0.03437000
0.03005555
0.02865841
0.03050316
0.03523698
0.04172512
0.04780504
0.05127809
0.05217765
0.04936943
0.04386294
0.03759798
0.03058800
0.02371099
0.01653571
0.00837097
0.00133760
-0.00418410
-0.00645232
-0.00591512
-0.00410972
-0.00145127
0.00040497
0.00015597
-0.00266871
-0.00672937
-0.00966690
-0.00967301
-0.00723210
-0.00365091
-0.00053425
0.00037235
-0.00242625
-0.00767786
-0.01425703
-0.02181249
-0.03156868
-0.04217506
-0.05127735
-0.05745316
-0.05978715
-0.05796554
-0.05297763
-0.04713395
-0.04161334
-0.03707118
-0.03320500
-0.02879536
-0.02310135
-0.01596675
-0.00673904
0.00389210
0.01446607
0.02347500
0.02948689
0.03312365
0.03431396
0.03364704
0.03282271
0.03153824
0.02875910
0.02419682
0.01730318
0.00776201
-0.00369799
-0.01536138
-0.02579840
-0.03288871
-0.03604582
-0.03730678
-0.03717909
-0.03641670
-0.03483811
-0.03219515
-0.02860201
-0.02414329
-0.01984376
-0.01647603
-0.01510824
-0.01554032
-0.01542667
-0.01327619
-0.00935956
-0.00346547
0.00477070
0.01498423
0.02668663
0.03948294
0.05184403
0.06023936
0.06375932
0.06347802
0.06121526
0.05939716
0.05961070
0.06293597
0.06795011
0.07132428
0.07366765
0.07486562
0.07369805
0.07007613
0.06471368
0.05882576
0.05332216
0.04972099
0.04934846
0.04935474
0.04774854
0.04368389
0.03718849
0.02893037
0.01970019
0.01136669
0.00590504
0.00185101
-0.00235053
-0.00598736
-0.00776566
-0.00543760
0.00224519
0.01456545
0.02788075
0.04245589
0.05382102
0.05832297
0.05713887
0.05080233
0.04027446
0.02487241
0.00621624
-0.01058914
-0.02608565
-0.03995940
-0.05201654
-0.06179367
-0.06444106
-0.06206823
-0.05745838
-0.05259193
-0.04798077
-0.04479087
-0.04286823
-0.04121990
-0.03933049
-0.03641036
-0.03309211
-0.02933939
-0.02537659
-0.02259256
-0.02255387
-0.02423738
-0.02555128
-0.02497865
-0.02311557
-0.02086401
-0.01751673
-0.01317191
-0.00728789
0.00068427
0.01011347
0.02067248
0.03153403
0.03833427
0.03766064
0.02889551
0.01239090
-0.00835163
-0.02844234
-0.04555215
-0.05872761
-0.06572755
-0.06515372
-0.05965432
-0.05230914
-0.04519619
-0.03995326
-0.03692393
-0.03608020
-0.03597472
-0.03310530
-0.02639492
-0.01832585
-0.01053799
-0.00515462
-0.00502671
-0.01022985
-0.01810691
-0.02629817
-0.03357889
-0.03867369
-0.04232880
-0.04583476
-0.04874826
-0.05108989
-0.05171554
-0.04863610
-0.04075274
-0.02959618
-0.01804893
-0.00719076
0.00045915
0.00615197
0.00824224
0.00548111
-0.00246944
-0.01406061
-0.02603543
-0.03824450
-0.05158679
-0.06342848
-0.07333258
-0.08135503
-0.08688051
-0.08856144
-0.08411398
-0.07180656
-0.05176957
-0.02932331
-0.00535318
0.01393916
0.02192517
0.02191515
0.01497009
0.00361629
-0.00849723
-0.01866246
-0.02944907
-0.03989272
-0.04809459
-0.05416887
-0.05721905
-0.05535285
-0.04840611
-0.03566316
-0.01907530
-0.00327729
0.00580760
0.01003116
0.01199324
0.01118861
0.01062828
0.01294680
0.01869066
0.02804850
0.03989185
0.05126387
0.06246249
0.06961370
0.07447892
0.07703138
0.07582126
0.07260532
0.06865991
0.06479186
0.06054793
0.05784976
0.05730067
0.05869723
0.06219343
0.06710584
0.07231343
0.07491443
0.07563938
0.07347658
0.06820046
0.06088359
0.05199067
0.04184102
0.03156724
0.02377217
0.01549991
0.00757615
0.00167351
-0.00141829
-0.00093652
0.00245217
0.00648212
0.00978747
0.01114468
0.01035336
0.00739027
0.00325069
-0.00212841
-0.00819227
-0.01426323
-0.01863724
-0.01937631
-0.01714060
-0.01200037
-0.00445272
0.00382892
0.01060524
0.01498654
0.01872895
0.02253187
0.02693148
0.03065150
0.03145411
0.02809577
0.01844670
0.00456179
-0.01076477
-0.02360430
-0.02911211
-0.03015108
-0.02957934
-0.02952385
-0.03057211
-0.03138965
-0.03160226
-0.03084471
-0.02880867
-0.02603484
-0.02425435
-0.02463792
-0.02843670
-0.03742545
-0.05051848
-0.06378203
-0.07516850
-0.08477187
-0.09003453
-0.08943664
-0.08377246
-0.07556043
-0.06626638
-0.05604510
-0.04523586
-0.03229075
-0.01931814
-0.00821652
0.00252977
0.01260648
0.02138560
0.02856576
0.03342064
0.03771527
0.04280755
0.04774116
0.05243935
0.05653241
0.06024269
0.06346890
0.06483774
0.06469346
0.06488329
0.06607645
0.06853286
0.07158287
0.07366223
0.07337101
0.06949470
0.06150454
0.04861789
0.03111040
0.01125260
-0.00927008
-0.02779234
-0.04270269
-0.05506708
-0.06319224
-0.06449766
-0.05959448
-0.04827859
-0.03119581
-0.01256015
0.00430362
0.02122086
0.03718060
0.05098856
0.06376638
0.07208788
0.07344700
0.06731332
0.05405236
0.03654875
0.01928104
0.00406261
-0.00924143
-0.01826547
-0.02265084
-0.02433346
-0.02375147
-0.01998593
-0.01312274
-0.00477793
0.00391960
0.01053023
0.01312613
0.01352180
0.01286925
0.01206191
0.01260577
0.01564989
0.02069979
0.02681075
0.03321423
0.03895294
0.04347733
0.04720069
0.05055967
0.05379168
0.05695213
0.05891425
0.05703149
0.05027913
0.04004257
0.02685754
0.01134568
-0.00230343
-0.01129589
-0.01670370
-0.01889048
-0.01859853
-0.01680524
-0.01321938
-0.00714085
0.00064845
0.00833435
0.01640570
0.02515624
0.03502432
0.04492772
0.05294429
0.05899044
0.06308596
0.06427257
0.06194298
0.05561589
0.04613181
0.03466622
0.02428899
0.01602271
0.00836718
0.00176292
-0.00536131
-0.01262246
-0.01869822
-0.02410147
-0.02893868
-0.03297386
-0.03634993
-0.03796260
-0.03822218
-0.03629594
-0.03316551
-0.02938782
-0.02566704
-0.02405627
-0.02519270
-0.02900590
-0.03540043
-0.04393148
-0.05361449
-0.06356858
-0.07387200
-0.08284198
-0.09133116
-0.09901606
-0.10401420
-0.10496080
-0.10064800
-0.09096051
-0.07709037
-0.06309732
-0.05000515
-0.03876680
-0.03058491
-0.02207275
-0.01291057
-0.00383263
0.00423008
0.00987987
0.01250577
0.01345093
0.01237394
0.01027513
0.00871700
0.00777698
0.00724800
0.00872401
0.01115762
0.01281250
0.01373384
0.01434858
0.01336272
0.01192463
0.01115042
0.00979281
0.00825555
0.00557451
0.00280300
0.00027406
-0.00206520
-0.00407056
-0.00590959
-0.00798742
-0.00838084
-0.00693581
-0.00622698
-0.00811654
-0.01217825
-0.01700078
-0.02051563
-0.02404417
-0.02635591
-0.02501116
-0.01962627
-0.00953647
0.00352743
0.01859207
0.03402566
0.04742221
0.05691505
0.06135962
0.06229586
0.06102555
0.05790032
0.05328590
0.04687301
0.03761676
0.02620021
0.01493440
0.00395464
-0.00305674
-0.00362456
-0.00046403
0.00319428
0.00478741
0.00362671
-0.00075674
-0.00611556
-0.01047706
-0.01360631
-0.01591953
-0.01856959
-0.02200383
-0.02667906
-0.03274073
-0.03994623
-0.04897599
-0.05779866
-0.06243799
-0.06374631
-0.06176125
-0.05612708
-0.04744373
-0.03727319
-0.02657720
-0.01688695
-0.00820186
0.00034605
0.00756989
0.01337006
0.01890297
0.02381977
0.02733827
0.02803432
0.02478734
0.01869596
0.01115563
0.00291095
-0.00642175
-0.01518781
-0.02142904
-0.02616514
-0.02933069
-0.03022584
-0.02882190
-0.02466923
-0.01676644
-0.00519641
0.00875849
0.02287423
0.03313133
0.03860522
0.03926221
0.03446480
0.02616237
0.01759873
0.01069834
0.00619301
0.00410295
0.00323240
0.00256254
0.00210067
0.00255242
0.00466081
0.00934802
0.01659633
0.02428396
0.03064626
0.03503119
0.03626792
0.03523762
0.03325157
0.03115253
0.02986342
0.02965997
0.02995941
0.03017422
0.02981654
0.02783346
0.02328371
0.01656315
0.00776638
-0.00303794
-0.01494627
-0.02891264
-0.04531992
-0.06051425
-0.07143255
-0.07693236
-0.07369342
-0.06115495
-0.04205531
-0.01978762
0.00309989
0.02135361
0.03330060
0.04084161
0.04419402
0.04420222
0.04232305
0.03969711
0.03524213
0.02718114
0.01466225
-0.00048868
-0.01436600
-0.02593575
-0.03347607
-0.03490778
-0.03164155
-0.02535144
-0.01913240
-0.01620766
-0.01729260
-0.02107553
-0.02522863
-0.02686894
-0.02366633
-0.01455311
-0.00065823
0.01571757
0.03200802
0.04417841
0.05454665
0.06105407
0.06070823
0.05319494
0.03969724
0.02231871
0.00568938
-0.00558443
-0.01426825
-0.02109316
-0.02626330
-0.03084590
-0.03356032
-0.03455074
-0.03478928
-0.03450677
-0.03605023
-0.03945726
-0.04321425
-0.04741539
-0.05149222
-0.05457166
-0.05683589
-0.05762949
-0.05608376
-0.05269376
-0.04624917
-0.03563911
-0.02145432
-0.00793711
0.00589182
0.01913008
0.02985647
0.04184324
0.05541746
0.06860772
0.08005752
0.08684699
0.08892084
0.08590887
0.07869677
0.06755815
0.05262609
0.03796570
0.02337733
0.00866436
-0.00289822
-0.01175776
-0.01790632
-0.02163314
-0.02261002
-0.02141506
-0.01795898
-0.01298532
-0.00798112
-0.00144803
0.00517353
0.00854007
0.00724536
0.00171665
-0.00733536
-0.01747270
-0.02612981
-0.03289241
-0.03728843
-0.03870114
-0.03671597
-0.03169989
-0.02523708
-0.01690262
-0.00732605
0.00262182
0.01176483
0.01890561
0.02452397
0.02848547
0.02946034
0.02748984
0.02362043
0.01926051
0.01311030
0.00638196
0.00033056
-0.00607593
-0.01260800
-0.02089352
-0.03041048
-0.03818408
-0.04439403
-0.04849250
-0.04815356
-0.04521602
-0.03968125
-0.03344710
-0.02763733
-0.02380465
-0.02143401
-0.01984401
-0.01973408
-0.02074794
-0.02319386
-0.02639638
-0.03041426
-0.03445339
-0.03649466
-0.03640174
-0.03397266
-0.03044809
-0.02511490
-0.01742609
-0.00684806
0.00483784
0.01453127
0.02281639
0.02978929
0.03403289
0.03627159
0.03580123
0.03333277
0.03076936
0.02811665
0.02494116
0.02133025
0.01743324
0.01219496
0.00737993
0.00649172
0.00856547
0.01220474
0.01740949
0.02212318
0.02382676
0.02374325
0.02380754
0.02359589
0.02268536
0.02136371
0.02032214
0.01927191
0.01886279
0.01857970
0.01903285
0.02130491
0.02565335
0.03080851
0.03542181
0.03894580
0.04026709
0.03732236
0.03105606
0.02313908
0.01582741
0.01014966
0.00681681
0.00596146
0.00772361
0.01223304
0.01911962
0.02692876
0.03313838
0.03748805
0.03985634
0.03967219
0.03741233
0.03245280
0.02571961
0.01928377
0.01438801
0.01049893
0.00846872
0.00887874
0.01030226
0.01232459
0.01449953
0.01621631
0.01679955
0.01567831
0.01221134
0.00679151
-0.00037287
-0.00800117
-0.01483940
-0.02049328
-0.02396021
-0.02476816
-0.02432040
-0.02331255
-0.02221202
-0.02158905
-0.02172418
-0.02281375
-0.02358422
-0.02398101
-0.02498868
-0.02647588
-0.02854225
-0.03158431
-0.03493858
-0.03813099
-0.04030364
-0.04152707
-0.04243340
-0.04263602
-0.04227670
-0.04090371
-0.03819976
-0.03383466
-0.02706535
-0.01891417
-0.01134797
-0.00558446
-0.00075310
0.00436182
0.00850038
0.01176156
0.01480208
0.01673509
0.01650041
0.01391946
0.00949344
0.00359555
-0.00227591
-0.00761693
-0.01229811
-0.01530792
-0.01574509
-0.01300563
-0.00789442
-0.00034275
0.00870258
0.01603015
0.02048806
0.02075484
0.01677594
0.00967583
0.00082542
-0.00863787
-0.01714854
-0.02349678
-0.02828398
-0.03162647
-0.03287618
-0.03158686
-0.02849112
-0.02421415
-0.01926117
-0.01551950
-0.01178320
-0.00786877
-0.00559253
-0.00522894
-0.00669690
-0.01075364
-0.01670042
-0.02247725
-0.02611476
-0.02777304
-0.02644442
-0.02333975
-0.01831255
-0.01293660
-0.00669528
-0.00117894
0.00273386
0.00446890
0.00394740
0.00175433
-0.00194669
-0.00761935
-0.01484115
-0.02237517
-0.02780537
-0.03171704
-0.03424254
-0.03339514
-0.03005558
-0.02593434
-0.02233440
-0.01933646
-0.01748491
-0.01618217
-0.01444112
-0.01275639
-0.01008772
-0.00722721
-0.00414784
-0.00041491
0.00365779
0.00729257
0.01153168
0.01611066
0.02183918
0.02721507
0.03098872
0.03250888
0.03217207
0.03035653
0.02670518
0.02274790
0.01986904
0.01740757
0.01537129
0.01123690
0.00589665
0.00091706
-0.00411695
-0.00939372
-0.01257907
-0.01490033
-0.01585535
-0.01447836
-0.01211893
-0.00999602
-0.00753236
-0.00437882
-0.00145153
0.00141768
0.00370181
0.00464440
0.00408474
0.00292990
0.00186395
0.00184200
0.00259709
0.00482366
0.00870767
0.01302621
0.01700351
0.02064421
0.02259609
0.02295436
0.02207564
0.02164837
0.02321849
0.02699310
0.03208210
0.03803175
0.04408525
0.05082321
0.05581308
0.05876022
0.06102593
0.06192476
0.06155824
0.06052305
0.05925840
0.05779214
0.05585917
0.05367197
0.05040186
0.04601962
0.04139215
0.03659493
0.03240789
0.02867942
0.02541303
0.02272632
0.01961215
0.01557994
0.01073223
0.00622893
0.00346896
0.00213308
0.00098428
-0.00025532
-0.00150654
-0.00311477
-0.00388629
-0.00292714
-0.00015030
0.00430087
0.00970056
0.01430880
0.01782274
0.01969724
0.01956579
0.01848626
0.01730264
0.01547821
0.01298059
0.01012047
0.00666906
0.00273758
-0.00094282
-0.00454157
-0.00803764
-0.01016262
-0.01098758
-0.01113412
-0.01124936
-0.01179806
-0.01311883
-0.01517907
-0.01701776
-0.01867871
-0.02090671
-0.02243671
-0.02244213
-0.02152982
-0.01999954
-0.01838111
-0.01626690
-0.01484511
-0.01497341
-0.01599224
-0.01744870
-0.01852328
-0.01943407
-0.01954626
-0.01949357
-0.01970747
-0.02005611
-0.02032092
-0.01994442
-0.01831570
-0.01537885
-0.01251709
-0.01026150
-0.00912407
-0.00935156
-0.00999885
-0.01090194
-0.01164140
-0.01238959
-0.01376670
-0.01531741
-0.01838989
-0.02219255
-0.02614971
-0.02927444
-0.03224934
-0.03442534
-0.03422166
-0.03118353
-0.02713397
-0.02266925
-0.01887291
-0.01587304
-0.01419976
-0.01295122
-0.01176393
-0.01151265
-0.01138812
-0.01124860
-0.01102071
-0.01048100
-0.00955954
-0.00864607
-0.00794568
-0.00611315
-0.00334308
-0.00102894
0.00048684
0.00139329
0.00198898
0.00174587
0.00186383
0.00217420
0.00069434
-0.00191058
-0.00589929
-0.01109267
-0.01604937
-0.02054809
-0.02517866
-0.02894036
-0.03160017
-0.03307132
-0.03262214
-0.03063568
-0.02758391
-0.02355499
-0.01918020
-0.01436454
-0.00951525
-0.00442373
0.00041585
0.00444643
0.00833565
0.01108718
0.01204288
0.01128808
0.00882923
0.00497792
0.00105606
-0.00233094
-0.00501432
-0.00575193
-0.00494618
-0.00362060
-0.00239497
-0.00133731
-0.00095004
-0.00135788
-0.00218466
-0.00300269
-0.00266433
-0.00120847
0.00063483
0.00351072
0.00726204
0.01073468
0.01428877
0.01821198
0.02151407
0.02410001
0.02626662
0.02797407
0.02949938
0.03005906
0.02916671
0.02689353
0.02370962
0.02009405
0.01623629
0.01316544
0.01070555
0.00916200
0.00918190
0.01035127
0.01257043
0.01617514
0.02050389
0.02408476
0.02671245
0.02823915
0.02719250
0.02527903
0.02274812
0.02028652
0.01666992
0.01264641
0.00804429
0.00327845
-0.00046914
-0.00435115
-0.00819263
-0.01146856
-0.01376656
-0.01398756
-0.01145361
-0.00751676
-0.00214050
0.00428833
0.01188505
0.01987311
0.02852700
0.03765421
0.04377858
0.04940512
0.05392357
0.05514791
0.05242885
0.04566357
0.03629617
0.02567149
0.01766727
0.00877373
0.00109252
-0.00483620
-0.00929984
-0.01329922
-0.01513823
-0.01495804
-0.01369396
-0.01124183
-0.00890260
-0.00695574
-0.00559849
-0.00484024
-0.00611704
-0.00902821
-0.01213518
-0.01313481
-0.01231457
-0.00990119
-0.00559206
-0.00066219
0.00350214
0.00659935
0.00834831
0.00800599
0.00716196
0.00642180
0.00604669
0.00521899
0.00438241
0.00426117
0.00363561
0.00219873
0.00039123
-0.00117972
-0.00327706
-0.00621545
-0.01007571
-0.01470200
-0.01928147
-0.02265218
-0.02488822
-0.02639905
-0.02699273
-0.02604652
-0.02344030
-0.02019703
-0.01625770
-0.01198457
-0.00776320
-0.00380713
-0.00075931
0.00249581
0.00637731
0.00989153
0.01322666
0.01564571
0.01701514
0.01777005
0.01725102
0.01567520
0.01332402
0.01024259
0.00569149
0.00094060
-0.00395991
-0.00924356
-0.01398604
-0.01763977
-0.02005786
-0.02050839
-0.01821341
-0.01460242
-0.01136175
-0.00805677
-0.00428742
-0.00105393
0.00156570
0.00394116
0.00610895
0.00840134
0.01080890
0.01320968
0.01504022
0.01576668
0.01581592
0.01524400
0.01358778
0.01119358
0.00957158
0.00747073
0.00455998
0.00071766
-0.00438297
-0.01006735
-0.01618342
-0.02239128
-0.02736267
-0.02930433
-0.02956886
-0.02971809
-0.02995767
-0.03036119
-0.03113292
-0.03230000
-0.03310219
-0.03193996
-0.02924422
-0.02616529
-0.02220162
-0.01727923
-0.01253841
-0.00775649
-0.00255094
0.00100232
0.00467523
0.00792081
0.00890803
0.00893395
0.00702901
0.00471663
0.00168038
-0.00183154
-0.00660706
-0.01221735
-0.01736268
-0.02161121
-0.02426305
-0.02575403
-0.02711917
-0.02727205
-0.02618892
-0.02362423
-0.02024407
-0.01757491
-0.01436712
-0.01011780
-0.00532044
-0.00084420
0.00389131
0.00947581
0.01450688
0.01847091
0.02162651
0.02354088
0.02385576
0.02281889
0.02143071
0.01978601
0.01784976
0.01645023
0.01538645
0.01463887
0.01452511
0.01442684
0.01432787
0.01433667
0.01444621
0.01452113
0.01426502
0.01332509
0.01171835
0.01023378
0.00903529
0.00780430
0.00677070
0.00718183
0.00929937
0.01217590
0.01561437
0.01954196
0.02304817
0.02580530
0.02736493
0.02663764
0.02368925
0.01977756
0.01615982
0.01280362
0.00990363
0.00717409
0.00370566
0.00135886
-0.00002374
-0.00130384
-0.00144784
-0.00075674
0.00043783
0.00180008
0.00434756
0.00772388
0.01124286
0.01385215
0.01405641
0.01302655
0.01154168
0.01033401
0.00928744
0.00939264
0.01069409
0.01294222
0.01514202
0.01606388
0.01693190
0.01688967
0.01697814
0.01769645
0.01903787
0.02047881
0.02061181
0.02011513
0.01867644
0.01611611
0.01353608
0.01086886
0.00802866
0.00521256
0.00296564
0.00185887
0.00178028
0.00140112
0.00049773
-0.00058980
-0.00097312
0.00008098
0.00104074
0.00116040
0.00165203
0.00265452
0.00351286
0.00368502
0.00425975
0.00543224
0.00652679
0.00689553
0.00730231
0.00739019
0.00649612
0.00483105
0.00189828
-0.00170392
-0.00559952
-0.00858980
-0.00954217
-0.00969692
-0.00953064
-0.00924316
-0.00953776
-0.01051726
-0.01239735
-0.01470393
-0.01676236
-0.01882963
-0.02033671
-0.02099880
-0.02229208
-0.02398076
-0.02582595
-0.02801697
-0.03009465
-0.03255707
-0.03507077
-0.03715950
-0.03919196
-0.03990372
-0.03901529
-0.03700167
-0.03435093
-0.03184819
-0.02929789
-0.02624386
-0.02248912
-0.01850694
-0.01556125
-0.01389118
-0.01298158
-0.01201353
-0.01075418
-0.01010935
-0.00977777
-0.00908787
-0.00825231
-0.00817250
-0.00926513
-0.01070313
-0.01242621
-0.01427618
-0.01599056
-0.01736824
-0.01772529
-0.01774797
-0.01776245
-0.01773064
-0.01778524
-0.01824573
-0.01939011
-0.02094078
-0.02176344
-0.02194372
-0.02111433
-0.02057301
-0.01977691
-0.01833333
-0.01701041
-0.01527589
-0.01368081
-0.01209607
-0.01036034
-0.00860254
-0.00605701
-0.00361725
-0.00196900
-0.00026302
0.00256071
0.00501487
0.00634868
0.00652212
0.00636023
0.00549228
0.00354381
0.00096229
-0.00290054
-0.00581797
-0.00818084
-0.00959736
-0.00938924
-0.00803099
-0.00521714
-0.00175327
0.00202258
0.00537002
0.00932569
0.01302717
0.01438668
0.01404635
0.01301271
0.01144493
0.01027102
0.00896425
0.00831760
0.00851122
0.00991496
0.01147154
0.01378040
0.01644132
0.01960230
0.02366282
0.02807721
0.03195772
0.03507711
0.03639787
0.03651619
0.03576573
0.03321286
0.02894858
0.02391176
0.01762312
0.01161234
0.00649838
0.00089258
-0.00402042
-0.00750177
-0.01002377
-0.01155049
-0.01218251
-0.01122524
-0.00900163
-0.00583539
-0.00234977
0.00108971
0.00505817
0.00855524
0.01063900
0.01134140
0.01066510
0.00884225
0.00630161
0.00373852
0.00134604
-0.00077885
-0.00259213
-0.00468899
-0.00654225
-0.00712767
-0.00718775
-0.00737862
-0.00761689
-0.00773192
-0.00744967
-0.00658858
-0.00539154
-0.00482009
-0.00480535
-0.00503713
-0.00587641
-0.00744748
-0.00906965
-0.01050868
-0.01101922
-0.01065290
-0.01055978
-0.01158064
-0.01295304
-0.01336146
-0.01333167
-0.01301467
-0.01203110
-0.01039787
-0.00881166
-0.00678650
-0.00412987
-0.00167618
-0.00007070
0.00037843
0.00014984
-0.00112176
-0.00378889
-0.00699312
-0.01069283
-0.01419757
-0.01598967
-0.01712427
-0.01828979
-0.01810444
-0.01738465
-0.01669355
-0.01653445
-0.01512500
-0.01182332
-0.00771653
-0.00334713
-0.00003851
0.00304401
0.00506440
0.00526378
0.00540190
0.00548310
0.00512596
0.00434579
0.00356090
0.00300773
0.00112892
-0.00223809
-0.00607144
-0.00972722
-0.01253804
-0.01524402
-0.01767599
-0.01943843
-0.02093916
-0.02180291
-0.02114586
-0.01903585
-0.01580440
-0.01217603
-0.00880104
-0.00560552
-0.00184015
0.00207141
0.00583070
0.00968552
0.01232572
0.01305051
0.01327309
0.01365795
0.01378233
0.01312101
0.01134381
0.00903478
0.00715534
0.00536006
0.00389418
0.00319536
0.00203312
-0.00037471
-0.00324859
-0.00576877
-0.00771535
-0.00907188
-0.01029080
-0.01097877
-0.01155646
-0.01194508
-0.01137575
-0.01006241
-0.00764418
-0.00463842
-0.00139564
0.00178614
0.00417363
0.00685830
0.00874643
0.01075861
0.01242200
0.01324655
0.01312262
0.01211698
0.01054575
0.00927320
0.00826492
0.00829433
0.00832622
0.00807734
0.00776856
0.00758747
0.00804614
0.00961625
0.01232832
0.01487401
0.01697245
0.01870707
0.02045294
0.02293852
0.02438012
0.02421356
0.02340579
0.02198424
0.02050343
0.01929258
0.01860818
0.01744951
0.01650488
0.01693549
0.01804096
0.01936331
0.02051115
0.02205776
0.02361635
0.02538385
0.02643869
0.02686596
0.02699308
0.02715524
0.02730622
0.02709721
0.02627226
0.02477330
0.02299062
0.02100905
0.01879366
0.01616363
0.01403684
0.01115670
0.00849269
0.00645035
0.00491309
0.00349730
0.00211345
0.00123378
0.00091550
0.00164121
0.00266578
0.00346326
0.00456211
0.00574592
0.00689696
0.00743152
0.00677311
0.00555317
0.00433131
0.00315892
0.00162625
-0.00024168
-0.00234414
-0.00384754
-0.00498355
-0.00587458
-0.00617885
-0.00623963
-0.00558083
-0.00378903
-0.00123620
0.00187222
0.00395375
0.00435906
0.00427218
0.00425509
0.00433145
0.00470827
0.00566389
0.00714110
0.00842293
0.00947392
0.01000399
0.01011595
0.01007884
0.00948501
0.00806001
0.00616280
0.00364876
0.00123401
-0.00019450
-0.00049016
-0.00046154
-0.00024920
0.00040938
0.00136803
0.00202977
0.00339552
0.00563739
0.00717909
0.00741373
0.00706418
0.00624450
0.00498434
0.00395443
0.00251705
0.00092189
-0.00121821
-0.00300045
-0.00411889
-0.00532862
-0.00613864
-0.00725387
-0.00858614
-0.00885068
-0.00839983
-0.00746291
-0.00639686
-0.00620865
-0.00629111
-0.00619302
-0.00601076
-0.00592639
-0.00628485
-0.00736921
-0.00897459
-0.01018717
-0.01180532
-0.01296740
-0.01406556
-0.01415544
-0.01405971
-0.01408002
-0.01417620
-0.01466743
-0.01570403
-0.01701719
-0.01762588
-0.01864359
-0.01951102
-0.01863781
-0.01719479
-0.01591151
-0.01327620
-0.00999047
-0.00617045
-0.00233222
-0.00001152
0.00162808
0.00290997
0.00429517
0.00469277
0.00494973
0.00511165
0.00471102
0.00472610
0.00478140
0.00478259
0.00477445
0.00477672
0.00478734
0.00479951
0.00476867
0.00468892
0.00459793
0.00467738
0.00517010
0.00620934
0.00731777
0.00803185
0.00921005
0.01019235
0.00975937
0.00842975
0.00643376
0.00419846
0.00178381
0.00021820
-0.00181517
-0.00366576
-0.00544432
-0.00761849
-0.00882397
-0.00905109
-0.00902438
-0.00828869
-0.00635208
-0.00366104
-0.00100309
0.00140576
0.00338262
0.00487568
0.00636681
0.00794621
0.00918352
0.00995947
0.01009492
0.01017735
0.01016237
0.00970851
0.00866776
0.00721074
0.00513067
0.00202565
-0.00132189
-0.00421213
-0.00557904
-0.00557005
-0.00565549
-0.00593278
-0.00621492
-0.00638298
-0.00618797
-0.00538076
-0.00398019
-0.00260815
-0.00116187
0.00013250
0.00119764
0.00168806
0.00180390
0.00204064
0.00225099
0.00205751
0.00103637
-0.00083374
-0.00268967
-0.00429212
-0.00547762
-0.00574686
-0.00585629
-0.00607421
-0.00614435
-0.00579901
-0.00487309
-0.00376315
-0.00347402
-0.00342575
-0.00332750
-0.00350984
-0.00431753
-0.00581351
-0.00742003
-0.00966256
-0.01161029
-0.01280834
-0.01407312
-0.01417627
-0.01374672
-0.01278303
-0.01139701
-0.01053032
-0.00911302
-0.00751554
-0.00477828
-0.00188233
0.00078749
0.00308076
0.00470001
0.00586815
0.00739900
0.00842368
0.00967214
0.01053298
0.01056845
0.01022472
0.00933737
0.00827526
0.00778831
0.00798079
0.00848220
0.00928126
0.00988047
0.00948277
0.00838327
0.00757026
0.00665814
0.00506873
0.00279035
-0.00084516
-0.00461562
-0.00794180
-0.01193123
-0.01599347
-0.01886334
-0.02070255
-0.02115491
-0.02012504
-0.01872453
-0.01690301
-0.01444754
-0.01225525
-0.01066625
-0.00962964
-0.00976260
-0.01161173
-0.01392317
-0.01556550
-0.01648057
-0.01661100
-0.01578423
-0.01409747
-0.01218652
-0.01066201
-0.00898372
-0.00705937
-0.00570070
-0.00434326
-0.00245641
-0.00006206
0.00270564
0.00529145
0.00750401
0.00942311
0.01126171
0.01277731
0.01310866
0.01238824
0.01114401
0.00999651
0.00873636
0.00745069
0.00598903
0.00459280
0.00339160
0.00285575
0.00281864
0.00277634
0.00271320
0.00267423
0.00261767
0.00252873
0.00241343
0.00243552
0.00282987
0.00382446
0.00510256
0.00571755
0.00620403
0.00647485
0.00574835
0.00548475
0.00515860
0.00419035
0.00301367
0.00273851
0.00278870
0.00281243
0.00285591
0.00282937
0.00248241
0.00150945
-0.00003319
-0.00151534
-0.00407015
-0.00664913
-0.00827366
-0.00939833
-0.01069177
-0.01099141
-0.01105852
-0.01080786
-0.00977727
-0.00822204
-0.00702920
-0.00546383
-0.00436857
-0.00339096
-0.00330446
-0.00290438
-0.00159834
0.00014165
0.00133993
0.00242020
0.00247776
0.00241282
0.00252641
0.00259683
0.00269628
0.00273778
0.00277161
0.00272052
0.00261730
0.00248372
0.00255618
0.00311396
0.00437697
0.00591103
0.00703866
0.00796582
0.00810189
0.00807142
0.00776963
0.00674785
0.00518250
0.00331485
0.00072939
-0.00147676
-0.00286184
-0.00387728
-0.00496540
-0.00587104
-0.00754852
-0.00964194
-0.01083061
-0.01156470
-0.01276706
-0.01369516
-0.01318666
-0.01204926
-0.01078435
-0.00978242
-0.00818363
-0.00602734
-0.00288501
0.00032003
0.00359779
0.00573754
0.00634633
0.00590684
0.00428651
0.00258202
0.00072914
-0.00065387
-0.00174039
-0.00251538
-0.00260980
-0.00268823
-0.00279329
-0.00288415
-0.00296753
-0.00304445
-0.00303247
-0.00279628
-0.00217095
-0.00123856
-0.00047431
0.00035515
0.00237891
0.00517556
0.00774802
0.00976861
0.01120066
0.01238352
0.01325383
0.01347571
0.01360188
0.01349396
0.01287132
0.01179993
0.01090612
0.01027989
0.00923252
0.00825921
0.00752989
0.00642659
0.00555559
0.00507616
0.00420559
0.00322056
0.00255204
0.00180617
0.00076027
0.00014669
0.00016989
-0.00009697
-0.00087266
-0.00189636
-0.00234514
-0.00153182
-0.00039658
-0.00086807
-0.00349901
-0.00713297
-0.01068713
-0.01323380
-0.01537461
-0.01809526
-0.02016541
-0.02141981
-0.02173781
-0.02108027
-0.02010429
-0.01951511
-0.01882450
-0.01749512
-0.01616284
-0.01478552
-0.01348534
-0.01210006
-0.01069022
-0.00911372
-0.00761272
-0.00646342
-0.00630586
-0.00713160
-0.00811878
-0.00843965
-0.00852105
-0.00925273
-0.01063603
-0.01207115
-0.01365302
-0.01514594
-0.01626164
-0.01629931
-0.01511480
-0.01334479
-0.01108181
-0.00854350
-0.00581061
-0.00286001
0.00012515
0.00258523
0.00420206
0.00460637
0.00470797
0.00487447
0.00501031
0.00507253
0.00508770
0.00510778
0.00519204
0.00529740
0.00526720
0.00481793
0.00378401
0.00254346
0.00221730
0.00231421
0.00267274
0.00353002
0.00464281
0.00519012
0.00598897
0.00718774
0.00790297
0.00889544
0.01016203
0.01055031
0.01048525
0.01009205
0.00918026
0.00811787
0.00791464
0.00796757
0.00790952
0.00784868
0.00785410
0.00794098
0.00797015
0.00765525
0.00667711
0.00513867
0.00381134
0.00227911
0.00108442
-0.00001213
-0.00044438
-0.00130545
-0.00257560
-0.00316715
-0.00308393
-0.00305447
-0.00339864
-0.00422685
-0.00539055
-0.00604912
-0.00611576
-0.00612684
-0.00598318
-0.00546693
-0.00470066
-0.00440454
-0.00559811
-0.00639514
-0.00633996
-0.00592581
-0.00485911
-0.00322232
-0.00174926
0.00032566
0.00183824
0.00290771
0.00469589
0.00637836
0.00855263
0.00986936
0.01036645
0.01147704
0.01276495
0.01297726
0.01312777
0.01324722
0.01279342
0.01141097
0.00925095
0.00710605
0.00515480
0.00448761
0.00345269
0.00239716
0.00226679
0.00208406
0.00178702
0.00169215
0.00228585
0.00403552
0.00673666
0.00943386
0.01206316
0.01462914
0.01688757
0.01864251
0.01997927
0.02096934
0.02061527
0.01948848
0.01803517
0.01655684
0.01451589
0.01258174
0.01043291
0.00780375
0.00614604
0.00516410
0.00497767
0.00482065
0.00476900
0.00520439
0.00622160
0.00736789
0.00806448
0.00906696
0.00967834
0.00891898
0.00786297
0.00704657
0.00604142
0.00453352
0.00276839
0.00009045
-0.00270936
-0.00543496
-0.00804381
-0.01028713
-0.01198640
-0.01332116
-0.01445360
-0.01453689
-0.01394018
-0.01263041
-0.01098107
-0.00984886
-0.00860694
-0.00679526
-0.00493699
-0.00393396
-0.00321730
-0.00213090
-0.00136299
-0.00105678
-0.00027505
0.00092752
0.00169199
0.00169547
0.00159004
0.00146053
0.00137234
0.00166120
0.00272848
0.00462865
0.00641474
0.00703778
0.00701344
0.00719681
0.00747856
0.00743612
0.00655488
0.00457424
0.00214311
0.00017027
-0.00146207
-0.00340383
-0.00543418
-0.00636603
-0.00624252
-0.00542383
-0.00373476
-0.00181700
-0.00048893
0.00060189
0.00152666
0.00184264
0.00173873
0.00063915
-0.00182001
-0.00468391
-0.00628594
-0.00693396
-0.00798740
-0.00875637
-0.00889667
-0.00929765
-0.01004896
-0.01069675
-0.01041777
-0.00964161
-0.00912565
-0.00821373
-0.00658525
-0.00509984
-0.00397876
-0.00287225
-0.00171283
-0.00122191
-0.00118583
-0.00085466
0.00000518
0.00120199
0.00202828
0.00278975
0.00380817
0.00430577
0.00466451
0.00562721
0.00691917
0.00748525
0.00733882
0.00685357
0.00599766
0.00505730
0.00409447
0.00271046
0.00119230
-0.00056072
-0.00213712
-0.00306181
-0.00333287
-0.00311035
-0.00242799
-0.00139055
-0.00064365
0.00018819
0.00141923
0.00206533
0.00208808
0.00177717
0.00093810
-0.00022050
-0.00073844
-0.00066707
-0.00035575
0.00037913
0.00142342
0.00206243
0.00268244
0.00375407
0.00459042
0.00485471
0.00498792
0.00496260
0.00450410
0.00354825
0.00278343
0.00354013
0.00509276
0.00625974
0.00755452
0.00845469
0.00926412
0.00929594
0.00697199
0.00340191
-0.00071557
-0.00481631
-0.00922678
-0.01287809
-0.01531116
-0.01768133
-0.01845906
-0.01865428
-0.01874013
-0.01819355
-0.01683080
-0.01503970
-0.01326064
-0.01201624
-0.01097043
-0.01073239
-0.01058332
-0.00993548
-0.00874889
-0.00751879
-0.00734870
-0.00755638
-0.00753237
-0.00689949
-0.00529511
-0.00299256
-0.00138943
-0.00031667
0.00133485
0.00265947
0.00431132
0.00538418
0.00640586
0.00681794
0.00803469
0.01042953
0.01273133
0.01407840
0.01567369
0.01647938
0.01659011
0.01550505
0.01496726
0.01415646
0.01309322
0.01251877
0.01148160
0.01054299
0.01031319
0.00974411
0.00865148
0.00775444
0.00754710
0.00700993
0.00592031
0.00491401
0.00428716
0.00290946
0.00090378
-0.00080628
-0.00254206
-0.00406610
-0.00554037
-0.00692057
-0.00766527
-0.00754829
-0.00678046
-0.00633687
-0.00582629
-0.00462201
-0.00321406
-0.00179907
-0.00030812
0.00092932
0.00167813
0.00157367
0.00094040
-0.00016228
-0.00139697
-0.00265103
-0.00435903
-0.00634069
-0.00840784
-0.00981652
-0.01107042
-0.01180533
-0.01197270
-0.01170168
-0.01059477
-0.00866729
-0.00705921
-0.00637316
-0.00575487
-0.00474356
-0.00393169
-0.00263642
-0.00017686
0.00244883
0.00404195
0.00426370
0.00365841
0.00283365
0.00227541
0.00222353
0.00189718
0.00098607
-0.00010505
-0.00041984
-0.00078679
-0.00173257
-0.00289127
-0.00331264
-0.00373315
-0.00443871
-0.00469956
-0.00354566
-0.00221331
-0.00050707
0.00122134
0.00323254
0.00558705
0.00735347
0.00845490
0.01020896
0.01200588
0.01439729
0.01592534
0.01604883
0.01566016
0.01422960
0.01163393
0.00892751
0.00635916
0.00403706
0.00236590
0.00125182
0.00004588
-0.00026317
-0.00054730
-0.00085750
-0.00053471
0.00098420
0.00382369
0.00670442
0.00920213
0.01098155
0.01225203
0.01310018
0.01358541
0.01372307
0.01327669
0.01273248
0.01163877
0.01035412
0.00961138
0.00872430
0.00804661
0.00733824
0.00616193
0.00521850
0.00529674
0.00538897
0.00513486
0.00442299
0.00329214
0.00243095
0.00247997
0.00234327
0.00165104
0.00057210
-0.00033948
-0.00104975
-0.00232898
-0.00367954
-0.00476438
-0.00579169
-0.00674229
-0.00796270
-0.00846633
-0.00763635
-0.00639403
-0.00574015
-0.00612187
-0.00697568
-0.00804545
-0.00861588
-0.00847630
-0.00852736
-0.00901867
-0.00989934
-0.01080371
-0.01144102
-0.01239087
-0.01371434
-0.01430607
-0.01396318
-0.01289219
-0.01119964
-0.00985795
-0.00926537
-0.00915134
-0.00893239
-0.00806454
-0.00652928
-0.00487703
-0.00290798
-0.00099100
0.00030832
0.00143107
0.00205574
0.00224699
0.00233058
0.00204883
0.00119557
0.00009126
-0.00027385
-0.00016019
-0.00005589
-0.00002683
-0.00022231
-0.00082256
-0.00180861
-0.00252544
-0.00175919
-0.00051887
-0.00024397
-0.00024556
-0.00022579
-0.00050209
-0.00143218
-0.00297020
-0.00437240
-0.00604031
-0.00726023
-0.00798321
-0.00860443
-0.00966847
-0.01091333
-0.01118604
-0.01106468
-0.01097493
-0.01105429
-0.01155043
-0.01262128
-0.01386229
-0.01416522
-0.01400866
-0.01359571
-0.01270226
-0.01165214
-0.01160103
-0.01025031
-0.00796250
-0.00621019
-0.00472301
-0.00249850
-0.00077844
0.00041477
0.00213079
0.00337897
0.00457886
0.00475079
0.00484931
0.00505902
0.00504253
0.00459989
0.00359164
0.00254217
0.00248942
0.00218923
0.00133899
0.00050937
0.00067870
0.00178599
0.00233518
0.00230606
0.00235284
0.00244613
0.00231819
0.00173266
0.00068047
-0.00018364
-0.00015623
-0.00008641
-0.00013084
-0.00016795
-0.00020990
-0.00022228
-0.00023128
-0.00021279
-0.00015364
0.00001097
0.00028916
0.00059261
0.00099946
0.00201037
0.00257529
0.00261838
0.00260204
0.00238159
0.00183882
0.00118129
0.00115472
0.00213732
0.00260030
0.00249508
0.00241849
0.00238907
0.00241061
0.00247913
0.00259801
0.00267445
0.00251876
0.00185779
0.00064152
-0.00064563
-0.00174260
-0.00277207
-0.00359830
-0.00443991
-0.00486764
-0.00500227
-0.00511306
-0.00492447
-0.00409085
-0.00258649
-0.00114533
-0.00039090
0.00005901
0.00075141
0.00201990
0.00332984
0.00436212
0.00529252
0.00608857
0.00706314
0.00749306
0.00748099
0.00753171
0.00758994
0.00750749
0.00708543
0.00625430
0.00529982
0.00425238
0.00272739
0.00112385
-0.00031008
-0.00147391
-0.00193974
-0.00204734
-0.00214899
-0.00199785
-0.00130595
-0.00010570
0.00099663
0.00201545
0.00277874
0.00367374
0.00434186
0.00353927
0.00179845
0.00029512
-0.00096142
-0.00260646
-0.00374722
-0.00391624
-0.00390443
-0.00393876
-0.00395463
-0.00387745
-0.00375506
-0.00374903
-0.00409043
-0.00486372
-0.00565811
-0.00543307
-0.00458234
-0.00369983
-0.00343277
-0.00309031
-0.00226034
-0.00137588
-0.00122495
-0.00081623
0.00011191
0.00101952
0.00105046
0.00102248
0.00116660
0.00131796
0.00137814
0.00115915
0.00057093
-0.00024516
-0.00062192
-0.00048907
-0.00032585
-0.00029751
-0.00046334
-0.00096199
-0.00168979
-0.00207916
-0.00146356
-0.00060765
0.00010862
0.00094886
0.00198914
0.00275738
0.00339354
0.00349149
0.00351805
0.00344814
0.00303674
0.00232185
0.00172070
0.00173026
0.00177168
0.00176276
0.00175289
0.00170793
0.00161418
0.00153762
0.00161753
0.00203539
0.00287064
0.00382996
0.00445048
0.00476632
0.00471411
0.00470140
0.00476337
0.00475818
0.00456242
0.00405479
0.00334832
0.00290376
0.00288771
0.00287371
0.00281022
0.00272294
0.00261042
0.00249935
0.00246010
0.00260265
0.00300240
0.00351928
0.00369927
0.00356844
0.00357618
0.00385475
0.00434528
0.00472554
0.00478315
0.00466289
0.00441821
0.00395182
0.00333459
0.00291050
0.00249276
0.00187904
0.00140690
0.00091931
0.00028439
0.00000859
0.00013328
0.00047813
0.00096004
0.00126481
0.00155885
0.00198839
0.00219622
0.00247743
0.00292783
0.00312778
0.00289087
0.00239434
0.00189317
0.00179799
0.00176617
0.00151151
0.00102929
0.00049897
0.00034173
0.00031500
0.00027961
0.00025952
0.00023845
0.00015810
-0.00004452
-0.00039832
-0.00076919
-0.00084482
-0.00091447
-0.00116070
-0.00150130
-0.00165232
-0.00122301
-0.00082909
-0.00105063
-0.00159703
-0.00225589
-0.00255085
-0.00245821
-0.00238981
-0.00236866
-0.00235513
-0.00233516
-0.00230403
-0.00226299
-0.00221255
-0.00214830
-0.00207153
-0.00200046
-0.00198186
-0.00206973
-0.00227785
-0.00246679
-0.00237250
-0.00226924
-0.00225349
-0.00233485
-0.00251887
-0.00264458
-0.00253863
-0.00232366
-0.00201930
-0.00168357
-0.00143300
-0.00116731
-0.00097249
-0.00077083
-0.00065878
-0.00063347
-0.00059905
-0.00055562
-0.00052336
-0.00053103
-0.00060662
-0.00073993
-0.00083561
-0.00080078
-0.00076814
-0.00075449
-0.00072775
-0.00066030
-0.00052935
-0.00036418
-0.00022439
-0.00010477
-0.00003657
-0.00003844
-0.00003536
-0.00002277
-0.00001225
-0.00001173
-0.00003847
-0.00010433
-0.00019302
-0.00024016
-0.00022875
-0.00021728
-0.00021129
-0.00020412
-0.00019706
-0.00018968
-0.00018260
-0.00017688
-0.00017293
-0.00016550
-0.00014622
-0.00010675
-0.00005162
-0.00000777
0.00002228
0.00006527
0.00008696
0.00007442
0.00006226
0.00005440
0.00004803
0.00004204
0.00003164
0.00001104
-0.00002378
-0.00006307
-0.00008071
-0.00008079
-0.00007508
-0.00005962
-0.00003875
-0.00002897
-0.00002251
-0.00001172
-0.00001163
-0.00001410
-0.00000736
0.00000131
-0.00000694
-0.00003072
-0.00005901
-0.00008143
-0.00009863
-0.00010718
-0.00010929
-0.00010851
-0.00010236
-0.00009197
-0.00008498
-0.00008126
-0.00008405
-0.00008790
-0.00009053
-0.00009340
-0.00009762
-0.00010365
-0.00010956
-0.00011158
-0.00011364
-0.00011598
-0.00011511
-0.00011379
-0.00011229
-0.00010815
-0.00010169
-0.00009607
-0.00009195
-0.00008809
-0.00008440
-0.00008096
-0.00007729
-0.00007241
-0.00006751
-0.00006303
-0.00005844
-0.00005295
-0.00004724
-0.00004160
-0.00003600
-0.00003044
-0.00002497
-0.00001962
-0.00001440
-0.00000914
-0.00000367
0.00000170
0.00000694
0.00001212
0.00001731
0.00002248
0.00002757
0.00003258
0.00003751
0.00004237
0.00004716
0.00005189
0.00005654
0.00006114
0.00006567
0.00007015
0.00007457
0.00007893
0.00008323
0.00008748
0.00009168
0.00009582
0.00009991
