0.00070642
0.00069116
0.00063901
0.00056251
0.00043640
0.00030812
0.00019884
0.00009581
-0.00000543
-0.00010404
-0.00026085
-0.00055111
-0.00105283
-0.00164322
-0.00199640
-0.00234775
-0.00262475
-0.00251019
-0.00183987
-0.00078344
0.00036120
0.00100390
0.00114882
0.00172448
0.00274835
0.00368138
0.00448156
0.00532391
0.00549724
0.00507095
0.00411171
0.00420798
0.00449497
0.00466595
0.00476559
0.00454785
0.00382716
0.00264521
0.00171148
0.00123294
0.00093617
0.00107454
0.00117121
0.00177434
0.00222390
0.00229619
0.00184837
0.00158586
0.00125571
0.00060560
0.00000252
-0.00082537
-0.00036304
0.00081653
0.00150726
0.00157441
0.00161063
0.00176513
0.00178858
0.00136157
0.00029497
-0.00095187
-0.00110062
-0.00023076
0.00104071
0.00212448
0.00347960
0.00534240
0.00700453
0.00766308
0.00748482
0.00667483
0.00509083
0.00329144
0.00122100
-0.00039860
-0.00076389
-0.00074168
-0.00120679
-0.00234763
-0.00386986
-0.00475307
-0.00495200
-0.00464782
-0.00420356
-0.00343918
-0.00196194
-0.00028894
0.00175394
0.00374183
0.00514637
0.00660338
0.00774849
0.00786856
0.00710236
0.00503142
0.00202570
-0.00027587
-0.00097531
-0.00107228
-0.00149449
-0.00216346
-0.00339541
-0.00524090
-0.00714138
-0.00901668
-0.01025440
-0.01156442
-0.01350818
-0.01510643
-0.01524893
-0.01305598
-0.00911469
-0.00511906
-0.00256670
-0.00212570
-0.00260184
-0.00295555
-0.00276960
-0.00185535
-0.00088951
0.00007030
0.00118702
0.00220777
0.00338865
0.00467308
0.00596030
0.00776166
0.00958836
0.01098316
0.01201728
0.01279151
0.01259082
0.01158314
0.01005424
0.00795899
0.00610985
0.00468215
0.00238514
-0.00168953
-0.00692711
-0.01217344
-0.01595702
-0.01784231
-0.01762999
-0.01501722
-0.01022493
-0.00373511
0.00300544
0.00866147
0.01255560
0.01558365
0.01794920
0.01888247
0.01841370
0.01723905
0.01591815
0.01457710
0.01289904
0.01092644
0.00794315
0.00402763
0.00006893
-0.00280722
-0.00443168
-0.00637591
-0.00898775
-0.01156431
-0.01442045
-0.01691360
-0.01823784
-0.01887154
-0.01834009
-0.01695193
-0.01502451
-0.01238672
-0.00850787
-0.00437165
-0.00110803
0.00132046
0.00271167
0.00333930
0.00371627
0.00447916
0.00542851
0.00688611
0.00835181
0.00952734
0.01065932
0.01169257
0.01282295
0.01265350
0.01060214
0.00766578
0.00372953
-0.00136950
-0.00643253
-0.01064030
-0.01449269
-0.01711071
-0.01832353
-0.01783795
-0.01549977
-0.01255129
-0.00979603
-0.00749682
-0.00496408
-0.00178604
0.00190810
0.00610959
0.01037498
0.01532155
0.02092842
0.02489049
0.02684536
0.02739290
0.02648300
0.02373601
0.01915536
0.01309429
0.00508379
-0.00330122
-0.01068355
-0.01634595
-0.02005097
-0.02203954
-0.02176236
-0.01921394
-0.01546366
-0.01138459
-0.00756462
-0.00308259
0.00196359
0.00803018
0.01375762
0.01773043
0.02072420
0.02340480
0.02558541
0.02691661
0.02624282
0.02249633
0.01565002
0.00857300
0.00155974
-0.00460772
-0.00901733
-0.01303101
-0.01480331
-0.01483532
-0.01411530
-0.01237273
-0.01003156
-0.00609331
-0.00222550
0.00300439
0.00914157
0.01351228
0.01768660
0.01996623
0.01889161
0.01671061
0.01268676
0.00720284
0.00054668
-0.00811610
-0.01811269
-0.02665317
-0.03175419
-0.03409717
-0.03417894
-0.03283544
-0.03131329
-0.02890653
-0.02601029
-0.02169986
-0.01674554
-0.01229398
-0.00808164
-0.00415830
-0.00056453
0.00113541
0.00040645
-0.00163078
-0.00447855
-0.00740949
-0.00998948
-0.01153871
-0.01139498
-0.01000793
-0.00801255
-0.00490160
-0.00071149
0.00423915
0.00969331
0.01374685
0.01646877
0.01868140
0.02006421
0.02056329
0.01922943
0.01451783
0.00664237
-0.00194824
-0.00933905
-0.01469004
-0.01807133
-0.01975568
-0.01927752
-0.01694349
-0.01407869
-0.01084990
-0.00717158
-0.00251765
0.00163222
0.00587921
0.00888105
0.01036218
0.01071194
0.01092012
0.01145810
0.01204437
0.01213140
0.01065637
0.00690276
0.00160449
-0.00387768
-0.00779267
-0.00793951
-0.00545470
-0.00269403
-0.00199670
-0.00130055
-0.00096710
0.00024586
0.00253913
0.00458566
0.00712093
0.00978234
0.01111066
0.01041082
0.00840405
0.00535051
0.00253410
-0.00091905
-0.00424905
-0.00875715
-0.01134854
-0.01130749
-0.00851324
-0.00457346
0.00049382
0.00589473
0.00836098
0.00792870
0.00602374
0.00408112
0.00167011
-0.00029298
-0.00247015
-0.00465505
-0.00727842
-0.01057663
-0.01240095
-0.01243555
-0.01301084
-0.01355192
-0.01415192
-0.01434549
-0.01289442
-0.00885531
-0.00292202
0.00220570
0.00570019
0.00756230
0.00850062
0.00939972
0.00996224
0.00966161
0.00874262
0.00754976
0.00575912
0.00320748
0.00054147
-0.00276068
-0.00568161
-0.00759256
-0.00923562
-0.00982873
-0.00903406
-0.00754656
-0.00536092
-0.00225040
0.00107266
0.00378007
0.00579447
0.00685514
0.00685769
0.00598060
0.00463976
0.00376294
0.00332563
0.00309682
0.00202759
0.00069426
-0.00011482
-0.00005691
0.00100153
0.00170011
0.00176688
0.00143566
0.00019616
-0.00218492
-0.00480940
-0.00689207
-0.00845139
-0.00988015
-0.01038314
-0.00952128
-0.00749181
-0.00497013
-0.00310689
-0.00106208
0.00039275
0.00078287
0.00159462
0.00337423
0.00559743
0.00774277
0.00912356
0.00995436
0.01046302
0.01081277
0.01038024
0.00805742
0.00338507
-0.00301379
-0.00814994
-0.01217411
-0.01607468
-0.01873660
-0.02055922
-0.02189400
-0.02091519
-0.01749230
-0.01272995
-0.00729112
-0.00085215
0.00457152
0.00861582
0.01007343
0.00757566
0.00263980
-0.00295295
-0.00640363
-0.00841966
-0.00911230
-0.00813243
-0.00719630
-0.00756106
-0.00785394
-0.00769359
-0.00708326
-0.00600082
-0.00476408
-0.00257180
0.00132212
0.00500220
0.00696682
0.00871117
0.00959479
0.00843443
0.00675023
0.00583360
0.00488569
0.00467094
0.00369138
0.00160298
-0.00087999
-0.00446912
-0.00587505
-0.00735183
-0.00832238
-0.00885613
-0.00804398
-0.00569367
-0.00232981
0.00131007
0.00488751
0.00734058
0.00760129
0.00706097
0.00555059
0.00409564
0.00329868
0.00326888
0.00338577
0.00433455
0.00476218
0.00531999
0.00556205
0.00393231
-0.00030392
-0.00515214
-0.00821228
-0.00867571
-0.00583887
-0.00218766
0.00102703
0.00328623
0.00445274
0.00433284
0.00343332
0.00244837
0.00093663
-0.00091023
-0.00374251
-0.00676565
-0.01003860
-0.01337828
-0.01652201
-0.01860121
-0.01843213
-0.01576167
-0.01165122
-0.00727674
-0.00271774
0.00195942
0.00501775
0.00615620
0.00661679
0.00655093
0.00610173
0.00548062
0.00465157
0.00344786
0.00188660
-0.00057029
-0.00434303
-0.00878904
-0.01314685
-0.01618921
-0.01711983
-0.01662254
-0.01537466
-0.01416467
-0.01352580
-0.01252394
-0.01048344
-0.00729960
-0.00327210
0.00088728
0.00386990
0.00558536
0.00658643
0.00680041
0.00616193
0.00486055
0.00339081
0.00149912
-0.00052548
-0.00204251
-0.00252487
-0.00122241
0.00144730
0.00497211
0.00719854
0.00842915
0.00955967
0.00942459
0.00824107
0.00642045
0.00353725
-0.00046972
-0.00563592
-0.01110722
-0.01650659
-0.01958066
-0.02118567
-0.02211114
-0.02293591
-0.02296351
-0.02039792
-0.01409275
-0.00536790
0.00446786
0.01379633
0.02148443
0.02636332
0.02918001
0.02997691
0.02921362
0.02729883
0.02488205
0.02253910
0.01814010
0.01044066
0.00298874
-0.00450422
-0.01110435
-0.01719693
-0.02314178
-0.02674648
-0.02950989
-0.03057799
-0.02890137
-0.02546379
-0.02024755
-0.01456699
-0.00807911
-0.00389283
-0.00062726
0.00209090
0.00408124
0.00557013
0.00662781
0.00669595
0.00688565
0.00786150
0.00956625
0.01121059
0.01124744
0.00993906
0.00746762
0.00323801
-0.00169777
-0.00653928
-0.01208841
-0.01839730
-0.02198065
-0.01993338
-0.01468538
-0.00702899
0.00123666
0.00575223
0.00560979
0.00214546
-0.00285778
-0.00815855
-0.01261322
-0.01458920
-0.01506342
-0.01651944
-0.01835286
-0.01902629
-0.01745379
-0.01272115
-0.00456240
0.00539332
0.01492169
0.02290017
0.02732388
0.02826186
0.02826366
0.02803669
0.02762873
0.02782192
0.02850650
0.02773613
0.02372328
0.01571483
0.00483088
-0.00588908
-0.01472615
-0.02133960
-0.02515484
-0.02632308
-0.02491289
-0.02154219
-0.01671729
-0.01159935
-0.00631580
0.00047940
0.00888117
0.01811232
0.02567079
0.02846306
0.02657805
0.02260746
0.01893870
0.01667739
0.01501324
0.01238778
0.00746631
0.00102872
-0.00587026
-0.01284820
-0.01844245
-0.02254384
-0.02426175
-0.02343354
-0.02098006
-0.01791456
-0.01446973
-0.01120214
-0.00922870
-0.00735628
-0.00513804
-0.00308815
-0.00067087
0.00213615
0.00448134
0.00591447
0.00674956
0.00705226
0.00721799
0.00721998
0.00697721
0.00668166
0.00702872
0.00886867
0.01241182
0.01594302
0.01741767
0.01512078
0.01089030
0.00582922
0.00343078
0.00187507
0.00194358
0.00243898
0.00294537
0.00322761
0.00209447
0.00043272
0.00095485
0.00384920
0.00921053
0.01573212
0.02393671
0.03081022
0.03511679
0.03781570
0.03901149
0.03794635
0.03511376
0.03083545
0.02493924
0.01818405
0.01182108
0.00392309
-0.00459654
-0.01242994
-0.02141636
-0.02930143
-0.03242543
-0.03096256
-0.02544825
-0.01720511
-0.00770074
0.00207484
0.01294056
0.02332926
0.03027641
0.03421769
0.03619286
0.03597979
0.03331299
0.02774264
0.02001343
0.01164028
0.00355840
-0.00399698
-0.01063134
-0.01657776
-0.02254971
-0.02642651
-0.02708154
-0.02533981
-0.02122212
-0.01516297
-0.00809561
-0.00073006
0.00685065
0.01273659
0.01744338
0.02198379
0.02461092
0.02528175
0.02374602
0.01875898
0.01070422
0.00233964
-0.00584210
-0.01298351
-0.01690854
-0.01707443
-0.01419023
-0.00982699
-0.00578898
-0.00271091
-0.00182683
-0.00329931
-0.00598898
-0.00931888
-0.01332996
-0.01617057
-0.01844547
-0.01977336
-0.01920748
-0.01608854
-0.01040388
-0.00464392
0.00073409
0.00500880
0.00994670
0.01574079
0.02145712
0.02798292
0.03341343
0.03554801
0.03577794
0.03434710
0.03122672
0.02640631
0.02063579
0.01363982
0.00426947
-0.00381325
-0.01140232
-0.01762934
-0.02055069
-0.02084797
-0.01741101
-0.01128859
-0.00447110
0.00094858
0.00557936
0.00893445
0.00957395
0.01052624
0.01190684
0.01312952
0.01507062
0.01849191
0.02268032
0.02679644
0.02865156
0.02567177
0.01826514
0.00738451
-0.00405113
-0.01177908
-0.01426983
-0.01413182
-0.01226206
-0.00939358
-0.00656608
-0.00452245
-0.00312384
-0.00164325
-0.00064127
0.00000217
0.00166187
0.00594170
0.01229981
0.01887852
0.02576948
0.03248818
0.03740839
0.04055434
0.04116773
0.03927153
0.03580543
0.03207636
0.02677591
0.01962567
0.01296957
0.00600156
0.00005366
-0.00202741
-0.00071819
0.00290468
0.00763101
0.01226637
0.01402449
0.01535749
0.01576855
0.01530370
0.01433744
0.00980665
0.00382806
-0.00445983
-0.01324755
-0.02167357
-0.02604255
-0.02543635
-0.02077261
-0.01218939
-0.00254295
0.00778806
0.01701601
0.02264928
0.02555594
0.02409559
0.01790288
0.00895905
-0.00109493
-0.01135306
-0.02000581
-0.02684467
-0.03254531
-0.03648418
-0.03728627
-0.03386107
-0.02540063
-0.01242316
0.00213110
0.01589026
0.02808536
0.03597558
0.03947147
0.03936053
0.03630787
0.03135071
0.02630759
0.02305542
0.02006642
0.01530545
0.00823744
-0.00043266
-0.00895632
-0.01724865
-0.02579229
-0.03194273
-0.03425360
-0.03217072
-0.02451669
-0.01153783
0.00402844
0.02036667
0.03476984
0.04279170
0.04501972
0.04180528
0.03418542
0.02235074
0.00820904
-0.00514332
-0.01647647
-0.02548358
-0.03383929
-0.04051836
-0.04481290
-0.04801077
-0.04833246
-0.04393693
-0.03577586
-0.02479855
-0.01541701
-0.00542540
0.00470614
0.01178661
0.01516385
0.01371057
0.00942241
0.00432779
-0.00046280
-0.00683486
-0.01369182
-0.02010140
-0.02693653
-0.03266958
-0.03436275
-0.03192970
-0.02557169
-0.01538697
-0.00356869
0.00640145
0.01358582
0.01703194
0.01548268
0.00962346
0.00170436
-0.00531577
-0.00906013
-0.00777104
-0.00190361
0.00822803
0.02128805
0.03592783
0.04798404
0.05492421
0.05721082
0.05396478
0.04676549
0.03837081
0.02942446
0.02017489
0.01172217
0.00371261
-0.00518922
-0.01461063
-0.02544237
-0.03729880
-0.04789945
-0.05639208
-0.06167396
-0.06377583
-0.06210228
-0.05627797
-0.04711020
-0.03441396
-0.02013807
-0.00405255
0.01428574
0.03060736
0.04310452
0.05205253
0.05832118
0.06180974
0.06275922
0.06230167
0.06043572
0.05758073
0.05324280
0.04710191
0.04099046
0.03303768
0.02169837
0.00729800
-0.01167980
-0.03166561
-0.05318502
-0.07090819
-0.08184370
-0.08917255
-0.09337817
-0.09420205
-0.09246163
-0.09005843
-0.08598575
-0.07903537
-0.06908125
-0.05280254
-0.03220689
-0.01460734
0.00102786
0.01494245
0.02218956
0.02557316
0.02529778
0.01885493
0.01051958
0.00302146
-0.00484066
-0.01142033
-0.01702413
-0.02490158
-0.03379421
-0.04202703
-0.04933111
-0.05474418
-0.05564707
-0.05098569
-0.03911165
-0.01987264
0.00406585
0.02829351
0.05158531
0.07253460
0.08628295
0.09567365
0.10087200
0.09907437
0.09296702
0.08516141
0.07454764
0.05999620
0.04430956
0.02846528
0.01697159
0.01080090
0.00614365
0.00180238
-0.00341155
-0.00950994
-0.01429545
-0.01725299
-0.01809220
-0.01722049
-0.01682267
-0.01662947
-0.01490024
-0.01135374
-0.00700797
-0.00275696
0.00127259
0.00459629
0.00767553
0.01179021
0.01692403
0.02400890
0.03137132
0.03641649
0.03843921
0.03628307
0.03014258
0.02190348
0.01422301
0.00763095
0.00273976
0.00026573
-0.00065095
-0.00107709
-0.00130816
-0.00123035
-0.00120708
-0.00207381
-0.00453273
-0.00735051
-0.00965394
-0.00989312
-0.00802358
-0.00474141
-0.00195075
-0.00097241
-0.00269127
-0.00755603
-0.01519072
-0.02432611
-0.03211477
-0.03879988
-0.04365540
-0.04791756
-0.05225242
-0.05550190
-0.05878011
-0.06338629
-0.06997822
-0.07773308
-0.08523010
-0.08985948
-0.09145967
-0.08924838
-0.08236727
-0.07173918
-0.05957035
-0.04629173
-0.03369751
-0.02263329
-0.01180908
-0.00136839
0.00620896
0.01373577
0.01983793
0.02132242
0.01934918
0.01455118
0.00805013
0.00171494
-0.00328237
-0.00883349
-0.01580183
-0.02292409
-0.03008152
-0.03565626
-0.03719222
-0.03625452
-0.03365223
-0.02938453
-0.02449475
-0.02234664
-0.02018281
-0.01751975
-0.01601248
-0.01380703
-0.01112766
-0.00741406
-0.00061268
0.00848095
0.01943950
0.03019826
0.03913540
0.04751271
0.05340446
0.05632273
0.05663012
0.05296636
0.04593017
0.03813055
0.03090008
0.02361621
0.01773418
0.01481780
0.01462690
0.01761782
0.02343880
0.03045410
0.03602267
0.03805831
0.03526154
0.02719004
0.01572377
0.00283049
-0.00990929
-0.02129614
-0.03036193
-0.03662997
-0.04088207
-0.04208413
-0.03948633
-0.03353435
-0.02392615
-0.01098635
0.00192142
0.01389054
0.02551274
0.03601540
0.04645321
0.05732798
0.06648180
0.07228265
0.07376874
0.06976045
0.06001808
0.04529396
0.02501155
0.00073021
-0.02254293
-0.04484654
-0.06436662
-0.07473943
-0.07863484
-0.07844075
-0.07497960
-0.06917623
-0.06207067
-0.05256127
-0.04124945
-0.03016156
-0.02005455
-0.01087021
-0.00358902
0.00341352
0.01293818
0.02363888
0.03630870
0.04862080
0.05994602
0.06945926
0.07331532
0.07229017
0.06717358
0.05890573
0.04736050
0.03429005
0.02136625
0.00846991
-0.00293687
-0.01258934
-0.02043798
-0.02544857
-0.02991162
-0.03359986
-0.03419325
-0.03202428
-0.02694300
-0.01960121
-0.00950806
0.00329516
0.01945020
0.03746930
0.05118201
0.06247891
0.07157532
0.07693190
0.08067055
0.08113460
0.07824212
0.07013513
0.05441384
0.03416637
0.01367266
-0.00197898
-0.01398946
-0.02254945
-0.02761770
-0.03105152
-0.03337858
-0.03440956
-0.03518930
-0.03554522
-0.03496595
-0.03459979
-0.03386116
-0.03290362
-0.03255042
-0.03145388
-0.03157375
-0.03440551
-0.04131999
-0.05308333
-0.06811856
-0.08038791
-0.08631381
-0.08511465
-0.07888913
-0.06996302
-0.06056710
-0.05167993
-0.04347493
-0.03714185
-0.03121788
-0.02468562
-0.01808796
-0.00971286
-0.00002475
0.01229380
0.02716361
0.04068815
0.05281983
0.06055826
0.06140688
0.05604868
0.04578435
0.03241663
0.01647776
0.00012733
-0.01227210
-0.02063967
-0.02569121
-0.03041634
-0.03539161
-0.03968737
-0.04426832
-0.04868370
-0.05207577
-0.05506924
-0.05690518
-0.05639313
-0.05361332
-0.04983867
-0.04440975
-0.03715891
-0.02862553
-0.01707662
-0.00325797
0.01177719
0.02854318
0.04433852
0.05696231
0.06728808
0.07300900
0.07619057
0.07875012
0.08019667
0.08085843
0.08143327
0.08272666
0.08372595
0.08376385
0.08099459
0.07441641
0.06631617
0.05678960
0.04618472
0.03405274
0.01806392
-0.00199019
-0.02212917
-0.04103707
-0.05556212
-0.06575896
-0.07397575
-0.07757777
-0.07902586
-0.07882869
-0.07567788
-0.06950101
-0.06257069
-0.05601096
-0.04978887
-0.04555549
-0.04395396
-0.04368646
-0.04369016
-0.04361866
-0.04349215
-0.04225080
-0.04066675
-0.03842945
-0.03451319
-0.02930228
-0.02345158
-0.01716530
-0.00995471
-0.00271991
0.00495801
0.01425037
0.02418807
0.03393048
0.04178871
0.04646305
0.04758904
0.04433581
0.03678228
0.02539107
0.01120152
-0.00441729
-0.01828679
-0.02943276
-0.03973769
-0.04672619
-0.04932419
-0.04844882
-0.04454783
-0.03822562
-0.03097852
-0.02595873
-0.02522803
-0.02716400
-0.03016313
-0.03295344
-0.03461396
-0.03384836
-0.02998809
-0.02463495
-0.01909418
-0.01345694
-0.00982594
-0.00856842
-0.00808231
-0.00880228
-0.01234963
-0.01910063
-0.02765554
-0.03470263
-0.03872478
-0.04251256
-0.04537755
-0.04629296
-0.04675641
-0.04713204
-0.04591581
-0.04178367
-0.03467671
-0.02406390
-0.01189201
-0.00157201
0.00752549
0.01632913
0.02393604
0.03144124
0.03961511
0.04691654
0.05224659
0.05495308
0.05658516
0.05784478
0.05826475
0.05701959
0.05260893
0.04464069
0.03240813
0.01653733
0.00091729
-0.01316568
-0.02414922
-0.03150925
-0.03573785
-0.03576907
-0.03107117
-0.02102519
-0.00727599
0.01043133
0.02979161
0.04833187
0.06536074
0.07897276
0.09000972
0.09933649
0.10467480
0.10610290
0.10465600
0.10149670
0.09572571
0.08634377
0.07377632
0.05755387
0.04025055
0.02336591
0.01022614
0.00376002
0.00255986
0.00428751
0.00690717
0.01007601
0.01305176
0.01397826
0.01310061
0.01050404
0.00501545
-0.00177262
-0.00693047
-0.01147998
-0.01550767
-0.01663048
-0.01824238
-0.02017871
-0.02179005
-0.02307405
-0.02405857
-0.02519871
-0.02601345
-0.02862067
-0.03364403
-0.04066658
-0.04843419
-0.05705987
-0.06430946
-0.06700689
-0.06558277
-0.06017593
-0.05335252
-0.04627920
-0.03991793
-0.03310343
-0.02327892
-0.01322708
-0.00105658
0.01381114
0.02917234
0.04796839
0.06613927
0.07921350
0.09025627
0.09888738
0.10552540
0.10984590
0.11119320
0.11023710
0.10816900
0.10351240
0.09354831
0.07813803
0.06032192
0.04165992
0.02601469
0.01236457
0.00124639
-0.00404857
-0.00599786
-0.00666618
-0.00716980
-0.00930567
-0.01429538
-0.02131077
-0.02913622
-0.03545766
-0.04071852
-0.04416536
-0.04616806
-0.04812303
-0.04998263
-0.04999739
-0.04753359
-0.04164959
-0.03259142
-0.02166206
-0.00989705
0.00393558
0.01967634
0.03423739
0.04847360
0.06015151
0.06682465
0.07166105
0.07473885
0.07501050
0.07316075
0.06838767
0.06031844
0.05016310
0.03914493
0.02700007
0.01590002
0.00649568
-0.00403544
-0.01580389
-0.02853273
-0.04213605
-0.05438932
-0.06401914
-0.07165141
-0.07645341
-0.07820772
-0.07578975
-0.06866943
-0.05771145
-0.04541105
-0.03398454
-0.02431550
-0.01819245
-0.01515484
-0.01465914
-0.01686880
-0.02066253
-0.02535321
-0.02973139
-0.03412515
-0.03727846
-0.03812844
-0.03754297
-0.03579055
-0.03361083
-0.03256702
-0.03427322
-0.03795139
-0.04167608
-0.04533079
-0.04893108
-0.05073435
-0.04968332
-0.04416670
-0.03323112
-0.01720010
0.00155048
0.02162465
0.04126362
0.05775486
0.07248482
0.08547530
0.09408601
0.09773465
0.09729124
0.09300067
0.08515982
0.07375796
0.06038397
0.04729127
0.03832980
0.03523815
0.03764326
0.04419819
0.05343201
0.06366394
0.07225817
0.07898580
0.08337207
0.08329846
0.07786567
0.06694132
0.05050433
0.03164384
0.01474096
-0.00009178
-0.01282307
-0.02350357
-0.03438159
-0.04618221
-0.05689003
-0.06447650
-0.06697781
-0.06515531
-0.05948023
-0.04992839
-0.03736551
-0.02321773
-0.00958535
0.00405982
0.01980851
0.03640956
0.05284450
0.06643501
0.07535572
0.07829966
0.07248496
0.05759699
0.03625522
0.01287830
-0.01180553
-0.03402925
-0.05081893
-0.06487296
-0.07326693
-0.07379426
-0.06745291
-0.05506838
-0.03797708
-0.01917146
-0.00035517
0.01863944
0.03793062
0.05283914
0.06265304
0.06865662
0.07231912
0.07539175
0.07703173
0.07766814
0.07676329
0.07303343
0.06637193
0.05775466
0.05073430
0.04539089
0.04252833
0.04343234
0.04608715
0.04686529
0.04450219
0.03850885
0.03045869
0.02104540
0.01185177
0.00474315
-0.00159921
-0.00940834
-0.01880993
-0.03201810
-0.04886945
-0.06786614
-0.08638075
-0.09894196
-0.10772650
-0.11291570
-0.11185450
-0.10521640
-0.09440207
-0.08136371
-0.06590517
-0.05113598
-0.03593241
-0.02040773
-0.00731248
0.00607943
0.01994361
0.03354741
0.04766301
0.06101353
0.07056766
0.07725993
0.07874467
0.07602371
0.07129429
0.06435077
0.05379960
0.03990102
0.02493879
0.01021254
-0.00044815
-0.00683109
-0.01116567
-0.01208760
-0.01244990
-0.01231409
-0.01118409
-0.00998728
-0.00892932
-0.00813939
-0.00700281
-0.00442266
-0.00031877
0.00654509
0.01621896
0.02518814
0.03266256
0.03593913
0.03592946
0.03057245
0.02070556
0.00609480
-0.01082922
-0.02659088
-0.04221529
-0.05699272
-0.06828601
-0.07681764
-0.08240929
-0.08719960
-0.09188171
-0.09459586
-0.09636054
-0.09740717
-0.09542467
-0.09053879
-0.08248476
-0.07277439
-0.06034577
-0.04731103
-0.03183427
-0.01401221
0.00238668
0.01916738
0.03472902
0.04731773
0.05931942
0.06980447
0.07733544
0.08235948
0.08539453
0.08643774
0.08408177
0.07714834
0.06605652
0.05052397
0.03143784
0.00812925
-0.01130512
-0.02179646
-0.02961118
-0.03582622
-0.04242687
-0.04881679
-0.05436453
-0.05882328
-0.06047444
-0.05769173
-0.05001079
-0.03802549
-0.02433283
-0.00943788
0.00403329
0.01221705
0.01640955
0.01568681
0.01157347
0.00557496
-0.00039804
-0.00755514
-0.01581513
-0.02349978
-0.03042849
-0.03650236
-0.04093890
-0.04448496
-0.04685624
-0.05031851
-0.05445428
-0.05645482
-0.05647184
-0.05384998
-0.04736207
-0.03822588
-0.02787849
-0.01819165
-0.00948993
-0.00281677
0.00270811
0.00749789
0.01012968
0.01326108
0.01688771
0.01922411
0.02153780
0.02375292
0.02522208
0.02587367
0.02593714
0.02574987
0.02479590
0.02330700
0.02143393
0.02011219
0.01938974
0.01813728
0.01558867
0.01111308
0.00465720
-0.00219851
-0.00854089
-0.01274948
-0.01403175
-0.01319922
-0.01101729
-0.00828428
-0.00497098
-0.00132390
0.00234280
0.00451660
0.00418330
0.00144322
-0.00372598
-0.01016093
-0.01682685
-0.02087273
-0.02124480
-0.02087988
-0.02142374
-0.02367590
-0.02830043
-0.03426430
-0.03979166
-0.04363851
-0.04630204
-0.04847645
-0.04971748
-0.04969027
-0.04751797
-0.04273489
-0.03421040
-0.02167820
-0.00794957
0.00519003
0.01621200
0.02573115
0.03373549
0.03800485
0.03936184
0.03948276
0.03803691
0.03567886
0.03333070
0.03205250
0.03185923
0.03192610
0.03196423
0.03185401
0.03115021
0.02936472
0.02667770
0.02453282
0.02228913
0.01947029
0.01656704
0.01355100
0.01026497
0.00670892
0.00325600
0.00065152
-0.00168392
-0.00333368
-0.00406705
-0.00367843
-0.00246083
-0.00092569
0.00089213
0.00304937
0.00626345
0.00903668
0.00997138
0.01127711
0.01367823
0.01592063
0.01793743
0.02044438
0.02218343
0.02358800
0.02478524
0.02404135
0.02142531
0.01771879
0.01273569
0.00719455
0.00356406
0.00131011
0.00078134
0.00300460
0.00816667
0.01597492
0.02444910
0.03280306
0.03961460
0.04447368
0.04588413
0.04533375
0.04216618
0.03564685
0.02837643
0.02015019
0.01291674
0.00892432
0.00562874
0.00430013
0.00436453
0.00698411
0.01021105
0.01342305
0.01619612
0.01712050
0.01677903
0.01494967
0.01120194
0.00698593
0.00359492
-0.00003025
-0.00280988
-0.00302301
-0.00243027
-0.00071936
0.00222676
0.00447434
0.00542006
0.00529202
0.00591386
0.00815692
0.01220385
0.01698296
0.02178918
0.02858034
0.03582955
0.04002860
0.04079088
0.03676535
0.02846804
0.01555935
0.00092720
-0.01193962
-0.02227415
-0.02999468
-0.03833316
-0.04627573
-0.05357324
-0.06099573
-0.06715124
-0.07069439
-0.07295756
-0.07475276
-0.07411184
-0.07200685
-0.06952533
-0.06540410
-0.05927398
-0.05307408
-0.04592403
-0.03986540
-0.03536018
-0.03159392
-0.02902665
-0.02733518
-0.02566575
-0.02412405
-0.02240137
-0.02010484
-0.01664605
-0.01232582
-0.00736099
-0.00152117
0.00491937
0.01006074
0.01352726
0.01611666
0.01807161
0.02003395
0.02141113
0.02258807
0.02411404
0.02601538
0.02810538
0.03004938
0.03035037
0.02825892
0.02380144
0.01666022
0.00729617
-0.00236693
-0.01201754
-0.02161606
-0.02951836
-0.03545779
-0.04055559
-0.04371284
-0.04530835
-0.04551432
-0.04391943
-0.04097311
-0.03689498
-0.03074099
-0.02213167
-0.01192831
-0.00104558
0.00867448
0.01524377
0.01912180
0.02212198
0.02414892
0.02593610
0.02786344
0.02863489
0.02823715
0.02615781
0.02174068
0.01509679
0.00841938
0.00139366
-0.00579264
-0.01124718
-0.01472773
-0.01647164
-0.01801693
-0.01864576
-0.01723061
-0.01392932
-0.00881742
-0.00292863
0.00502733
0.01476834
0.02371959
0.03091906
0.03483127
0.03472913
0.03062733
0.02379297
0.01455597
0.00373981
-0.00497453
-0.01334104
-0.01982391
-0.02442114
-0.02888747
-0.03128121
-0.03201855
-0.03164351
-0.03036269
-0.02670123
-0.02108768
-0.01535418
-0.00783675
0.00050450
0.00600668
0.01037147
0.01292058
0.01560081
0.01849462
0.01907345
0.01728379
0.01303346
0.00654131
-0.00139670
-0.00853788
-0.01503035
-0.02142192
-0.02610496
-0.02780933
-0.02822556
-0.02753975
-0.02437139
-0.01856222
-0.01147570
-0.00304510
0.00560628
0.01245082
0.01855955
0.02344185
0.02635821
0.02834791
0.02973121
0.03002932
0.02892527
0.02775004
0.02674040
0.02514539
0.02238469
0.01782408
0.01232535
0.00618512
0.00007576
-0.00479688
-0.00911457
-0.01202210
-0.01194329
-0.00928775
-0.00509951
0.00030533
0.00730487
0.01424167
0.01963892
0.02362267
0.02526020
0.02591954
0.02534989
0.02394581
0.02196788
0.01971077
0.01781643
0.01599539
0.01438839
0.01366500
0.01353761
0.01362443
0.01418855
0.01520148
0.01602399
0.01620931
0.01616145
0.01619029
0.01631570
0.01648093
0.01657866
0.01633497
0.01541826
0.01373266
0.01183983
0.00942497
0.00592264
0.00188517
-0.00251188
-0.00731543
-0.01130388
-0.01561660
-0.02016936
-0.02302675
-0.02390318
-0.02293701
-0.02151306
-0.02016575
-0.01878133
-0.01643754
-0.01412186
-0.01387699
-0.01532057
-0.01834754
-0.02223956
-0.02627889
-0.02935890
-0.03198344
-0.03430534
-0.03609199
-0.03753921
-0.03830829
-0.03781353
-0.03477915
-0.02870287
-0.02190242
-0.01613220
-0.01158786
-0.00749324
-0.00432386
-0.00098439
0.00272969
0.00643209
0.00971737
0.01344997
0.01745971
0.01918231
0.01936378
0.01913300
0.01928023
0.01847324
0.01586178
0.01163454
0.00532911
0.00047261
-0.00423658
-0.00889277
-0.01241299
-0.01542971
-0.01742886
-0.02089350
-0.02452597
-0.02574596
-0.02598510
-0.02527925
-0.02232820
-0.01686174
-0.01069919
-0.00535817
0.00033200
0.00505691
0.00713800
0.00831262
0.00855250
0.00653361
0.00383444
0.00146649
-0.00242125
-0.00645542
-0.00959666
-0.01287478
-0.01605834
-0.01879504
-0.02132158
-0.02236446
-0.02140117
-0.01911326
-0.01573555
-0.01176980
-0.00820578
-0.00554664
-0.00352290
-0.00233118
-0.00150911
-0.00054683
-0.00014783
-0.00010449
0.00066507
0.00175243
0.00308193
0.00477696
0.00690563
0.00961856
0.01207068
0.01411584
0.01535063
0.01516124
0.01406323
0.01281025
0.01106635
0.00798372
0.00427181
-0.00031883
-0.00645737
-0.01181360
-0.01541633
-0.01747742
-0.01838456
-0.01895068
-0.01982063
-0.02141700
-0.02341230
-0.02537185
-0.02688761
-0.02808749
-0.02838881
-0.02779955
-0.02703358
-0.02684820
-0.02750107
-0.02827800
-0.03000971
-0.03287059
-0.03559376
-0.03819133
-0.04025201
-0.04070335
-0.03927156
-0.03576689
-0.03064952
-0.02448803
-0.01876892
-0.01360229
-0.00860493
-0.00463522
-0.00052528
0.00371726
0.00669917
0.00907983
0.01134335
0.01133898
0.00926429
0.00693955
0.00436321
0.00109519
-0.00063415
-0.00095756
-0.00011145
0.00143831
0.00268125
0.00407310
0.00495728
0.00617612
0.00694754
0.00704267
0.00714923
0.00718858
0.00701827
0.00654665
0.00598122
0.00574546
0.00504665
0.00384553
0.00283487
0.00189961
0.00189698
0.00140154
0.00114874
0.00100715
0.00101149
0.00163398
0.00301314
0.00471272
0.00589347
0.00688944
0.00716800
0.00774763
0.00866262
0.00957350
0.01082113
0.01198200
0.01273459
0.01246579
0.01241429
0.01286800
0.01346118
0.01492155
0.01717113
0.01955433
0.02185451
0.02391256
0.02521092
0.02623764
0.02734098
0.02797680
0.02824734
0.02833109
0.02768410
0.02571333
0.02244116
0.01810795
0.01265799
0.00724339
0.00224973
-0.00325916
-0.00748412
-0.01031907
-0.01251604
-0.01378038
-0.01440792
-0.01411463
-0.01272146
-0.00983548
-0.00581203
-0.00142453
0.00399351
0.00957719
0.01443350
0.01898132
0.02213182
0.02394223
0.02462567
0.02454483
0.02338367
0.02059890
0.01558350
0.00916674
0.00364419
-0.00167295
-0.00767248
-0.01230508
-0.01599758
-0.01812713
-0.01939014
-0.02002954
-0.01999331
-0.02007942
-0.01953925
-0.01758948
-0.01426553
-0.01006635
-0.00640794
-0.00149815
0.00454476
0.00950136
0.01386055
0.01701315
0.01956176
0.02118592
0.02176675
0.02261147
0.02344364
0.02346003
0.02350327
0.02531278
0.02667117
0.02788880
0.02805155
0.02798110
0.02767369
0.02655519
0.02480609
0.02319090
0.02078659
0.01807613
0.01527527
0.01283425
0.01067146
0.00991011
0.00884543
0.00768158
0.00737402
0.00665103
0.00545868
0.00450382
0.00454048
0.00434678
0.00358139
0.00245051
0.00178112
0.00230783
0.00274472
0.00262094
0.00282945
0.00333484
0.00374880
0.00587133
0.00898798
0.01145844
0.01345108
0.01482731
0.01672379
0.01836693
0.01866309
0.01757028
0.01619218
0.01442719
0.01164513
0.00891013
0.00676011
0.00441835
0.00254491
0.00235518
0.00315058
0.00422594
0.00478310
0.00455083
0.00446510
0.00483239
0.00579720
0.00729330
0.00929031
0.01116465
0.01243184
0.01288494
0.01226524
0.01118068
0.01075532
0.01041175
0.00917172
0.00712986
0.00452796
0.00175724
-0.00096485
-0.00372732
-0.00571721
-0.00679785
-0.00725394
-0.00710990
-0.00619827
-0.00460377
-0.00325020
-0.00203830
-0.00169728
-0.00177421
-0.00207446
-0.00286282
-0.00387620
-0.00443608
-0.00574264
-0.00835329
-0.01115491
-0.01385782
-0.01669377
-0.01973846
-0.02181148
-0.02318457
-0.02471410
-0.02550548
-0.02572711
-0.02497338
-0.02215902
-0.01747288
-0.01309336
-0.00846864
-0.00477565
-0.00165181
0.00122499
0.00170692
0.00168123
0.00105110
-0.00058473
-0.00236385
-0.00340153
-0.00271126
-0.00108920
0.00117989
0.00459078
0.00875074
0.01289446
0.01531670
0.01673189
0.01724237
0.01601162
0.01336381
0.01027757
0.00641289
0.00187114
-0.00238410
-0.00720992
-0.01193091
-0.01540369
-0.01909275
-0.02070296
-0.02018020
-0.01821606
-0.01541932
-0.01161613
-0.00655834
-0.00103021
0.00631614
0.01399098
0.02045294
0.02568421
0.02921573
0.03265702
0.03540748
0.03660010
0.03682261
0.03567968
0.03220212
0.02606140
0.01866738
0.01181590
0.00592647
0.00140953
-0.00248904
-0.00552426
-0.00722260
-0.00817271
-0.00796967
-0.00672451
-0.00474817
-0.00158475
0.00258735
0.00671479
0.01053629
0.01446124
0.01812632
0.02173652
0.02540972
0.02834935
0.03066347
0.03267144
0.03321200
0.03239541
0.03076392
0.02772348
0.02302230
0.01881587
0.01510500
0.01084461
0.00692364
0.00330239
-0.00008804
-0.00242562
-0.00460886
-0.00673243
-0.00723814
-0.00671984
-0.00667163
-0.00780271
-0.00822735
-0.00817792
-0.00817559
-0.00818631
-0.00821773
-0.00820233
-0.00813386
-0.00804364
-0.00810530
-0.00854542
-0.00952191
-0.01065709
-0.01101250
-0.01150577
-0.01269440
-0.01393786
-0.01405322
-0.01439906
-0.01535194
-0.01631533
-0.01625416
-0.01521970
-0.01463837
-0.01410996
-0.01246270
-0.00996966
-0.00845575
-0.00790785
-0.00716563
-0.00704677
-0.00879720
-0.01029323
-0.01214859
-0.01402706
-0.01624760
-0.01854960
-0.02007442
-0.02120016
-0.02250891
-0.02303592
-0.02224724
-0.02036856
-0.01740023
-0.01341738
-0.00945621
-0.00624629
-0.00282356
0.00046402
0.00317993
0.00550091
0.00645891
0.00592279
0.00430006
0.00160973
-0.00213943
-0.00635109
-0.01089749
-0.01677141
-0.02199703
-0.02629443
-0.03033259
-0.03307490
-0.03371682
-0.03298322
-0.03151263
-0.02944306
-0.02660096
-0.02258324
-0.01809775
-0.01414781
-0.01026142
-0.00640126
-0.00385075
-0.00227990
-0.00015407
0.00249078
0.00518394
0.00648651
0.00672634
0.00685930
0.00641605
0.00485241
0.00248304
0.00107965
0.00132023
0.00222479
0.00306398
0.00309994
0.00340704
0.00354059
0.00352900
0.00361582
0.00376130
0.00405526
0.00444557
0.00496346
0.00652096
0.00828779
0.01047064
0.01230362
0.01398868
0.01518360
0.01522006
0.01560012
0.01662624
0.01796709
0.01866923
0.01869517
0.01871769
0.01871037
0.01839657
0.01758944
0.01642417
0.01543664
0.01268840
0.00843359
0.00525663
0.00206502
-0.00130562
-0.00442317
-0.00807574
-0.01079130
-0.01328494
-0.01565959
-0.01681364
-0.01690461
-0.01699338
-0.01715130
-0.01729251
-0.01742912
-0.01753027
-0.01748892
-0.01711148
-0.01624647
-0.01511269
-0.01420159
-0.01324910
-0.01195728
-0.01104543
-0.01066098
-0.01032201
-0.00964323
-0.00981971
-0.01078257
-0.01157224
-0.01131605
-0.01046810
-0.00919479
-0.00802893
-0.00713253
-0.00588563
-0.00442666
-0.00248925
0.00025590
0.00361353
0.00698050
0.00975503
0.01177228
0.01306414
0.01325492
0.01292645
0.01278633
0.01264221
0.01181420
0.01044327
0.00962325
0.00993524
0.01078584
0.01176206
0.01182179
0.01016490
0.00739404
0.00363496
0.00014065
-0.00243008
-0.00417740
-0.00486498
-0.00502672
-0.00494696
-0.00430673
-0.00318861
-0.00234139
-0.00143783
-0.00019304
0.00036339
0.00035692
0.00038378
0.00047330
0.00057593
0.00066346
0.00066600
0.00053277
0.00028606
0.00017195
0.00065511
0.00222963
0.00467740
0.00642348
0.00676956
0.00639428
0.00502720
0.00240139
-0.00052358
-0.00333595
-0.00587444
-0.00774770
-0.00889102
-0.00984284
-0.00983842
-0.00859009
-0.00729824
-0.00536515
-0.00308307
-0.00047218
0.00089435
0.00227714
0.00387454
0.00510061
0.00584266
0.00642805
0.00792739
0.01042935
0.01263121
0.01420759
0.01547618
0.01512464
0.01381165
0.01186023
0.01013348
0.00800095
0.00556106
0.00395365
0.00302564
0.00161743
0.00044197
-0.00020275
-0.00055824
-0.00010913
-0.00115170
-0.00187175
-0.00054959
0.00070340
0.00009254
-0.00125155
-0.00249453
-0.00249787
-0.00244447
-0.00268022
-0.00297267
-0.00336454
-0.00504208
-0.00686024
-0.00817292
-0.00883505
-0.01009724
-0.01157848
-0.01219357
-0.01249828
-0.01213252
-0.01161612
-0.01096819
-0.00932244
-0.00700750
-0.00514080
-0.00328948
-0.00104687
0.00015332
0.00029274
0.00030442
-0.00012479
-0.00131956
-0.00295760
-0.00442103
-0.00610978
-0.00716200
-0.00792866
-0.00840899
-0.00770364
-0.00598381
-0.00385417
-0.00241071
-0.00114308
0.00086819
0.00304969
0.00534224
0.00630658
0.00634200
0.00628371
0.00589420
0.00508444
0.00422553
0.00369396
0.00292325
0.00141386
-0.00019206
-0.00141329
-0.00232161
-0.00289270
-0.00392588
-0.00520768
-0.00705310
-0.01033123
-0.01352608
-0.01525677
-0.01639491
-0.01653403
-0.01479820
-0.01197593
-0.00833837
-0.00400159
-0.00009191
0.00413283
0.00850363
0.01145521
0.01317947
0.01439970
0.01410388
0.01201344
0.00913720
0.00561177
0.00113038
-0.00393153
-0.00972506
-0.01521812
-0.01875986
-0.02169142
-0.02469011
-0.02608385
-0.02629776
-0.02567761
-0.02347898
-0.01971315
-0.01494155
-0.00895837
-0.00316736
0.00122887
0.00609230
0.01101197
0.01347056
0.01502293
0.01527183
0.01527671
0.01485164
0.01328001
0.01097955
0.00846000
0.00686932
0.00602739
0.00549920
0.00593117
0.00692489
0.00807376
0.00977216
0.01097249
0.01220888
0.01240543
0.01242859
0.01231401
0.01160790
0.01041301
0.00933591
0.00827162
0.00683001
0.00594042
0.00442503
0.00265570
0.00086649
-0.00113009
-0.00274443
-0.00388711
-0.00510224
-0.00597030
-0.00731542
-0.00850401
-0.00840479
-0.00779004
-0.00675964
-0.00576377
-0.00532973
-0.00436674
-0.00317116
-0.00281589
-0.00337963
-0.00423543
-0.00466571
-0.00426040
-0.00410508
-0.00357714
-0.00223262
-0.00054179
0.00075641
0.00172462
0.00270279
0.00311231
0.00314252
0.00323414
0.00342565
0.00361249
0.00361077
0.00307880
0.00180652
0.00007923
-0.00143385
-0.00234449
-0.00303364
-0.00429563
-0.00551424
-0.00643326
-0.00753784
-0.00796762
-0.00742066
-0.00721429
-0.00809885
-0.00871488
-0.00840803
-0.00759709
-0.00647146
-0.00563931
-0.00445214
-0.00233403
-0.00038849
0.00069812
0.00171460
0.00276621
0.00361737
0.00458398
0.00553902
0.00630700
0.00649694
0.00592368
0.00481221
0.00374503
0.00399935
0.00475436
0.00494105
0.00385037
0.00333126
0.00317758
0.00306167
0.00348743
0.00499125
0.00763231
0.01020697
0.01234722
0.01443508
0.01725546
0.02048664
0.02272244
0.02516120
0.02692308
0.02709019
0.02624860
0.02445135
0.02191889
0.01801274
0.01415152
0.00988470
0.00556888
0.00242832
-0.00057231
-0.00331779
-0.00531649
-0.00657258
-0.00767738
-0.00749995
-0.00705261
-0.00548654
-0.00385369
-0.00142784
0.00066524
0.00215081
0.00365642
0.00328248
0.00160280
0.00054249
0.00042832
-0.00059508
-0.00275299
-0.00525633
-0.00871365
-0.01133370
-0.01470896
-0.01747622
-0.01883244
-0.02053448
-0.02197224
-0.02341936
-0.02428650
-0.02522040
-0.02595690
-0.02644433
-0.02625139
-0.02570137
-0.02499845
-0.02416703
-0.02269168
-0.02079576
-0.01852133
-0.01620233
-0.01449845
-0.01296373
-0.01096849
-0.00928434
-0.00745882
-0.00533607
-0.00282247
0.00045238
0.00266641
0.00357228
0.00551657
0.00794830
0.00910262
0.00918367
0.00929477
0.00943149
0.00931416
0.00874553
0.00774281
0.00682858
0.00581839
0.00374442
0.00143663
0.00056477
0.00058666
0.00077856
0.00138204
0.00243141
0.00332194
0.00402051
0.00530724
0.00662889
0.00774352
0.00918820
0.01060425
0.01188315
0.01311026
0.01438793
0.01527656
0.01542535
0.01545637
0.01523582
0.01450271
0.01344093
0.01285049
0.01287046
0.01245007
0.01139925
0.01028723
0.01044698
0.01240416
0.01466163
0.01637386
0.01817219
0.02003906
0.02103578
0.02175777
0.02295787
0.02384993
0.02347162
0.02208583
0.02086231
0.02015978
0.01948738
0.01824782
0.01585480
0.01358145
0.01206273
0.01067314
0.00916097
0.00776661
0.00633840
0.00467358
0.00275635
0.00157477
0.00188495
0.00308532
0.00352539
0.00337220
0.00334747
0.00341945
0.00348703
0.00331994
0.00270251
0.00169704
0.00094086
0.00069374
0.00033633
-0.00062501
-0.00185675
-0.00237281
-0.00241747
-0.00268982
-0.00311804
-0.00325712
-0.00244591
-0.00109438
0.00034842
0.00209632
0.00419792
0.00539758
0.00577544
0.00669615
0.00857986
0.01059552
0.01165431
0.01185640
0.01217413
0.01312253
0.01444698
0.01519309
0.01547488
0.01554846
0.01480446
0.01254938
0.00909858
0.00649394
0.00465223
0.00191851
-0.00173997
-0.00502696
-0.00676806
-0.00850645
-0.01004107
-0.01142283
-0.01186112
-0.01194238
-0.01212758
-0.01227587
-0.01231264
-0.01216311
-0.01188538
-0.01177975
-0.01224564
-0.01241045
-0.01256183
-0.01303758
-0.01367714
-0.01389559
-0.01295706
-0.01267936
-0.01280749
-0.01278398
-0.01274590
-0.01282371
-0.01323747
-0.01410241
-0.01505965
-0.01529856
-0.01585787
-0.01614717
-0.01603971
-0.01547875
-0.01432799
-0.01295872
-0.01121889
-0.00881554
-0.00589029
-0.00329969
-0.00190038
-0.00128556
-0.00007200
0.00119107
0.00117185
0.00125129
0.00225046
0.00448114
0.00730611
0.00879959
0.01152425
0.01475825
0.01653197
0.01763406
0.01905183
0.01984126
0.02110101
0.02250841
0.02261680
0.02274118
0.02306224
0.02319829
0.02264620
0.02100642
0.01861143
0.01702974
0.01603196
0.01430264
0.01257915
0.01002915
0.00779454
0.00591408
0.00351917
0.00108074
-0.00021980
-0.00034569
-0.00059664
-0.00085594
-0.00062838
0.00060605
0.00279492
0.00464640
0.00439807
0.00321846
0.00273778
0.00375959
0.00483824
0.00509833
0.00514078
0.00560089
0.00573218
0.00583718
0.00591199
0.00564596
0.00497264
0.00410172
0.00354958
0.00323939
0.00349262
0.00374016
0.00362489
0.00320155
0.00326687
0.00320591
0.00257476
0.00141416
0.00025673
-0.00029124
-0.00127498
-0.00239326
-0.00314654
-0.00474995
-0.00678463
-0.00796356
-0.00851098
-0.00862224
-0.00861289
-0.00829216
-0.00746682
-0.00647014
-0.00593846
-0.00563826
-0.00491440
-0.00401858
-0.00338591
-0.00275880
-0.00230005
-0.00159399
-0.00095733
-0.00057709
0.00049554
0.00044342
-0.00033495
-0.00163566
-0.00305413
-0.00415837
-0.00534153
-0.00623036
-0.00748196
-0.00830463
-0.00823193
-0.00813271
-0.00831754
-0.00909099
-0.01063503
-0.01250337
-0.01443183
-0.01626134
-0.01715323
-0.01788703
-0.01944840
-0.02118284
-0.02249511
-0.02325116
-0.02314737
-0.02280693
-0.02226322
-0.02097106
-0.01902089
-0.01735638
-0.01592461
-0.01493465
-0.01399796
-0.01224975
-0.01042464
-0.00919928
-0.00807840
-0.00665257
-0.00510568
-0.00365390
-0.00210673
-0.00062761
0.00083110
0.00196504
0.00271187
0.00235772
0.00116708
0.00043451
0.00044971
0.00049305
0.00066760
0.00134354
0.00254169
0.00373782
0.00483782
0.00641843
0.00812773
0.00989774
0.01140238
0.01191401
0.01189255
0.01212860
0.01165893
0.01011350
0.00836408
0.00634464
0.00459904
0.00372024
0.00273839
0.00129206
0.00041801
0.00013928
0.00007239
-0.00038746
-0.00101010
-0.00071582
-0.00047679
-0.00121712
-0.00193990
-0.00210959
-0.00264079
-0.00437798
-0.00725171
-0.01056139
-0.01291996
-0.01467395
-0.01656668
-0.01813436
-0.01944167
-0.02004969
-0.02017946
-0.02046874
-0.02092002
-0.02120358
-0.02080829
-0.02005791
-0.01900253
-0.01757809
-0.01581050
-0.01364962
-0.01226919
-0.01154759
-0.01015486
-0.00787191
-0.00505528
-0.00239032
-0.00051919
0.00052141
0.00144750
0.00210696
0.00118334
-0.00064371
-0.00246818
-0.00396194
-0.00534678
-0.00720333
-0.00959012
-0.01100578
-0.01216440
-0.01399138
-0.01577269
-0.01777387
-0.01889109
-0.01879196
-0.01790454
-0.01736608
-0.01605652
-0.01335020
-0.01046843
-0.00801620
-0.00617254
-0.00463524
-0.00250981
-0.00053021
0.00123572
0.00268869
0.00344901
0.00464044
0.00631104
0.00728377
0.00796152
0.00808587
0.00791169
0.00872999
0.00885753
0.00746354
0.00571868
0.00432284
0.00372825
0.00390448
0.00412185
0.00412760
0.00357457
0.00203411
-0.00033842
-0.00205270
-0.00189706
-0.00198474
-0.00284631
-0.00416343
-0.00504335
-0.00398480
-0.00265595
-0.00267260
-0.00432397
-0.00650111
-0.00760026
-0.00800829
-0.00812051
-0.00873887
-0.00995143
-0.01108703
-0.01161592
-0.01262302
-0.01388230
-0.01431248
-0.01373100
-0.01248815
-0.01102634
-0.00979186
-0.00810399
-0.00627970
-0.00404366
-0.00238039
-0.00102781
0.00088795
0.00273528
0.00472942
0.00588543
0.00658036
0.00725094
0.00786589
0.00761494
0.00672486
0.00593706
0.00448096
0.00286180
0.00166148
0.00092051
0.00090443
0.00088981
0.00079494
0.00067331
0.00052678
0.00042712
0.00058069
0.00128652
0.00268908
0.00437414
0.00623874
0.00853568
0.01124326
0.01325008
0.01489444
0.01651207
0.01793383
0.01850417
0.01817982
0.01739756
0.01647572
0.01620420
0.01598897
0.01471134
0.01234982
0.01012126
0.00889506
0.00837831
0.00887446
0.00960461
0.00972008
0.00981709
0.01044155
0.01146286
0.01223146
0.01281910
0.01408322
0.01592262
0.01706877
0.01767446
0.01830258
0.01853901
0.01865311
0.01864995
0.01829657
0.01750177
0.01667432
0.01660054
0.01609665
0.01537235
0.01426440
0.01299490
0.01269425
0.01193503
0.01058821
0.00940004
0.00826206
0.00694116
0.00649022
0.00576467
0.00491394
0.00505730
0.00571155
0.00538965
0.00589460
0.00667224
0.00667009
0.00637179
0.00562945
0.00455012
0.00380187
0.00326708
0.00217873
0.00103606
0.00049383
-0.00061155
-0.00205507
-0.00322640
-0.00493634
-0.00654366
-0.00743539
-0.00756833
-0.00819729
-0.00943400
-0.01050374
-0.01062967
-0.01067338
-0.01060669
-0.00989758
-0.00831178
-0.00621437
-0.00446270
-0.00265711
-0.00107096
0.00005557
0.00130818
0.00203985
0.00225477
0.00218389
0.00155516
0.00039592
-0.00062713
-0.00134446
-0.00242870
-0.00385610
-0.00593441
-0.00826357
-0.00984198
-0.01098085
-0.01247361
-0.01461068
-0.01667357
-0.01737556
-0.01700873
-0.01639802
-0.01571864
-0.01482658
-0.01341257
-0.01172874
-0.01056383
-0.01041191
-0.01053218
-0.01021949
-0.00932261
-0.00902084
-0.01028815
-0.01224401
-0.01368432
-0.01375125
-0.01280676
-0.01170512
-0.01126608
-0.01098404
-0.01006987
-0.00886566
-0.00840708
-0.00838893
-0.00799023
-0.00704265
-0.00588173
-0.00547115
-0.00546281
-0.00496010
-0.00379646
-0.00249179
-0.00224539
-0.00233880
-0.00232768
-0.00227068
-0.00215266
-0.00202112
-0.00195634
-0.00214597
-0.00274035
-0.00375635
-0.00452243
-0.00377997
-0.00259468
-0.00238521
-0.00209993
-0.00103665
0.00047552
0.00134949
0.00201507
0.00231979
0.00239677
0.00243405
0.00333503
0.00349108
0.00315857
0.00318493
0.00378280
0.00393918
0.00349210
0.00265780
0.00176022
0.00190524
0.00308265
0.00401220
0.00416713
0.00489260
0.00615839
0.00732274
0.00861795
0.01046453
0.01171586
0.01293637
0.01309438
0.01320301
0.01340101
0.01325557
0.01247831
0.01103760
0.00963342
0.00837910
0.00724912
0.00610126
0.00477153
0.00432882
0.00349985
0.00227569
0.00168779
0.00161164
0.00118175
0.00027147
-0.00058403
-0.00033210
0.00079929
0.00137328
0.00124791
0.00126325
0.00163996
0.00234293
0.00302306
0.00320738
0.00357409
0.00444034
0.00363930
0.00166483
-0.00052007
-0.00164133
-0.00187647
-0.00270252
-0.00475378
-0.00646340
-0.00700152
-0.00704989
-0.00703581
-0.00674231
-0.00588537
-0.00464918
-0.00355102
-0.00255775
-0.00169246
-0.00143634
-0.00057616
0.00104648
0.00248217
0.00253877
0.00194152
0.00177787
0.00213736
0.00242050
0.00221965
0.00184881
0.00183101
0.00185888
0.00183974
0.00182302
0.00181335
0.00186490
0.00199053
0.00217850
0.00228577
0.00213786
0.00219399
0.00308211
0.00420287
0.00519226
0.00629359
0.00732164
0.00814359
0.00916560
0.00956200
0.00949625
0.00967225
0.01023696
0.01107451
0.01165978
0.01185364
0.01234633
0.01356888
0.01506477
0.01617042
0.01640868
0.01633762
0.01661088
0.01717963
0.01755246
0.01692721
0.01606263
0.01581193
0.01570700
0.01519399
0.01409216
0.01269864
0.01190436
0.01125548
0.01076695
0.01017807
0.00953248
0.00933483
0.00918537
0.00870764
0.00773132
0.00646150
0.00560123
0.00455007
0.00337545
0.00224349
0.00118674
0.00112105
0.00150372
0.00168977
0.00119719
0.00051129
0.00032493
0.00032213
0.00032978
0.00033117
0.00026788
0.00000425
-0.00057135
-0.00134010
-0.00183566
-0.00226401
-0.00223270
-0.00218645
-0.00235793
-0.00284473
-0.00370607
-0.00451633
-0.00449887
-0.00476381
-0.00573531
-0.00705679
-0.00791137
-0.00869239
-0.00872407
-0.00870685
-0.00878125
-0.00862383
-0.00811122
-0.00721530
-0.00650578
-0.00649926
-0.00653702
-0.00642190
-0.00621237
-0.00588349
-0.00564226
-0.00581193
-0.00655924
-0.00722305
-0.00766800
-0.00762288
-0.00795388
-0.00887551
-0.00992985
-0.01047773
-0.01059031
-0.00997474
-0.00960646
-0.01002542
-0.01053467
-0.01045559
-0.01035370
-0.01028356
-0.00997224
-0.00917952
-0.00786531
-0.00663806
-0.00611627
-0.00592814
-0.00552255
-0.00506559
-0.00501256
-0.00552875
-0.00615745
-0.00655770
-0.00677213
-0.00707979
-0.00761475
-0.00791315
-0.00780730
-0.00773106
-0.00765968
-0.00738498
-0.00670301
-0.00560050
-0.00451197
-0.00352214
-0.00255204
-0.00176126
-0.00097740
-0.00030734
0.00029032
0.00076828
0.00092176
0.00093229
0.00094724
0.00096564
0.00098021
0.00100311
0.00102970
0.00103233
0.00094019
0.00068574
0.00030437
0.00001290
-0.00022547
-0.00027290
-0.00024287
-0.00023086
-0.00022281
-0.00021881
-0.00022074
-0.00022429
-0.00019857
-0.00008853
0.00015430
0.00047748
0.00069253
0.00089123
0.00102698
0.00129580
0.00172360
0.00200187
0.00203245
0.00195846
0.00177356
0.00142073
0.00103442
0.00092709
0.00075588
0.00035653
-0.00004065
-0.00003975
-0.00000886
-0.00003819
-0.00005430
-0.00002497
0.00012622
0.00040322
0.00066945
0.00066341
0.00081340
0.00084164
0.00081489
0.00076434
0.00065346
0.00056381
0.00058775
0.00054249
0.00068149
0.00081050
0.00068281
0.00045215
0.00022852
0.00017144
0.00022828
0.00023194
0.00010969
-0.00014868
-0.00044080
-0.00060768
-0.00071435
-0.00066098
-0.00061429
-0.00058979
-0.00052578
-0.00037589
-0.00011633
0.00016867
0.00037398
0.00058014
0.00073591
0.00094420
0.00114320
0.00128378
0.00135968
0.00137801
0.00137195
0.00132209
0.00128596
0.00118392
0.00107098
0.00090712
0.00073917
0.00059781
0.00044911
0.00030904
0.00017240
0.00008615
0.00007760
0.00017281
0.00028892
0.00035122
0.00036254
0.00040918
0.00051251
0.00064312
0.00076150
0.00084493
0.00090878
0.00096650
0.00100668
0.00103853
0.00102984
0.00098300
0.00091518
0.00083154
0.00076377
0.00070991
0.00063215
0.00055401
0.00048274
0.00041974
0.00037693
0.00036332
0.00036751
0.00036826
0.00036645
0.00036643
0.00037498
0.00039864
0.00043645
0.00047256
0.00051298
0.00054900
0.00056864
0.00058180
0.00059251
0.00059277
0.00058565
0.00056339
0.00052811
0.00048838
0.00044900
0.00041990
0.00039291
0.00035646
0.00031410
0.00028068
0.00026219
0.00024723
0.00022852
0.00020823
0.00019251
0.00018096
0.00016793
0.00015275
0.00013962
0.00012924
0.00012025
0.00011533
0.00011293
0.00010646
0.00009905
0.00009311
0.00008845
0.00008352
0.00007557
0.00006681
0.00005837
0.00004999
0.00004150
0.00003261
0.00002326
0.00001376
0.00000503
-0.00000299
-0.00001096
-0.00001904
-0.00002705
-0.00003487
-0.00004247
-0.00005011
-0.00005821
-0.00006638
-0.00007478
-0.00008306
-0.00009131
-0.00009979
-0.00010829
-0.00011683
-0.00012515
-0.00013339
-0.00014159
-0.00014972
-0.00015781
-0.00016585
-0.00017384
-0.00018177
-0.00018965
-0.00019749
-0.00020530
-0.00021307
-0.00022081
-0.00022852
-0.00023619
-0.00024383
-0.00025144
-0.00025901
-0.00026655
