-0.00124594
-0.00123736
-0.00122902
-0.00122392
-0.00121684
-0.00120047
-0.00116906
-0.00113061
-0.00110632
-0.00111178
-0.00113833
-0.00116319
-0.00116718
-0.00117841
-0.00120002
-0.00121046
-0.00120780
-0.00120455
-0.00120256
-0.00120784
-0.00122590
-0.00126019
-0.00129589
-0.00129978
-0.00128371
-0.00136161
-0.00153658
-0.00168695
-0.00185900
-0.00208771
-0.00219674
-0.00209939
-0.00196097
-0.00179956
-0.00160749
-0.00145430
-0.00145094
-0.00168855
-0.00204275
-0.00214891
-0.00199198
-0.00174616
-0.00157440
-0.00161149
-0.00184284
-0.00200035
-0.00178341
-0.00161191
-0.00173880
-0.00169857
-0.00143889
-0.00132677
-0.00137593
-0.00151168
-0.00172789
-0.00190920
-0.00179158
-0.00152855
-0.00142193
-0.00127605
-0.00086814
-0.00025812
0.00060821
0.00167806
0.00252276
0.00260028
0.00182591
0.00040854
-0.00077794
-0.00137142
-0.00131241
-0.00089862
-0.00061192
-0.00090109
-0.00168281
-0.00233518
-0.00277891
-0.00314712
-0.00366258
-0.00403457
-0.00345583
-0.00193739
-0.00031467
0.00045075
0.00018660
0.00032768
0.00085385
0.00080739
0.00041155
0.00048791
0.00186143
0.00407136
0.00486842
0.00418491
0.00313500
0.00235256
0.00240933
0.00342374
0.00456895
0.00431033
0.00316424
0.00205377
0.00095823
-0.00019221
-0.00124446
-0.00180449
-0.00147301
-0.00036179
0.00087980
0.00103971
0.00056914
0.00099424
0.00178963
0.00221956
0.00268721
0.00321896
0.00338817
0.00378511
0.00470821
0.00427950
0.00201672
0.00063303
-0.00032633
-0.00264545
-0.00409553
-0.00333383
-0.00376396
-0.00612531
-0.00755085
-0.00772471
-0.00761347
-0.00847033
-0.01014740
-0.01022974
-0.00865810
-0.00726514
-0.00660494
-0.00689640
-0.00793108
-0.00942283
-0.01066273
-0.01130543
-0.01120400
-0.01060573
-0.00983055
-0.00922640
-0.00823006
-0.00615147
-0.00395413
-0.00275009
-0.00245505
-0.00287855
-0.00340879
-0.00360806
-0.00345624
-0.00402472
-0.00505378
-0.00422387
-0.00246005
-0.00226874
-0.00315517
-0.00389473
-0.00355849
-0.00242346
-0.00176759
-0.00144269
-0.00112686
-0.00112216
-0.00062457
0.00197162
0.00522807
0.00662591
0.00627717
0.00480638
0.00334947
0.00208692
0.00099591
0.00036535
0.00044542
0.00112704
0.00250683
0.00452273
0.00726716
0.01002496
0.01078226
0.00928544
0.00807560
0.00748512
0.00694425
0.00571909
0.00385716
0.00283496
0.00231295
0.00110463
-0.00043390
-0.00156393
-0.00190011
-0.00139181
-0.00064475
-0.00009696
0.00020519
0.00116415
0.00307735
0.00502034
0.00608255
0.00584672
0.00562404
0.00581875
0.00500719
0.00387042
0.00397733
0.00410470
0.00329611
0.00283891
0.00293591
0.00271195
0.00178632
0.00032727
-0.00072181
-0.00051269
0.00092508
0.00206032
0.00096737
-0.00143785
-0.00395271
-0.00568676
-0.00647949
-0.00659863
-0.00601451
-0.00458508
-0.00236169
0.00056968
0.00348446
0.00564200
0.00611687
0.00438635
0.00097948
-0.00152116
-0.00327145
-0.00494925
-0.00546353
-0.00448588
-0.00374668
-0.00347896
-0.00331845
-0.00390471
-0.00507517
-0.00487893
-0.00360073
-0.00352140
-0.00317525
-0.00064208
0.00296544
0.00644933
0.00878650
0.01004713
0.01062854
0.00995006
0.00816779
0.00714941
0.00662322
0.00558608
0.00489435
0.00545180
0.00697659
0.00863324
0.00870124
0.00571774
0.00003621
-0.00456488
-0.00706335
-0.00891608
-0.00971862
-0.00927840
-0.00884507
-0.00834641
-0.00653263
-0.00357501
-0.00030462
0.00290962
0.00527291
0.00571991
0.00541608
0.00623076
0.00720562
0.00748375
0.00747020
0.00700253
0.00584337
0.00421408
0.00238621
0.00059209
-0.00048833
-0.00029972
-0.00019681
-0.00121854
-0.00215904
-0.00262037
-0.00302169
-0.00298942
-0.00268920
-0.00376652
-0.00633051
-0.00821696
-0.00907827
-0.00907839
-0.00807793
-0.00584503
-0.00275400
0.00038174
0.00243655
0.00358952
0.00351359
0.00130708
-0.00240377
-0.00564303
-0.00830385
-0.01011688
-0.01004492
-0.00792933
-0.00504318
-0.00217263
-0.00042965
-0.00106389
-0.00421218
-0.00788834
-0.01006328
-0.00982346
-0.00956873
-0.00974313
-0.00845507
-0.00626272
-0.00443138
-0.00273102
-0.00127720
-0.00084888
-0.00047484
0.00095143
0.00175272
0.00121537
0.00139411
0.00224350
0.00278998
0.00357691
0.00501511
0.00636784
0.00714487
0.00712553
0.00659469
0.00612097
0.00620166
0.00616255
0.00471035
0.00306864
0.00277296
0.00305710
0.00351472
0.00415492
0.00469066
0.00506442
0.00618865
0.00830865
0.01021732
0.01056072
0.00869777
0.00644296
0.00489684
0.00357771
0.00290367
0.00358920
0.00577900
0.00865553
0.01005211
0.01034069
0.01111322
0.01186111
0.01212162
0.01234027
0.01248403
0.01219638
0.01122966
0.00978019
0.00893075
0.00935839
0.01083452
0.01156263
0.01034058
0.00875420
0.00750946
0.00641021
0.00517319
0.00336117
0.00077229
-0.00215917
-0.00406191
-0.00412368
-0.00274522
-0.00242381
-0.00362042
-0.00405093
-0.00348667
-0.00260418
-0.00189200
-0.00112913
0.00069656
0.00313731
0.00510112
0.00646665
0.00668942
0.00486105
0.00131047
-0.00230041
-0.00479075
-0.00559125
-0.00528685
-0.00392651
-0.00147816
0.00261124
0.00754530
0.00996653
0.00983846
0.00956114
0.00889390
0.00726937
0.00524770
0.00364112
0.00346744
0.00423429
0.00486742
0.00452581
0.00348784
0.00293255
0.00246047
0.00136465
-0.00009432
-0.00195164
-0.00424365
-0.00652740
-0.00820456
-0.00942603
-0.00996491
-0.00951536
-0.00856836
-0.00799589
-0.00756760
-0.00761719
-0.00904672
-0.01084326
-0.01116548
-0.01037620
-0.00889186
-0.00693669
-0.00433884
-0.00158093
-0.00037135
-0.00131562
-0.00212193
-0.00251125
-0.00306096
-0.00316034
-0.00240897
-0.00155574
-0.00014295
0.00268233
0.00576221
0.00782422
0.00953007
0.01064544
0.01043655
0.01029469
0.01203880
0.01508919
0.01832093
0.02012301
0.02075906
0.02066026
0.01815613
0.01303765
0.00871006
0.00590619
0.00407526
0.00271728
0.00186027
0.00231679
0.00419033
0.00645270
0.00835311
0.00947408
0.01016714
0.01067475
0.01107049
0.01059746
0.00918954
0.00880013
0.00951050
0.00925393
0.00831161
0.00744096
0.00609613
0.00457117
0.00434181
0.00464168
0.00422551
0.00425941
0.00519692
0.00555611
0.00510452
0.00432630
0.00339546
0.00193061
-0.00091374
-0.00401715
-0.00526844
-0.00643512
-0.00826232
-0.00744325
-0.00406822
-0.00186263
-0.00078480
-0.00007870
-0.00009598
-0.00085154
-0.00179444
-0.00394718
-0.00793502
-0.01188031
-0.01544563
-0.02022859
-0.02503205
-0.02758917
-0.02796962
-0.02701069
-0.02655447
-0.02650115
-0.02604796
-0.02527216
-0.02381272
-0.02071730
-0.01678824
-0.01391493
-0.01060057
-0.00580321
-0.00165859
0.00083349
0.00197850
0.00125312
-0.00125992
-0.00386943
-0.00545088
-0.00565789
-0.00495501
-0.00436818
-0.00443616
-0.00468422
-0.00362269
-0.00216376
-0.00172783
-0.00102896
0.00117910
0.00469677
0.00883072
0.01221670
0.01437018
0.01566975
0.01746486
0.01845788
0.01611060
0.01097434
0.00514763
0.00127030
-0.00005763
-0.00053504
-0.00119675
-0.00268927
-0.00452467
-0.00637248
-0.00820398
-0.00976420
-0.01125754
-0.01401950
-0.01756940
-0.01875854
-0.01856013
-0.01909398
-0.01872824
-0.01606618
-0.01192484
-0.00598645
0.00144849
0.00843535
0.01316206
0.01549879
0.01534525
0.01360415
0.01116008
0.00865001
0.00599894
0.00322425
0.00084876
-0.00048897
-0.00060262
-0.00069838
-0.00167028
-0.00383680
-0.00669090
-0.00936982
-0.01168687
-0.01349099
-0.01442529
-0.01297727
-0.00810615
-0.00155114
0.00478115
0.00938735
0.01158653
0.01161631
0.01020549
0.00846760
0.00782394
0.00817687
0.00839618
0.00842447
0.00839913
0.00822136
0.00767170
0.00657017
0.00523603
0.00414968
0.00343360
0.00291404
0.00224491
0.00212363
0.00314334
0.00425168
0.00473020
0.00473390
0.00516781
0.00655342
0.00698094
0.00562499
0.00465996
0.00475159
0.00528550
0.00449806
0.00140864
-0.00228525
-0.00545704
-0.00739427
-0.00855111
-0.00949878
-0.00999703
-0.01017521
-0.01068458
-0.01159173
-0.01233135
-0.01187317
-0.01016762
-0.00886791
-0.00876386
-0.01017174
-0.01247082
-0.01518280
-0.01773269
-0.02002084
-0.02195174
-0.02334121
-0.02323013
-0.02044302
-0.01536440
-0.00993914
-0.00517433
-0.00097072
0.00402875
0.00882406
0.01178987
0.01449317
0.01790740
0.02060591
0.02266629
0.02499760
0.02684603
0.02738106
0.02688774
0.02466056
0.02040570
0.01610277
0.01387272
0.01340956
0.01422282
0.01504932
0.01493470
0.01332528
0.01091446
0.00814036
0.00545481
0.00301736
0.00111287
0.00025893
0.00166496
0.00607072
0.01147010
0.01511561
0.01807714
0.02170544
0.02662586
0.03256906
0.03858557
0.04410438
0.04819475
0.04982912
0.04914748
0.04723597
0.04376912
0.03775144
0.02900771
0.01936273
0.01246792
0.00865180
0.00711060
0.00608861
0.00557056
0.00572538
0.00532383
0.00351209
0.00138468
-0.00005425
-0.00003448
0.00100206
0.00316673
0.00834806
0.01752483
0.02886345
0.04017261
0.04946168
0.05728334
0.06337464
0.06711062
0.06951753
0.07172423
0.07234825
0.07080137
0.06892358
0.06709771
0.06495155
0.06106417
0.05492334
0.04821677
0.03979052
0.02865546
0.01732881
0.00765811
-0.00072806
-0.00729233
-0.01221318
-0.01819834
-0.02580644
-0.03107577
-0.03323892
-0.03425145
-0.03437215
-0.03409311
-0.03461340
-0.03553928
-0.03523990
-0.03377446
-0.03133750
-0.02750839
-0.02301955
-0.02028710
-0.01944216
-0.02023863
-0.02362434
-0.02983470
-0.03665809
-0.04335934
-0.04995368
-0.05803316
-0.06831796
-0.07888629
-0.08955339
-0.10008090
-0.10865900
-0.11373530
-0.11598920
-0.11650300
-0.11677580
-0.11388430
-0.10554860
-0.09467563
-0.08293546
-0.07195724
-0.06179349
-0.05220098
-0.04344876
-0.03620467
-0.03084285
-0.02706698
-0.02415544
-0.02190305
-0.02016576
-0.01813170
-0.01551361
-0.01174198
-0.00567638
0.00253981
0.00976421
0.01464355
0.01677728
0.01646255
0.01378828
0.00905050
0.00337976
-0.00074374
-0.00328028
-0.00486207
-0.00605154
-0.00654393
-0.00599647
-0.00534000
-0.00576106
-0.00730967
-0.00968784
-0.01205928
-0.01481387
-0.01782932
-0.01893985
-0.01709395
-0.01393236
-0.00921658
-0.00270445
0.00506075
0.01302261
0.01930962
0.02408716
0.02879401
0.03390039
0.03901558
0.04281652
0.04489505
0.04585198
0.04560658
0.04335488
0.03781886
0.02861505
0.01777650
0.00613378
-0.00496473
-0.01352268
-0.01830012
-0.02013439
-0.02007924
-0.01886357
-0.01449982
-0.00614026
0.00305076
0.01259260
0.02226547
0.03158954
0.04032398
0.04854586
0.05482560
0.05786601
0.05951950
0.06150995
0.06325361
0.06352014
0.06139516
0.05733889
0.05266080
0.04840460
0.04416648
0.03819039
0.02966291
0.01868238
0.00634905
-0.00541006
-0.01355690
-0.01662600
-0.01507847
-0.01032350
-0.00357289
0.00391246
0.01125718
0.01685420
0.01938662
0.01804368
0.01378371
0.00841307
0.00549702
0.00515807
0.00598373
0.00666565
0.00703171
0.00796683
0.00879525
0.00809169
0.00515793
0.00041843
-0.00378163
-0.00750916
-0.01161285
-0.01503113
-0.01695491
-0.01804436
-0.01768617
-0.01509475
-0.01144107
-0.00810567
-0.00500124
-0.00279453
-0.00280363
-0.00412948
-0.00519077
-0.00617529
-0.00778477
-0.01048954
-0.01411088
-0.01740565
-0.01876858
-0.01749820
-0.01534258
-0.01228495
-0.00819256
-0.00423587
-0.00121373
0.00177944
0.00415233
0.00444619
0.00358402
0.00287128
0.00174438
0.00045294
0.00041277
0.00072325
0.00001336
-0.00070618
-0.00084354
-0.00111312
-0.00167535
-0.00221629
-0.00214523
-0.00179779
-0.00323592
-0.00704130
-0.01262520
-0.02174849
-0.03502018
-0.04874899
-0.06045841
-0.06881043
-0.07358114
-0.07454617
-0.06991729
-0.05899981
-0.04603866
-0.03279735
-0.02072461
-0.00900866
0.00411744
0.01979574
0.03708420
0.05245700
0.06303190
0.06728581
0.06772731
0.06321132
0.05251481
0.03669034
0.01953304
0.00605866
-0.00132743
-0.00472336
-0.00567117
-0.00632033
-0.00693091
-0.00733791
-0.00784544
-0.00886668
-0.01045096
-0.01135118
-0.00973589
-0.00437094
0.00451547
0.01421050
0.02332020
0.03011714
0.03283444
0.03173506
0.03043981
0.03012121
0.03057961
0.02993720
0.02803744
0.02751929
0.02829136
0.02885805
0.02794041
0.02533076
0.02266102
0.01982917
0.01581090
0.00989769
0.00179060
-0.00733512
-0.01664655
-0.02502421
-0.03245321
-0.03852128
-0.04181808
-0.04279049
-0.04476339
-0.04710426
-0.04814708
-0.04780362
-0.04520907
-0.03932546
-0.02991743
-0.01880549
-0.00861831
-0.00119966
0.00388113
0.00618721
0.00571710
0.00270221
-0.00234485
-0.00833654
-0.01497671
-0.02179745
-0.02852856
-0.03473436
-0.03993813
-0.04435470
-0.04922049
-0.05415238
-0.05774671
-0.05834779
-0.05454408
-0.04707906
-0.03552263
-0.02089287
-0.00515005
0.00932138
0.02031357
0.02621431
0.02722515
0.02408373
0.01861294
0.01342943
0.00896654
0.00410359
-0.00194578
-0.00961671
-0.01854723
-0.02733524
-0.03336152
-0.03596758
-0.03633954
-0.03634031
-0.03632617
-0.03448653
-0.03187563
-0.03141444
-0.03300365
-0.03571613
-0.03857766
-0.04109667
-0.04279682
-0.04281898
-0.04031190
-0.03513907
-0.02841035
-0.02338475
-0.02043415
-0.01859299
-0.01713350
-0.01625816
-0.01724803
-0.02066985
-0.02640436
-0.03464348
-0.04481802
-0.05417381
-0.06139974
-0.06601133
-0.06794014
-0.06673812
-0.06159864
-0.05133991
-0.03709024
-0.01946934
-0.00099070
0.01416287
0.02263559
0.02469296
0.02307778
0.02239598
0.02202017
0.02201723
0.02523778
0.03337047
0.04560391
0.05887841
0.06939333
0.07462741
0.07402534
0.07002592
0.06239917
0.05171761
0.04122502
0.03217582
0.02415827
0.01747552
0.01248428
0.00911330
0.00658036
0.00267650
-0.00210461
-0.00582949
-0.00721774
-0.00582020
-0.00314218
0.00103842
0.00707804
0.01450728
0.02211922
0.02807173
0.03133068
0.03236234
0.03232526
0.03177077
0.02876382
0.02397141
0.02215900
0.02304021
0.02439389
0.02589619
0.02749458
0.02874718
0.02842042
0.02511009
0.01877410
0.01014328
0.00125566
-0.00627514
-0.01091287
-0.01245314
-0.01217773
-0.01275801
-0.01462603
-0.01589539
-0.01573123
-0.01327294
-0.00767268
0.00045319
0.00721327
0.01142293
0.01260055
0.00996804
0.00463211
0.00140935
0.00099351
0.00200026
0.00533878
0.01199910
0.02124039
0.03136629
0.03890683
0.04295131
0.04353570
0.04096827
0.03568820
0.02964221
0.02230871
0.01273723
0.00108027
-0.01233126
-0.02566397
-0.03689248
-0.04375178
-0.04604608
-0.04382356
-0.03834621
-0.02986139
-0.01992173
-0.00913476
0.00106251
0.00801727
0.01083632
0.01149180
0.01009634
0.00693125
0.00302157
-0.00138782
-0.00615952
-0.01042283
-0.01308570
-0.01446311
-0.01517906
-0.01617353
-0.01677420
-0.01590553
-0.01412807
-0.01242663
-0.01159578
-0.01260140
-0.01564207
-0.01863703
-0.01914765
-0.01715810
-0.01336410
-0.00963530
-0.00535584
-0.00001364
0.00454726
0.00778590
0.01140783
0.01481251
0.01660250
0.01684727
0.01588410
0.01471220
0.01484495
0.01758030
0.02074179
0.02211053
0.02219082
0.02114507
0.01916217
0.01666536
0.01393102
0.01047385
0.00596623
0.00100255
-0.00384088
-0.00792556
-0.01141143
-0.01409082
-0.01550185
-0.01566951
-0.01577174
-0.01748006
-0.02115374
-0.02420040
-0.02598323
-0.02738289
-0.02904152
-0.03023220
-0.02795575
-0.02141943
-0.01376378
-0.00610705
0.00069419
0.00630089
0.01027433
0.01257655
0.01407733
0.01642378
0.01988722
0.02332604
0.02414570
0.02132121
0.01552171
0.00679885
-0.00352748
-0.01185881
-0.01593536
-0.01547009
-0.01082790
-0.00420191
0.00075058
0.00151309
-0.00197352
-0.00789132
-0.01315532
-0.01740364
-0.01905543
-0.01529669
-0.00718286
0.00113506
0.00895599
0.01548353
0.01892215
0.01821628
0.01458802
0.01070433
0.00891236
0.00862739
0.00890175
0.00843662
0.00692593
0.00490473
0.00360303
0.00310007
0.00182687
0.00018350
-0.00040046
0.00126813
0.00519902
0.00910806
0.01281624
0.01722895
0.02313855
0.03074783
0.03852360
0.04637146
0.05456047
0.06194204
0.06634030
0.06598983
0.06042000
0.05316918
0.04691399
0.04398590
0.04333165
0.04402660
0.04500536
0.04361966
0.03716199
0.02738740
0.01679389
0.00748636
-0.00009569
-0.00704196
-0.01536337
-0.02578946
-0.03530472
-0.04260869
-0.04833713
-0.05270625
-0.05537298
-0.05500671
-0.05079192
-0.04448919
-0.03621004
-0.02653487
-0.01658815
-0.00652759
0.00434734
0.01502490
0.02344098
0.02910719
0.03213701
0.03378315
0.03379532
0.03225267
0.03073094
0.03101112
0.03326003
0.03764859
0.04338692
0.04901923
0.05290545
0.05510894
0.05580361
0.05547029
0.05381869
0.05031678
0.04406781
0.03399906
0.02095101
0.00660663
-0.00546624
-0.01359935
-0.01743945
-0.01922553
-0.01850590
-0.01506073
-0.01129237
-0.00963081
-0.00978712
-0.01091596
-0.01150264
-0.01167636
-0.01160634
-0.01033877
-0.00743481
-0.00383993
-0.00083450
0.00022908
-0.00058825
-0.00266722
-0.00429270
-0.00410837
-0.00158015
0.00147809
0.00452627
0.00938196
0.01488213
0.01814341
0.01913989
0.01853856
0.01728228
0.01637550
0.01722782
0.02060396
0.02571988
0.02950071
0.03016979
0.02794949
0.02345569
0.01814551
0.01332468
0.00943327
0.00597544
0.00299439
0.00063058
-0.00073219
-0.00135199
-0.00244887
-0.00355635
-0.00336689
-0.00140135
0.00314280
0.01021699
0.01819529
0.02340491
0.02423964
0.01908884
0.00792376
-0.00661968
-0.01785808
-0.02478758
-0.02771358
-0.02702217
-0.02241311
-0.01530921
-0.00731092
-0.00054478
0.00384844
0.00589319
0.00709449
0.00563388
0.00043374
-0.00459689
-0.00734771
-0.00900032
-0.00856843
-0.00506382
-0.00003174
0.00485459
0.00816290
0.00926301
0.00829804
0.00580689
0.00293022
0.00162263
0.00309085
0.00713364
0.01182280
0.01520440
0.01730282
0.01685345
0.01231251
0.00498767
-0.00289204
-0.01094555
-0.01768219
-0.02045231
-0.02060184
-0.02054382
-0.01941725
-0.01724687
-0.01628391
-0.01543570
-0.01351666
-0.01321838
-0.01502086
-0.01491129
-0.01249229
-0.00922506
-0.00581930
-0.00331334
-0.00288002
-0.00382558
-0.00440356
-0.00541125
-0.00752780
-0.00994051
-0.01288524
-0.01652996
-0.01906867
-0.01990116
-0.02176238
-0.02464543
-0.02638756
-0.02679924
-0.02640128
-0.02610053
-0.02681935
-0.02900594
-0.03075784
-0.03061693
-0.03049134
-0.03020036
-0.02727372
-0.02072346
-0.01095179
-0.00003023
0.00952538
0.01488035
0.01673739
0.01706015
0.01535767
0.01211492
0.01058625
0.01130725
0.01321120
0.01464106
0.01352988
0.00854051
0.00068679
-0.00682777
-0.01273262
-0.01644501
-0.01835482
-0.01826267
-0.01652505
-0.01394002
-0.01097857
-0.00766294
-0.00455997
-0.00273547
-0.00197164
-0.00186591
-0.00217586
-0.00291410
-0.00357500
-0.00273090
0.00068515
0.00549659
0.01047856
0.01422812
0.01777884
0.02208519
0.02556195
0.02660318
0.02449036
0.01785310
0.00739020
-0.00224580
-0.00894532
-0.01448552
-0.01920249
-0.02318449
-0.02642848
-0.02872540
-0.03023967
-0.03088277
-0.03085780
-0.03058248
-0.02905574
-0.02397901
-0.01537188
-0.00591403
0.00218838
0.00682529
0.00730158
0.00409501
-0.00035979
-0.00624974
-0.01285006
-0.01676137
-0.01720404
-0.01621562
-0.01369218
-0.00976615
-0.00606882
-0.00364360
-0.00306037
-0.00557882
-0.01121405
-0.01690704
-0.02107394
-0.02431652
-0.02623061
-0.02655214
-0.02606541
-0.02528930
-0.02430327
-0.02223373
-0.01802501
-0.01161823
-0.00379633
0.00322886
0.00860620
0.01208533
0.01260843
0.00962966
0.00474899
-0.00111951
-0.00639580
-0.00964533
-0.01069270
-0.01217807
-0.01469973
-0.01664191
-0.01813827
-0.01992205
-0.02224788
-0.02476156
-0.02633215
-0.02655685
-0.02567563
-0.02427194
-0.02242125
-0.01966687
-0.01614955
-0.01240944
-0.00794327
-0.00327102
-0.00091388
-0.00177599
-0.00454314
-0.00741863
-0.00909518
-0.01019410
-0.01020185
-0.00794438
-0.00349958
0.00200543
0.00677987
0.00968659
0.01049344
0.00857285
0.00458979
0.00145127
0.00031093
-0.00047038
-0.00059892
0.00043101
0.00187561
0.00303724
0.00361324
0.00350481
0.00336414
0.00498216
0.00893342
0.01258515
0.01491920
0.01584886
0.01496046
0.01253917
0.01044350
0.00963287
0.01044580
0.01368183
0.01969381
0.02729845
0.03488620
0.03984403
0.04134828
0.03965469
0.03558435
0.03032155
0.02660010
0.02586334
0.02848127
0.03309996
0.03896699
0.04576318
0.05139621
0.05260659
0.04893384
0.04035781
0.02811424
0.01549852
0.00794302
0.00441287
0.00234892
0.00082475
0.00033097
0.00147298
0.00323840
0.00444111
0.00528661
0.00599482
0.00627915
0.00473998
0.00057216
-0.00390215
-0.00779485
-0.01218041
-0.01635196
-0.01902310
-0.02080012
-0.02220415
-0.02347051
-0.02450130
-0.02539059
-0.02651248
-0.02749238
-0.02663374
-0.02313597
-0.01788041
-0.01270187
-0.00881566
-0.00511126
-0.00247111
-0.00297956
-0.00504243
-0.00647028
-0.00783436
-0.00947846
-0.01065019
-0.01002169
-0.00654138
-0.00119067
0.00443914
0.00780263
0.00833696
0.00689783
0.00477311
0.00333864
0.00373849
0.00557331
0.00732228
0.00868228
0.00929136
0.00850511
0.00633210
0.00385165
0.00193618
0.00127836
0.00180142
0.00303083
0.00393074
0.00461847
0.00580289
0.00808365
0.01034073
0.00962859
0.00650287
0.00273646
-0.00172649
-0.00648363
-0.00968931
-0.01068645
-0.00939945
-0.00556539
0.00076881
0.00784815
0.01399923
0.01734740
0.01822984
0.01738887
0.01562508
0.01404868
0.01441737
0.01687287
0.02038306
0.02298289
0.02410053
0.02453233
0.02390119
0.02242382
0.02195435
0.02270117
0.02280487
0.02281273
0.02324494
0.02231432
0.01911373
0.01495861
0.00984506
0.00376547
-0.00287480
-0.00881209
-0.01188115
-0.01247317
-0.01248216
-0.01198583
-0.00994735
-0.00516679
0.00132198
0.00664235
0.01032901
0.01275649
0.01491273
0.01693397
0.01829428
0.01761832
0.01392103
0.00848051
0.00286030
-0.00069085
-0.00230482
-0.00251592
-0.00144537
-0.00008340
-0.00054802
-0.00244951
-0.00489109
-0.00791068
-0.01047181
-0.01042419
-0.00795258
-0.00418650
0.00037188
0.00419733
0.00448418
0.00094141
-0.00444006
-0.00860799
-0.01040537
-0.01155136
-0.01125896
-0.00810007
-0.00191492
0.00624767
0.01279580
0.01636187
0.01650544
0.01268364
0.00511183
-0.00347541
-0.01200402
-0.01915032
-0.02327310
-0.02320784
-0.01989233
-0.01429108
-0.00868593
-0.00378890
0.00006409
0.00255848
0.00446896
0.00679687
0.00637723
0.00075700
-0.00651812
-0.01286568
-0.01640785
-0.01775287
-0.01819889
-0.01800339
-0.01637465
-0.01283043
-0.00897221
-0.00691144
-0.00604832
-0.00652666
-0.00893138
-0.01201100
-0.01378218
-0.01461774
-0.01460917
-0.01342302
-0.01190705
-0.01127996
-0.01060515
-0.00948725
-0.00909516
-0.00989762
-0.01160957
-0.01351192
-0.01437136
-0.01293042
-0.01017477
-0.00854667
-0.00678636
-0.00407260
-0.00249834
-0.00211896
-0.00110297
0.00040563
0.00183356
0.00318130
0.00457468
0.00622224
0.00822059
0.01030962
0.01166376
0.01222185
0.01305117
0.01345978
0.01236752
0.01017680
0.00734247
0.00443373
0.00163941
-0.00090815
-0.00332897
-0.00545961
-0.00674645
-0.00736501
-0.00802507
-0.00802570
-0.00712186
-0.00676667
-0.00744299
-0.00843785
-0.00892769
-0.00818495
-0.00635519
-0.00265372
0.00360052
0.01067625
0.01602691
0.01970161
0.02094855
0.01870416
0.01387237
0.00909983
0.00552199
0.00337252
0.00176183
0.00051495
-0.00045492
-0.00127320
-0.00260886
-0.00573067
-0.00961325
-0.01180518
-0.01329176
-0.01470753
-0.01411297
-0.01127098
-0.00816379
-0.00497534
-0.00183051
0.00040093
0.00198983
0.00449824
0.00812299
0.01225517
0.01607452
0.01877050
0.01989288
0.01832718
0.01385850
0.00836790
0.00312517
-0.00195355
-0.00682954
-0.01137090
-0.01554509
-0.01896587
-0.02087195
-0.02132572
-0.02126829
-0.02041473
-0.01813697
-0.01443751
-0.01032143
-0.00793638
-0.00669992
-0.00553095
-0.00458745
-0.00387635
-0.00263283
0.00063471
0.00650725
0.01226953
0.01625906
0.01887310
0.01920813
0.01660920
0.01208250
0.00694346
0.00273861
-0.00165945
-0.00805625
-0.01462110
-0.01901950
-0.02090012
-0.02085107
-0.02071803
-0.01970817
-0.01675036
-0.01250171
-0.00812492
-0.00549803
-0.00449730
-0.00430514
-0.00507508
-0.00578341
-0.00367018
0.00062992
0.00456163
0.00798254
0.01089098
0.01277941
0.01286190
0.01073457
0.00651628
0.00085442
-0.00503015
-0.00995197
-0.01279082
-0.01425924
-0.01528921
-0.01494289
-0.01273399
-0.01005284
-0.00831981
-0.00849485
-0.00897105
-0.00897379
-0.00972303
-0.01010693
-0.00835939
-0.00617904
-0.00540202
-0.00570480
-0.00637232
-0.00634508
-0.00622128
-0.00611751
-0.00426304
-0.00072287
0.00178604
0.00316512
0.00371259
0.00250558
-0.00061797
-0.00373278
-0.00613040
-0.00780656
-0.00999535
-0.01263504
-0.01308006
-0.01068933
-0.00681386
-0.00200734
0.00306131
0.00743076
0.01061731
0.01270708
0.01388119
0.01433611
0.01393279
0.01360020
0.01539882
0.01753929
0.01741115
0.01649368
0.01557655
0.01370302
0.01126437
0.00956429
0.00877887
0.00894484
0.00983671
0.00968629
0.00616423
0.00101020
-0.00330125
-0.00662664
-0.00923773
-0.01164816
-0.01338786
-0.01399207
-0.01392245
-0.01315401
-0.01142943
-0.00939497
-0.00802260
-0.00682526
-0.00512241
-0.00266368
0.00033570
0.00312115
0.00519666
0.00620094
0.00630900
0.00572549
0.00520280
0.00551969
0.00669427
0.00713717
0.00609460
0.00405745
0.00181847
0.00002392
-0.00184191
-0.00369650
-0.00476271
-0.00547263
-0.00628953
-0.00619864
-0.00483464
-0.00344156
-0.00218249
-0.00092063
0.00036664
0.00173960
0.00319743
0.00469523
0.00602423
0.00682811
0.00676551
0.00590335
0.00401822
0.00116452
-0.00240333
-0.00586439
-0.00790748
-0.00817620
-0.00778269
-0.00767466
-0.00829718
-0.00857511
-0.00859409
-0.00971565
-0.01088329
-0.01076038
-0.01054757
-0.01023432
-0.00803688
-0.00496913
-0.00303727
-0.00142193
0.00064713
0.00292977
0.00610604
0.01068163
0.01501781
0.01772314
0.01935193
0.01979451
0.01895890
0.01709161
0.01456570
0.01169705
0.00853777
0.00538209
0.00303884
0.00177287
0.00010035
-0.00222028
-0.00376780
-0.00397698
-0.00295114
-0.00151968
-0.00013776
0.00121055
0.00241052
0.00320404
0.00339393
0.00335748
0.00422616
0.00494660
0.00384345
0.00257667
0.00219973
0.00096968
-0.00186997
-0.00563197
-0.00893805
-0.01144129
-0.01546621
-0.02076344
-0.02437101
-0.02639113
-0.02748201
-0.02700305
-0.02443888
-0.02063268
-0.01658903
-0.01309503
-0.00890858
-0.00372617
0.00060892
0.00363170
0.00576924
0.00782815
0.00991927
0.01112838
0.01175736
0.01287225
0.01411339
0.01509446
0.01609557
0.01778089
0.02044285
0.02222142
0.02161801
0.02005961
0.01736457
0.01251831
0.00602622
-0.00051787
-0.00553371
-0.00843177
-0.01019142
-0.01074145
-0.00996607
-0.00795402
-0.00436115
0.00072833
0.00668851
0.01224960
0.01742800
0.02220583
0.02613882
0.02818299
0.02781954
0.02642811
0.02545796
0.02516096
0.02544950
0.02597397
0.02671652
0.02720486
0.02617854
0.02341879
0.02014496
0.01600334
0.01094880
0.00654172
0.00381944
0.00255781
0.00192322
0.00101601
0.00067954
0.00134950
0.00210385
0.00363497
0.00669555
0.01014113
0.01339127
0.01726614
0.02149042
0.02478844
0.02621344
0.02582783
0.02554558
0.02486867
0.02185710
0.01621680
0.00897843
0.00256720
-0.00192143
-0.00499694
-0.00748906
-0.01014670
-0.01246212
-0.01405711
-0.01530132
-0.01607313
-0.01649097
-0.01728289
-0.01875146
-0.02022736
-0.02144872
-0.02219040
-0.02216735
-0.02084494
-0.01788516
-0.01362506
-0.00946491
-0.00595760
-0.00362698
-0.00289697
-0.00411153
-0.00660407
-0.00930330
-0.01069028
-0.00979044
-0.00713869
-0.00538168
-0.00488722
-0.00523743
-0.00623757
-0.00756922
-0.00859820
-0.00918366
-0.00959985
-0.01039808
-0.01163269
-0.01222658
-0.01173982
-0.01030588
-0.00811710
-0.00567624
-0.00393985
-0.00325774
-0.00327560
-0.00366805
-0.00398099
-0.00387426
-0.00420808
-0.00664103
-0.00988247
-0.01154858
-0.01191765
-0.01143376
-0.01058988
-0.00971677
-0.00922866
-0.00888689
-0.00883253
-0.00982114
-0.01098504
-0.01039696
-0.00906709
-0.00847014
-0.00854026
-0.00829076
-0.00645140
-0.00466717
-0.00544586
-0.00888682
-0.01381669
-0.01707148
-0.01837372
-0.01883841
-0.01932087
-0.01999477
-0.02012318
-0.02031870
-0.02172982
-0.02335363
-0.02467166
-0.02709025
-0.03004408
-0.03132751
-0.03174326
-0.03206594
-0.03057147
-0.02665124
-0.02201853
-0.01620379
-0.00900601
-0.00225019
0.00301281
0.00741082
0.01055604
0.01201005
0.01197040
0.01110896
0.01089547
0.01168354
0.01301741
0.01447838
0.01560434
0.01616062
0.01608852
0.01560408
0.01441618
0.01263752
0.01143024
0.01079130
0.00919792
0.00696802
0.00494896
0.00263747
0.00008413
-0.00142914
-0.00122509
0.00046165
0.00260896
0.00469183
0.00746985
0.01052909
0.01248171
0.01380283
0.01526237
0.01676695
0.01809373
0.01911744
0.01995488
0.02114153
0.02347601
0.02621554
0.02671240
0.02529132
0.02324822
0.02000610
0.01554412
0.01166188
0.00955387
0.00917266
0.00761480
0.00425124
0.00335658
0.00501794
0.00621086
0.00607307
0.00463583
0.00297591
0.00151269
0.00035161
-0.00018992
0.00006226
0.00074430
0.00148260
0.00188371
0.00251890
0.00391730
0.00534196
0.00596413
0.00529713
0.00367636
0.00200271
0.00064584
0.00017409
0.00122111
0.00349149
0.00554758
0.00600771
0.00429182
0.00172711
-0.00135403
-0.00471130
-0.00795578
-0.01070781
-0.01280478
-0.01432429
-0.01562231
-0.01633487
-0.01616138
-0.01563991
-0.01537688
-0.01589855
-0.01618384
-0.01515372
-0.01356457
-0.01182745
-0.00983006
-0.00774943
-0.00564486
-0.00279158
0.00067642
0.00305041
0.00430949
0.00529542
0.00595186
0.00644556
0.00758316
0.00929475
0.01074492
0.01135500
0.01070021
0.00897720
0.00673763
0.00508519
0.00376190
0.00233497
0.00110758
0.00058181
0.00104954
0.00189737
0.00237100
0.00284921
0.00322410
0.00271543
0.00201507
0.00220059
0.00279213
0.00292823
0.00192684
0.00084898
0.00114894
0.00124837
-0.00003482
-0.00162047
-0.00311393
-0.00437276
-0.00503277
-0.00484637
-0.00404049
-0.00272765
-0.00116826
0.00078821
0.00307329
0.00494846
0.00629005
0.00768532
0.00914428
0.01041963
0.01124015
0.01144133
0.01120705
0.00993903
0.00723474
0.00388051
0.00042369
-0.00303865
-0.00651993
-0.00955075
-0.01061203
-0.00932320
-0.00820721
-0.00817636
-0.00892901
-0.00933233
-0.00859390
-0.00757586
-0.00601099
-0.00320608
-0.00037630
0.00128876
0.00275878
0.00431085
0.00529362
0.00487982
0.00287760
0.00072664
-0.00096652
-0.00276048
-0.00422006
-0.00493026
-0.00590270
-0.00749110
-0.00859646
-0.00858181
-0.00763224
-0.00720760
-0.00853385
-0.01109970
-0.01335157
-0.01322772
-0.01173221
-0.01001898
-0.00752818
-0.00390987
0.00020659
0.00369979
0.00609089
0.00899385
0.01243710
0.01456725
0.01538937
0.01563882
0.01564170
0.01531974
0.01447677
0.01331305
0.01220434
0.01086639
0.00869050
0.00519396
0.00078518
-0.00339107
-0.00729748
-0.01064874
-0.01253865
-0.01293004
-0.01301414
-0.01375592
-0.01490118
-0.01409844
-0.01154067
-0.00977123
-0.00723849
-0.00249034
0.00220011
0.00554424
0.00780862
0.00919349
0.00975249
0.00877791
0.00654496
0.00535331
0.00540692
0.00570104
0.00496272
0.00321044
0.00271455
0.00326129
0.00327513
0.00330524
0.00325252
0.00114749
-0.00285430
-0.00620204
-0.00839435
-0.00917450
-0.00789492
-0.00429806
0.00031162
0.00523516
0.00968629
0.01347247
0.01594231
0.01616438
0.01485138
0.01393641
0.01361297
0.01334625
0.01236615
0.01084170
0.00985949
0.00992198
0.01085296
0.01124952
0.01070025
0.00987566
0.00926192
0.00888452
0.00782465
0.00575768
0.00377907
0.00303367
0.00412888
0.00545303
0.00546924
0.00387040
0.00167166
0.00060888
0.00018026
-0.00108975
-0.00462619
-0.00990441
-0.01432363
-0.01760819
-0.02010891
-0.02211104
-0.02369401
-0.02495902
-0.02533291
-0.02446041
-0.02304880
-0.02140532
-0.01940488
-0.01725188
-0.01519897
-0.01265563
-0.00957178
-0.00703833
-0.00425168
0.00040323
0.00614440
0.01181507
0.01712987
0.02166982
0.02500396
0.02731635
0.02893781
0.02965310
0.02893828
0.02677507
0.02356464
0.02034574
0.01783868
0.01576051
0.01262765
0.00883888
0.00582955
0.00365265
0.00215693
0.00111915
0.00079683
0.00115407
0.00109674
-0.00016408
-0.00156163
-0.00254074
-0.00318208
-0.00381284
-0.00445565
-0.00414501
-0.00275551
-0.00183513
-0.00175673
-0.00204380
-0.00138406
0.00044289
0.00144880
0.00194176
0.00342739
0.00567620
0.00761815
0.00780550
0.00597829
0.00337060
0.00001817
-0.00405048
-0.00824407
-0.01191595
-0.01432184
-0.01508643
-0.01479036
-0.01522746
-0.01693521
-0.01825608
-0.01849753
-0.01778024
-0.01707812
-0.01687392
-0.01626526
-0.01492038
-0.01298202
-0.01023868
-0.00704426
-0.00486366
-0.00366117
-0.00182898
0.00107208
0.00440788
0.00637292
0.00631382
0.00578720
0.00468858
0.00297007
0.00174553
0.00133813
0.00053151
-0.00039331
0.00005362
0.00075973
0.00172521
0.00218863
0.00212629
0.00210011
0.00207031
0.00183100
0.00129568
0.00072436
0.00070709
0.00073338
0.00066744
0.00240085
0.00633587
0.00976419
0.01279879
0.01610721
0.01842306
0.01892578
0.01860743
0.01847218
0.01940510
0.02032419
0.01983531
0.01793755
0.01496569
0.01204518
0.00939893
0.00721458
0.00582865
0.00518270
0.00453310
0.00475471
0.00654862
0.00846176
0.00945295
0.00973074
0.00911191
0.00743514
0.00459146
0.00102787
-0.00178693
-0.00338084
-0.00422847
-0.00492960
-0.00564773
-0.00538240
-0.00412614
-0.00328508
-0.00329950
-0.00387143
-0.00391138
-0.00331688
-0.00349581
-0.00411298
-0.00448275
-0.00538111
-0.00736452
-0.00975415
-0.01156898
-0.01199283
-0.01243095
-0.01314314
-0.01177438
-0.00869930
-0.00658853
-0.00541103
-0.00505888
-0.00627980
-0.00895488
-0.01144002
-0.01294406
-0.01273765
-0.01045957
-0.00690756
-0.00453383
-0.00252364
0.00009236
0.00136828
0.00038541
-0.00130375
-0.00425043
-0.00881492
-0.01326516
-0.01648292
-0.01886292
-0.01998670
-0.01972263
-0.01967727
-0.02081884
-0.02208966
-0.02275623
-0.02272203
-0.02313505
-0.02433152
-0.02416719
-0.02278954
-0.02230985
-0.02164122
-0.01933975
-0.01621727
-0.01279589
-0.00948159
-0.00630941
-0.00332546
-0.00064524
0.00174622
0.00416293
0.00626154
0.00785383
0.00982413
0.01248631
0.01475798
0.01621590
0.01670054
0.01585223
0.01368724
0.01127064
0.00911548
0.00752442
0.00621530
0.00525548
0.00555497
0.00695328
0.00794399
0.00853938
0.00903088
0.00929183
0.00931577
0.00933983
0.00923682
0.00922040
0.01040541
0.01275362
0.01424134
0.01502200
0.01576518
0.01570916
0.01436406
0.01240225
0.01007088
0.00787358
0.00663438
0.00627081
0.00514141
0.00350832
0.00283530
0.00270449
0.00244725
0.00204880
0.00174861
0.00178187
0.00171052
0.00119693
0.00087248
0.00101867
0.00135122
0.00164849
0.00178544
0.00195016
0.00207968
0.00173763
0.00106828
0.00045446
-0.00012529
-0.00076756
-0.00145598
-0.00203545
-0.00217270
-0.00155946
-0.00035652
0.00041465
0.00057521
0.00053762
0.00041994
0.00023351
-0.00007368
-0.00040684
-0.00049135
-0.00033702
-0.00006616
0.00020125
0.00047922
0.00085286
0.00132871
0.00171642
0.00161137
0.00085721
-0.00010658
-0.00106039
-0.00178722
-0.00230432
-0.00260189
-0.00262359
-0.00255200
-0.00265379
-0.00268141
-0.00242985
-0.00206506
-0.00159985
-0.00106129
-0.00066031
-0.00053875
-0.00052674
-0.00052539
-0.00050446
-0.00057947
-0.00081358
-0.00103033
-0.00113458
-0.00116458
-0.00126657
-0.00153599
-0.00178622
-0.00193135
-0.00206882
-0.00222959
-0.00240096
-0.00252602
-0.00258664
-0.00263492
-0.00265971
-0.00261268
-0.00245448
-0.00221275
-0.00203001
-0.00192433
-0.00183016
-0.00170135
-0.00153443
-0.00140036
-0.00130787
-0.00121284
-0.00110888
-0.00101566
-0.00097538
-0.00099396
-0.00102488
-0.00105631
-0.00108569
-0.00111878
-0.00115264
-0.00116423
-0.00115174
-0.00111573
-0.00104706
-0.00095660
-0.00088976
-0.00085334
-0.00083290
-0.00081064
-0.00077391
-0.00072337
-0.00066827
-0.00062154
-0.00057821
-0.00053263
-0.00048737
-0.00043956
-0.00038541
-0.00033396
-0.00029514
-0.00026478
-0.00023855
-0.00021156
-0.00018288
-0.00015101
-0.00011447
-0.00007354
-0.00003103
0.00001280
0.00005796
0.00010295
0.00014642
0.00018853
0.00023001
0.00027188
0.00031351
0.00035446
0.00039530
0.00043599
0.00047591
0.00051529
0.00055443
0.00059324
0.00063164
0.00066970
0.00070747
0.00074504
0.00078232
0.00081929
0.00085591
0.00089217
0.00092808
0.00096362
0.00099879
0.00103359
0.00106800
0.00110203
