-0.00051948
-0.00050856
-0.00049300
-0.00047459
-0.00046271
-0.00046587
-0.00048662
-0.00051533
-0.00053547
-0.00054469
-0.00055935
-0.00056885
-0.00055188
-0.00048834
-0.00039206
-0.00031994
-0.00028128
-0.00025307
-0.00021681
-0.00015966
-0.00009045
-0.00003838
-0.00003100
-0.00001358
0.00005225
0.00011218
0.00019519
0.00037595
0.00050226
0.00039320
0.00014056
-0.00009475
-0.00013205
-0.00007448
-0.00016378
-0.00027718
-0.00025591
-0.00010483
0.00015661
0.00044723
0.00072091
0.00092127
0.00098467
0.00096222
0.00107984
0.00119512
0.00107377
0.00094417
0.00105141
0.00137099
0.00184260
0.00229075
0.00258882
0.00264488
0.00248027
0.00216651
0.00189834
0.00171358
0.00153344
0.00118161
0.00067426
0.00042828
0.00020789
-0.00058146
-0.00129577
-0.00130332
-0.00135491
-0.00161398
-0.00137550
-0.00076683
-0.00034098
-0.00020872
-0.00015718
0.00041734
0.00181726
0.00375882
0.00548998
0.00610345
0.00544926
0.00370799
0.00195674
0.00079093
0.00050707
0.00048616
0.00018156
-0.00024888
-0.00046632
-0.00019998
-0.00019018
-0.00107110
-0.00219015
-0.00287762
-0.00268617
-0.00143507
0.00029829
0.00119501
0.00087256
0.00100443
0.00146400
0.00109015
0.00009194
-0.00103237
-0.00222547
-0.00322607
-0.00349652
-0.00253605
-0.00027157
0.00266528
0.00517223
0.00593062
0.00472996
0.00283952
0.00126478
0.00014602
-0.00236688
-0.00624385
-0.00886515
-0.01019929
-0.01094066
-0.01044780
-0.00866079
-0.00703505
-0.00558964
-0.00371635
-0.00178645
-0.00005590
0.00193260
0.00411347
0.00577922
0.00718882
0.00884098
0.01059252
0.01174490
0.01129404
0.00857788
0.00423269
-0.00003709
-0.00270473
-0.00432459
-0.00494696
-0.00458713
-0.00348483
-0.00219135
-0.00074043
0.00055359
0.00084993
-0.00070137
-0.00418323
-0.00843814
-0.01164459
-0.01244823
-0.01029106
-0.00647651
-0.00118546
0.00458737
0.00884880
0.01039655
0.01021233
0.00897575
0.00798270
0.00765559
0.00811621
0.00917657
0.01055546
0.01157683
0.01174319
0.01085931
0.00933753
0.00689399
0.00306784
-0.00127930
-0.00489923
-0.00824766
-0.01095698
-0.01145045
-0.01006543
-0.00866329
-0.00758135
-0.00706106
-0.00750959
-0.00854794
-0.00891380
-0.00837282
-0.00681647
-0.00385446
0.00072048
0.00605666
0.01146643
0.01575915
0.01776485
0.01760517
0.01771860
0.01736577
0.01503972
0.01235358
0.01056517
0.00877779
0.00698090
0.00581363
0.00451360
0.00260316
0.00127493
0.00073765
-0.00036175
-0.00171363
-0.00247650
-0.00241500
-0.00209828
-0.00296827
-0.00449767
-0.00474486
-0.00285840
0.00048359
0.00220588
0.00264865
0.00462461
0.00646907
0.00620231
0.00542841
0.00463459
0.00306902
0.00143646
0.00081711
0.00055666
0.00027932
0.00024092
-0.00072973
-0.00405640
-0.00808655
-0.01069416
-0.01133294
-0.01102003
-0.01215782
-0.01395877
-0.01447637
-0.01276504
-0.00928026
-0.00688025
-0.00572972
-0.00528519
-0.00595793
-0.00734183
-0.00745611
-0.00662920
-0.00631993
-0.00573021
-0.00379944
-0.00068994
0.00269642
0.00444481
0.00406987
0.00182532
-0.00159685
-0.00605133
-0.01123469
-0.01651363
-0.02082873
-0.02385160
-0.02452377
-0.02166699
-0.01625674
-0.01148280
-0.00830388
-0.00679639
-0.00598354
-0.00614850
-0.00743602
-0.00808719
-0.00663859
-0.00396409
-0.00037034
0.00369746
0.00723626
0.00975205
0.01248694
0.01502515
0.01534390
0.01413341
0.01295168
0.01175555
0.01030663
0.00871404
0.00738685
0.00700332
0.00794125
0.00928645
0.00828864
0.00490700
0.00110014
-0.00204113
-0.00409343
-0.00575721
-0.00605388
-0.00374433
-0.00040518
0.00229905
0.00474793
0.00695856
0.00854969
0.00948929
0.00998454
0.01040336
0.01071957
0.01085177
0.01221862
0.01563134
0.01850607
0.01880375
0.01656337
0.01180863
0.00590428
0.00099696
-0.00146855
-0.00207527
-0.00186402
-0.00232308
-0.00254736
-0.00219975
-0.00303256
-0.00520329
-0.00723219
-0.00783412
-0.00643791
-0.00432282
-0.00216902
-0.00027181
0.00175162
0.00407257
0.00573770
0.00684270
0.00877182
0.01174940
0.01481125
0.01592205
0.01427463
0.01191070
0.00888247
0.00501158
0.00041748
-0.00459823
-0.00928894
-0.01354818
-0.01743772
-0.02032897
-0.02186339
-0.02276065
-0.02311174
-0.02294854
-0.02237584
-0.02155332
-0.02067823
-0.01934853
-0.01708390
-0.01501207
-0.01372715
-0.01102068
-0.00643685
-0.00218283
0.00146777
0.00440059
0.00570783
0.00576650
0.00688171
0.00802192
0.00770327
0.00749374
0.00814050
0.00850694
0.00740090
0.00448921
0.00189358
0.00097279
0.00055147
0.00003168
-0.00095990
-0.00193378
-0.00261894
-0.00340438
-0.00375817
-0.00285530
-0.00138277
-0.00023634
0.00018912
-0.00031056
-0.00162500
-0.00367144
-0.00609070
-0.00803253
-0.00904924
-0.00906463
-0.00776286
-0.00525264
-0.00265654
-0.00078226
-0.00015557
-0.00078936
-0.00249540
-0.00522338
-0.00848161
-0.01081057
-0.01224969
-0.01295634
-0.01204093
-0.00939527
-0.00690321
-0.00495318
-0.00348769
-0.00224687
-0.00115147
-0.00036970
0.00025630
0.00092202
0.00103219
0.00061783
0.00093548
0.00142921
0.00072768
-0.00076818
-0.00264303
-0.00495990
-0.00723149
-0.00845669
-0.00846049
-0.00764680
-0.00708205
-0.00677952
-0.00616139
-0.00560337
-0.00526868
-0.00430018
-0.00239199
-0.00012504
0.00197011
0.00353372
0.00491053
0.00603284
0.00641994
0.00585436
0.00437777
0.00229629
0.00008808
-0.00139269
-0.00221335
-0.00288897
-0.00375373
-0.00437001
-0.00359402
-0.00173273
-0.00011638
0.00049545
0.00060830
0.00237811
0.00502119
0.00668580
0.00862649
0.01115221
0.01201953
0.01160237
0.01189091
0.01213612
0.01183636
0.01230588
0.01344040
0.01395045
0.01396682
0.01474858
0.01813946
0.02309439
0.02514657
0.02455361
0.02266781
0.01887877
0.01298938
0.00670561
0.00044397
-0.00520542
-0.00924235
-0.01136255
-0.01289974
-0.01351689
-0.01278397
-0.01142542
-0.01020776
-0.00955082
-0.00965084
-0.00995792
-0.00859933
-0.00442181
0.00085340
0.00628837
0.01106670
0.01452392
0.01658904
0.01828622
0.01936436
0.01858783
0.01541853
0.01033625
0.00497905
0.00060354
-0.00222946
-0.00389001
-0.00568569
-0.00886244
-0.01316678
-0.01607774
-0.01747410
-0.01838921
-0.01842997
-0.01757899
-0.01697538
-0.01673239
-0.01647922
-0.01665402
-0.01689702
-0.01536224
-0.01190938
-0.00859314
-0.00650676
-0.00592205
-0.00538681
-0.00451097
-0.00390249
-0.00304238
-0.00129871
0.00080933
0.00231941
0.00210974
0.00070821
-0.00056554
-0.00173446
-0.00300996
-0.00443885
-0.00591156
-0.00711894
-0.00765809
-0.00740827
-0.00694579
-0.00667276
-0.00658463
-0.00527595
-0.00161518
0.00340813
0.00921989
0.01472440
0.01835452
0.01942305
0.02000311
0.02043848
0.01967155
0.01839258
0.01735586
0.01527655
0.01209672
0.00997186
0.00853615
0.00653579
0.00393798
0.00153028
0.00073115
0.00034241
-0.00178629
-0.00422499
-0.00519589
-0.00438140
-0.00179551
0.00145151
0.00399499
0.00487306
0.00478611
0.00437917
0.00431723
0.00377688
0.00267686
0.00354097
0.00682826
0.00979751
0.01132899
0.01151741
0.01237785
0.01405184
0.01382613
0.01190635
0.00997892
0.00886411
0.00844786
0.00739228
0.00584910
0.00488007
0.00499693
0.00601404
0.00645619
0.00585778
0.00452185
0.00265305
0.00055453
-0.00142114
-0.00369051
-0.00689138
-0.01008765
-0.01211589
-0.01319574
-0.01278215
-0.01028331
-0.00690918
-0.00452555
-0.00295774
-0.00159947
0.00039337
0.00312348
0.00587533
0.00711196
0.00676414
0.00753000
0.00924197
0.01008935
0.00927187
0.00703632
0.00537866
0.00476226
0.00446042
0.00381699
0.00246663
0.00095238
-0.00042614
-0.00155956
-0.00233473
-0.00284985
-0.00354963
-0.00417080
-0.00384642
-0.00301046
-0.00238490
-0.00157272
-0.00086600
-0.00160680
-0.00400075
-0.00733073
-0.01085606
-0.01437576
-0.01829066
-0.02159583
-0.02301651
-0.02391175
-0.02512792
-0.02535525
-0.02380294
-0.02058774
-0.01583272
-0.01035497
-0.00580552
-0.00205450
0.00233514
0.00610182
0.00788602
0.00876969
0.00941421
0.01009909
0.01035211
0.01015215
0.01104887
0.01338108
0.01540016
0.01733703
0.01970697
0.02176892
0.02297797
0.02346968
0.02302946
0.02154107
0.01906057
0.01600532
0.01351493
0.01102715
0.00768149
0.00479157
0.00348508
0.00323662
0.00410069
0.00585168
0.00780554
0.00966733
0.01202164
0.01441620
0.01552070
0.01486960
0.01290618
0.01132393
0.01034232
0.00891460
0.00642416
0.00269699
-0.00152452
-0.00613928
-0.01126941
-0.01634864
-0.02050431
-0.02342782
-0.02482767
-0.02514078
-0.02550568
-0.02675227
-0.02708170
-0.02481765
-0.01991145
-0.01223602
-0.00300539
0.00561330
0.01225772
0.01733911
0.02076230
0.02258611
0.02248958
0.02018604
0.01645175
0.01092382
0.00387327
-0.00302929
-0.00839961
-0.01246491
-0.01480092
-0.01539952
-0.01546741
-0.01549136
-0.01405456
-0.01194700
-0.01167518
-0.01202075
-0.01154319
-0.01101137
-0.00982189
-0.00630509
-0.00048043
0.00642081
0.01250557
0.01591269
0.01555086
0.01162388
0.00600894
0.00110611
-0.00201522
-0.00406141
-0.00512583
-0.00603388
-0.00870984
-0.01287895
-0.01515342
-0.01802634
-0.02481939
-0.03196348
-0.03623710
-0.03778598
-0.03882496
-0.04232146
-0.04646856
-0.04932980
-0.05108084
-0.05135137
-0.04978800
-0.04595226
-0.04025756
-0.03474942
-0.02968185
-0.02449735
-0.02091826
-0.01989866
-0.01895768
-0.01715575
-0.01527568
-0.01358527
-0.01243577
-0.01218846
-0.01279732
-0.01317010
-0.01222093
-0.00943114
-0.00646158
-0.00384299
-0.00023718
0.00345234
0.00555143
0.00723291
0.00959591
0.01237817
0.01456960
0.01546328
0.01733582
0.02261932
0.03090148
0.04097338
0.04986601
0.05658239
0.06079043
0.06291106
0.06278927
0.06108875
0.05932862
0.05880611
0.05793520
0.05587820
0.05344576
0.04969675
0.04396645
0.03804906
0.03300908
0.02814097
0.02318256
0.01855312
0.01603766
0.01664311
0.01865953
0.02251379
0.02839648
0.03367431
0.03636681
0.03815466
0.03972604
0.04106268
0.04172284
0.04142813
0.04079285
0.03930926
0.03601575
0.03203172
0.02939832
0.02857806
0.02817419
0.02458790
0.01813824
0.01092495
0.00329081
-0.00474324
-0.01299613
-0.02231009
-0.03262162
-0.04011915
-0.04268776
-0.04383820
-0.04372557
-0.04142930
-0.03738955
-0.03225169
-0.02650998
-0.02033540
-0.01429285
-0.00918869
-0.00536549
-0.00164705
0.00170887
0.00336394
0.00357967
0.00388474
0.00590512
0.00925101
0.01054772
0.00943122
0.00687842
0.00322370
-0.00123553
-0.00577038
-0.00990653
-0.01316773
-0.01550444
-0.01669151
-0.01627745
-0.01407896
-0.01125752
-0.00966145
-0.01041003
-0.01165362
-0.01273513
-0.01433851
-0.01699129
-0.02046564
-0.02304038
-0.02356087
-0.02263698
-0.02081370
-0.01929112
-0.01897651
-0.01959349
-0.01910104
-0.01746764
-0.01624121
-0.01603045
-0.01698840
-0.01845348
-0.02064299
-0.02400525
-0.02805708
-0.03186525
-0.03507962
-0.03757650
-0.03964527
-0.04115883
-0.04184888
-0.04124134
-0.03983057
-0.03978218
-0.04078587
-0.04133763
-0.04187224
-0.04274591
-0.04336061
-0.04364994
-0.04383680
-0.04323843
-0.04101326
-0.03711487
-0.03254430
-0.02976635
-0.02900180
-0.02917662
-0.02884896
-0.02800597
-0.02849138
-0.03010567
-0.03143391
-0.03154109
-0.02969741
-0.02609199
-0.02121669
-0.01620603
-0.01055864
-0.00416492
0.00141332
0.00534687
0.00804696
0.01083250
0.01482327
0.01908367
0.02297120
0.02650732
0.02982244
0.03276780
0.03420785
0.03415844
0.03473361
0.03491490
0.03260757
0.02823418
0.02300528
0.01877256
0.01657224
0.01647904
0.01760693
0.01896006
0.02047453
0.02248097
0.02509695
0.02757785
0.02965080
0.03330289
0.03969254
0.04759413
0.05642407
0.06526624
0.07372359
0.08135477
0.08753006
0.09180370
0.09424376
0.09478106
0.09261399
0.08636805
0.07217345
0.04857177
0.02230927
0.00070360
-0.01883343
-0.03645477
-0.04962355
-0.05750215
-0.06168257
-0.06522021
-0.06893184
-0.07080148
-0.06917605
-0.06371141
-0.05610269
-0.04679136
-0.03401778
-0.01683474
0.00345959
0.02624354
0.04840973
0.06361378
0.07032547
0.07383547
0.07436822
0.07248008
0.07090685
0.07077501
0.07130636
0.07217153
0.07300501
0.07361745
0.07322229
0.07034460
0.06529835
0.05947793
0.05177468
0.04139389
0.03008183
0.01843232
0.00730571
-0.00129001
-0.00581616
-0.00764337
-0.00775531
-0.00789995
-0.00850862
-0.00912029
-0.00797294
-0.00449088
-0.00070137
0.00392823
0.00977962
0.01448129
0.01582957
0.01380830
0.00838129
0.00033696
-0.01177886
-0.02783259
-0.04318414
-0.05658773
-0.06918945
-0.07998250
-0.08789090
-0.09357028
-0.09809660
-0.10352390
-0.10836520
-0.10992720
-0.10731290
-0.10024520
-0.09073660
-0.07852512
-0.06418048
-0.04997543
-0.03655446
-0.02139780
-0.00440024
0.01158292
0.02335696
0.02892487
0.03098200
0.03111765
0.03148570
0.03281908
0.03482571
0.03547906
0.03384335
0.03115397
0.02665167
0.01873842
0.00558919
-0.01255033
-0.03039686
-0.04659374
-0.06087704
-0.07152185
-0.07786957
-0.08232590
-0.08377618
-0.08031279
-0.07348036
-0.06570836
-0.05745175
-0.04898180
-0.04126570
-0.03476646
-0.02976271
-0.02625732
-0.02349044
-0.01929962
-0.01409477
-0.00925292
-0.00436405
0.00058257
0.00439080
0.00658864
0.00754494
0.00721253
0.00623316
0.00626157
0.00648246
0.00401233
-0.00131353
-0.00867930
-0.01767862
-0.02719965
-0.03456422
-0.03843840
-0.03917583
-0.03927605
-0.03967201
-0.03860033
-0.03650476
-0.03450077
-0.03022640
-0.02147766
-0.00946329
0.00459082
0.01801753
0.03020122
0.04049703
0.04764225
0.05050929
0.04983478
0.04539445
0.03782943
0.02854754
0.01903467
0.01158749
0.00671704
0.00378679
0.00219009
0.00238434
0.00548980
0.01048882
0.01446454
0.01829840
0.02255744
0.02536720
0.02639124
0.02720810
0.02820867
0.02912797
0.02893585
0.02746746
0.02621886
0.02583166
0.02660217
0.02824076
0.03084707
0.03464134
0.03842272
0.04037944
0.04134149
0.04241766
0.04397792
0.04664823
0.05076665
0.05539870
0.05870084
0.05899031
0.05557138
0.05035153
0.04523094
0.04219363
0.04091383
0.04097234
0.04139426
0.04098466
0.03846196
0.03420067
0.02877518
0.02300821
0.01772561
0.01390524
0.01157902
0.01033101
0.00947195
0.00848398
0.00702146
0.00583588
0.00608760
0.00804770
0.01145005
0.01448156
0.01547775
0.01275282
0.00609086
-0.00272836
-0.00845638
-0.01029461
-0.00982488
-0.00790380
-0.00438844
0.00177010
0.01019207
0.01826162
0.02428149
0.02752973
0.02928576
0.02924376
0.02655385
0.02143501
0.01398823
0.00290822
-0.01181770
-0.02623437
-0.03758773
-0.04424511
-0.04870715
-0.05187273
-0.05198778
-0.04802158
-0.04082993
-0.03140573
-0.02183587
-0.01533106
-0.01228681
-0.01010437
-0.00782445
-0.00396059
0.00350394
0.01392754
0.02286030
0.02976905
0.03510273
0.03846926
0.03931959
0.03801347
0.03424748
0.02843846
0.02142307
0.01374303
0.00592581
-0.00193638
-0.00922485
-0.01419913
-0.01547757
-0.01420737
-0.01088718
-0.00695811
-0.00351089
-0.00121287
0.00083461
0.00245236
0.00240734
0.00047681
-0.00278700
-0.00688856
-0.01042469
-0.01097683
-0.00882772
-0.00627604
-0.00402150
-0.00255794
-0.00217983
-0.00236011
-0.00212455
-0.00300047
-0.00607791
-0.00957025
-0.01311895
-0.01735452
-0.02142586
-0.02448620
-0.02746362
-0.03076305
-0.03370369
-0.03501985
-0.03349500
-0.02937088
-0.02385627
-0.01963361
-0.01685151
-0.01462391
-0.01405654
-0.01587039
-0.01857601
-0.02094059
-0.02138644
-0.01866375
-0.01298105
-0.00739378
-0.00501912
-0.00811216
-0.01640007
-0.02687310
-0.03624312
-0.04330224
-0.04993694
-0.05534278
-0.05825749
-0.05930138
-0.05950021
-0.05998592
-0.05974234
-0.05706743
-0.05296394
-0.04864335
-0.04381890
-0.03786374
-0.03057562
-0.02262361
-0.01490329
-0.00729292
0.00076300
0.00971977
0.01806099
0.02349345
0.02565493
0.02493104
0.02340442
0.02073077
0.01662755
0.01293675
0.01126149
0.01120143
0.01198724
0.01252551
0.01442208
0.01852584
0.02184198
0.02307430
0.02298985
0.02077363
0.01594165
0.00987399
0.00364181
-0.00178055
-0.00608604
-0.00933405
-0.01171410
-0.01294178
-0.01238294
-0.00924389
-0.00344675
0.00518468
0.01606135
0.02702905
0.03647102
0.04304451
0.04593650
0.04567297
0.04459286
0.04381522
0.04344170
0.04370376
0.04425695
0.04363671
0.04110162
0.03786362
0.03342409
0.02749267
0.02161972
0.01728014
0.01439155
0.01226173
0.00958339
0.00718068
0.00620197
0.00671096
0.00822192
0.00933978
0.00972795
0.01050882
0.01463266
0.02213995
0.02773592
0.03042483
0.03055298
0.02771266
0.02171432
0.01423596
0.00739202
0.00358588
0.00143556
-0.00087371
-0.00394777
-0.00729230
-0.01017042
-0.01411415
-0.02070468
-0.02943337
-0.03880572
-0.04607556
-0.05140540
-0.05557092
-0.05816915
-0.05793041
-0.05412979
-0.04733271
-0.03960912
-0.03286702
-0.02807334
-0.02466715
-0.02183044
-0.01894020
-0.01762720
-0.01810870
-0.01721269
-0.01425879
-0.01026063
-0.00649293
-0.00415761
-0.00342216
-0.00273427
0.00031972
0.00432532
0.00724762
0.00883995
0.00871464
0.00709471
0.00502598
0.00368203
0.00282541
0.00242662
0.00254313
0.00254280
0.00206943
0.00262697
0.00471981
0.00684067
0.00972987
0.01437542
0.01979147
0.02531503
0.03099816
0.03661126
0.04133369
0.04397542
0.04402363
0.04284666
0.03887756
0.03008274
0.01777163
0.00538557
-0.00291932
-0.00638029
-0.00817523
-0.00822606
-0.00610080
-0.00235444
0.00148173
0.00243904
0.00111230
-0.00100084
-0.00474115
-0.00992805
-0.01371362
-0.01457798
-0.01216950
-0.00792758
-0.00234185
0.00524394
0.01341019
0.01937598
0.02376842
0.02686883
0.02734697
0.02497623
0.02155935
0.01825724
0.01506558
0.01001716
0.00344167
-0.00176592
-0.00596906
-0.01002152
-0.01340584
-0.01552964
-0.01649047
-0.01659743
-0.01640645
-0.01591202
-0.01547412
-0.01593297
-0.01681184
-0.01723027
-0.01745595
-0.01728400
-0.01584852
-0.01251094
-0.00774068
-0.00352537
-0.00150413
-0.00153760
-0.00356981
-0.00620808
-0.00692697
-0.00432580
-0.00039128
0.00327836
0.00514446
0.00599690
0.00630597
0.00477474
0.00020584
-0.00705819
-0.01494947
-0.02101581
-0.02442218
-0.02473097
-0.02276435
-0.01896473
-0.01390455
-0.00810007
-0.00182228
0.00422224
0.00992518
0.01487897
0.01807798
0.01921420
0.01978645
0.02010726
0.02035974
0.02047639
0.02030964
0.01975225
0.01875402
0.01694655
0.01319149
0.00698438
0.00002141
-0.00652017
-0.01134012
-0.01434876
-0.01548969
-0.01494695
-0.01234503
-0.00809345
-0.00337453
0.00096178
0.00503715
0.00865291
0.01125387
0.01202489
0.01070200
0.00869243
0.00675308
0.00540233
0.00426964
0.00271677
0.00053239
-0.00216332
-0.00471507
-0.00688193
-0.00775880
-0.00554942
-0.00079584
0.00245115
0.00376051
0.00378561
0.00286716
0.00107910
-0.00118749
-0.00324348
-0.00408466
-0.00329840
-0.00113835
0.00091550
0.00329024
0.00648494
0.00916868
0.01059958
0.01158703
0.01205119
0.01194042
0.01208571
0.01229939
0.01075540
0.00748027
0.00375962
-0.00164075
-0.00883393
-0.01464775
-0.01834416
-0.02139522
-0.02360234
-0.02450242
-0.02405858
-0.02293412
-0.02271741
-0.02239872
-0.02103239
-0.02051966
-0.02121386
-0.02096325
-0.01970800
-0.01792147
-0.01489079
-0.01041240
-0.00572768
-0.00162974
0.00152569
0.00473756
0.00891311
0.01369970
0.01888891
0.02360684
0.02591192
0.02444997
0.02068201
0.01504846
0.00836860
0.00089076
-0.00645741
-0.01181720
-0.01422903
-0.01477317
-0.01454263
-0.01447363
-0.01352425
-0.01103884
-0.00788504
-0.00393018
0.00048983
0.00380640
0.00538182
0.00667901
0.00754929
0.00752761
0.00702201
0.00690845
0.00824889
0.01051708
0.01200474
0.01280130
0.01336251
0.01380310
0.01330804
0.01088975
0.00778226
0.00519335
0.00199633
-0.00292441
-0.00963152
-0.01709270
-0.02337063
-0.02730887
-0.02892506
-0.03026792
-0.03007665
-0.02679133
-0.02149891
-0.01501525
-0.00791109
-0.00072422
0.00538318
0.00925354
0.01058747
0.01112615
0.01118937
0.01022884
0.00617448
-0.00170322
-0.00983079
-0.01612097
-0.01991884
-0.02242127
-0.02499164
-0.02707809
-0.02852700
-0.03028857
-0.03311116
-0.03733793
-0.04212916
-0.04643993
-0.04919161
-0.05070231
-0.05170317
-0.05130309
-0.04891387
-0.04549537
-0.04059317
-0.03379180
-0.02554818
-0.01706888
-0.01033204
-0.00557820
-0.00145520
0.00260275
0.00728185
0.01332179
0.02052213
0.02755748
0.03443338
0.04092808
0.04573868
0.04834662
0.04976980
0.04944032
0.04704672
0.04368494
0.03899351
0.03177757
0.02372080
0.01789692
0.01413132
0.01199290
0.01081958
0.01025690
0.00971591
0.00955657
0.01044335
0.01267867
0.01556033
0.01772103
0.02030202
0.02439808
0.02911032
0.03376813
0.03780857
0.04153740
0.04459587
0.04483901
0.04142348
0.03650605
0.03059418
0.02450464
0.01944632
0.01606503
0.01375805
0.01231511
0.01129721
0.01051781
0.00918427
0.00572070
0.00032350
-0.00501133
-0.00849994
-0.00980519
-0.01133511
-0.01289789
-0.01276891
-0.01084917
-0.00716243
-0.00168027
0.00463861
0.00946459
0.01367727
0.01774093
0.01899102
0.01647505
0.01294044
0.00973299
0.00739424
0.00413989
-0.00050479
-0.00433619
-0.00746452
-0.01054467
-0.01274646
-0.01283736
-0.01029912
-0.00573445
-0.00136145
0.00173342
0.00354012
0.00565812
0.00807187
0.00977081
0.01080438
0.01149001
0.01212298
0.01213637
0.01076404
0.00908786
0.00837598
0.00796429
0.00806291
0.00948075
0.01106732
0.01121835
0.01035039
0.00867983
0.00629724
0.00305872
-0.00085324
-0.00492512
-0.00866137
-0.01168324
-0.01391703
-0.01566523
-0.01726466
-0.01882566
-0.02015175
-0.02106450
-0.02163613
-0.02238837
-0.02343357
-0.02401433
-0.02408243
-0.02409663
-0.02397603
-0.02361161
-0.02310949
-0.02294204
-0.02348569
-0.02356846
-0.02216299
-0.02007186
-0.01776232
-0.01559362
-0.01334671
-0.01139466
-0.01139442
-0.01390311
-0.01723202
-0.01999423
-0.02094658
-0.02036779
-0.01888087
-0.01777707
-0.01748537
-0.01795723
-0.01855104
-0.01824575
-0.01609682
-0.01312177
-0.01084773
-0.00806251
-0.00434132
-0.00124798
0.00083084
0.00219890
0.00313240
0.00399955
0.00509236
0.00554156
0.00411071
0.00117027
-0.00210379
-0.00393014
-0.00410653
-0.00387105
-0.00421061
-0.00508511
-0.00460208
-0.00217412
0.00099464
0.00373590
0.00532890
0.00670266
0.00810016
0.00919865
0.00983940
0.01042206
0.01212629
0.01542953
0.01941688
0.02361289
0.02729084
0.02975756
0.03076516
0.03107941
0.03074003
0.02989695
0.02888371
0.02764946
0.02586173
0.02326182
0.02025582
0.01826943
0.01769733
0.01679305
0.01581091
0.01573111
0.01642211
0.01735552
0.01765224
0.01717294
0.01638820
0.01557403
0.01456318
0.01263386
0.01043886
0.00952582
0.00838994
0.00610807
0.00524608
0.00585190
0.00489227
0.00215240
-0.00137554
-0.00464190
-0.00739588
-0.01033173
-0.01326335
-0.01543774
-0.01596880
-0.01479145
-0.01368616
-0.01299012
-0.01249216
-0.01191937
-0.01156911
-0.01257976
-0.01467145
-0.01651960
-0.01859526
-0.02117361
-0.02316703
-0.02369949
-0.02242339
-0.01930038
-0.01506404
-0.01127082
-0.00789156
-0.00360775
0.00091144
0.00465950
0.00812540
0.01079692
0.01123496
0.01000534
0.00864288
0.00697547
0.00481636
0.00260557
0.00010251
-0.00266718
-0.00417497
-0.00393672
-0.00412261
-0.00449407
-0.00376809
-0.00295013
-0.00338200
-0.00530442
-0.00860611
-0.01226005
-0.01554041
-0.01785484
-0.01923768
-0.01982715
-0.01994816
-0.01843425
-0.01441240
-0.00927814
-0.00416839
0.00000715
0.00282374
0.00433865
0.00514809
0.00587631
0.00708738
0.00833906
0.00870908
0.00798323
0.00600468
0.00292992
-0.00073181
-0.00385314
-0.00634692
-0.00808749
-0.00860585
-0.00840979
-0.00894235
-0.00930497
-0.00855243
-0.00771288
-0.00714555
-0.00656331
-0.00665023
-0.00782523
-0.00875167
-0.00833523
-0.00654175
-0.00486473
-0.00475516
-0.00398560
-0.00134191
0.00115998
0.00278892
0.00372895
0.00499263
0.00710709
0.00901319
0.01084762
0.01361100
0.01721845
0.02084992
0.02323694
0.02378855
0.02326755
0.02209469
0.02072429
0.01897520
0.01682165
0.01484092
0.01276939
0.01034033
0.00842101
0.00772995
0.00785188
0.00801731
0.00725790
0.00649831
0.00669643
0.00734563
0.00782432
0.00757452
0.00732950
0.00770661
0.00763594
0.00716229
0.00783122
0.00923732
0.01011845
0.01017712
0.00973503
0.00986362
0.00977848
0.00817844
0.00609237
0.00435610
0.00234300
0.00013543
-0.00162746
-0.00314754
-0.00465100
-0.00580529
-0.00621529
-0.00589631
-0.00584160
-0.00699171
-0.00843039
-0.00938637
-0.00974974
-0.00974313
-0.00980008
-0.00980932
-0.00953072
-0.00878623
-0.00770588
-0.00659211
-0.00504593
-0.00245604
0.00126975
0.00483636
0.00586951
0.00520200
0.00470124
0.00500393
0.00563250
0.00518034
0.00431571
0.00437318
0.00524437
0.00639071
0.00683266
0.00625961
0.00482198
0.00269200
0.00033963
-0.00133068
-0.00201926
-0.00205781
-0.00175164
-0.00151609
-0.00162502
-0.00115149
0.00140360
0.00458493
0.00615639
0.00626354
0.00505036
0.00306140
0.00138212
0.00079879
-0.00069077
-0.00321667
-0.00335841
-0.00120487
0.00073271
0.00117173
-0.00015068
-0.00164688
-0.00292695
-0.00416802
-0.00536487
-0.00651028
-0.00761808
-0.00897608
-0.01108829
-0.01444337
-0.01864120
-0.02173770
-0.02347752
-0.02569799
-0.02809364
-0.02987886
-0.03113795
-0.03175487
-0.03163817
-0.03147693
-0.03200009
-0.03219082
-0.03170897
-0.03178683
-0.03198001
-0.03135709
-0.03092585
-0.03139114
-0.03183576
-0.03118308
-0.02879099
-0.02612832
-0.02414273
-0.02116459
-0.01664294
-0.01163453
-0.00669119
-0.00221218
0.00191292
0.00525388
0.00707397
0.00746541
0.00731699
0.00758530
0.00796945
0.00678970
0.00462601
0.00295558
0.00145837
-0.00005409
-0.00110325
-0.00097435
0.00061860
0.00264399
0.00444821
0.00666183
0.00893534
0.01015801
0.01010605
0.00928168
0.00897778
0.00957312
0.01046877
0.01129678
0.01198282
0.01316463
0.01457824
0.01501220
0.01542334
0.01676947
0.01730468
0.01674114
0.01735295
0.01898979
0.02036046
0.02098137
0.02057211
0.01946630
0.01798085
0.01682654
0.01646513
0.01704396
0.01789954
0.01811757
0.01670113
0.01407230
0.01141356
0.00997446
0.00912545
0.00682224
0.00425846
0.00338329
0.00433266
0.00651676
0.00817296
0.00949707
0.01106673
0.01253112
0.01311180
0.01201409
0.00944031
0.00685053
0.00590799
0.00668457
0.00643226
0.00478161
0.00267118
0.00009316
-0.00243325
-0.00358718
-0.00414906
-0.00610404
-0.00771291
-0.00783696
-0.00894764
-0.01134611
-0.01299406
-0.01381212
-0.01429404
-0.01478048
-0.01494142
-0.01408843
-0.01321535
-0.01324820
-0.01242257
-0.01028724
-0.00894980
-0.00827526
-0.00693892
-0.00389814
0.00023046
0.00212494
0.00148783
0.00004547
-0.00193599
-0.00412110
-0.00564890
-0.00622691
-0.00613908
-0.00560704
-0.00445833
-0.00191070
0.00176559
0.00477629
0.00686551
0.00816695
0.00869072
0.00841630
0.00776680
0.00709138
0.00666107
0.00609279
0.00551376
0.00581400
0.00658283
0.00698370
0.00756270
0.00869541
0.00990406
0.01130138
0.01325402
0.01591245
0.01864790
0.01979690
0.01958630
0.01958333
0.01836898
0.01508249
0.01207919
0.01039242
0.00950464
0.00875619
0.00775711
0.00738199
0.00786520
0.00809944
0.00699273
0.00425340
0.00192673
0.00076932
-0.00085558
-0.00285532
-0.00418315
-0.00395650
-0.00163449
0.00194485
0.00568461
0.00825991
0.01078793
0.01385133
0.01576522
0.01637893
0.01688303
0.01661935
0.01532746
0.01469916
0.01468229
0.01361293
0.01276759
0.01364191
0.01471088
0.01477656
0.01384461
0.01298571
0.01314809
0.01234842
0.00938026
0.00597465
0.00304373
0.00100056
-0.00100365
-0.00365782
-0.00629845
-0.00858331
-0.01061018
-0.01285954
-0.01548084
-0.01743525
-0.01792969
-0.01716731
-0.01577065
-0.01491753
-0.01518793
-0.01656137
-0.01798067
-0.01935108
-0.02077430
-0.02198762
-0.02257969
-0.02222245
-0.02144989
-0.02150660
-0.02224513
-0.02294355
-0.02292699
-0.02244676
-0.02263080
-0.02269553
-0.02190468
-0.02148626
-0.02207117
-0.02286495
-0.02309522
-0.02215812
-0.02076440
-0.01946324
-0.01816495
-0.01678317
-0.01535142
-0.01405116
-0.01314424
-0.01270678
-0.01225103
-0.01076576
-0.00813702
-0.00493000
-0.00225259
-0.00003629
0.00292202
0.00581926
0.00760116
0.00913602
0.01104771
0.01318319
0.01492280
0.01573423
0.01641089
0.01736814
0.01787033
0.01797400
0.01833965
0.01903165
0.01964318
0.01937090
0.01845362
0.01820487
0.01839521
0.01829299
0.01749184
0.01580252
0.01358984
0.01093984
0.00794515
0.00444036
0.00067052
-0.00229829
-0.00409669
-0.00502840
-0.00565884
-0.00605289
-0.00542252
-0.00439212
-0.00454303
-0.00459914
-0.00336277
-0.00205481
-0.00155264
-0.00203632
-0.00290691
-0.00347855
-0.00416816
-0.00470351
-0.00403479
-0.00244308
-0.00091597
0.00012874
0.00017087
-0.00106709
-0.00268530
-0.00331405
-0.00376108
-0.00457323
-0.00513492
-0.00569379
-0.00690255
-0.00845707
-0.00988765
-0.01094593
-0.01136862
-0.01117978
-0.01113489
-0.01145373
-0.01070390
-0.00895984
-0.00799275
-0.00721240
-0.00585264
-0.00487113
-0.00523783
-0.00706565
-0.00881612
-0.00890690
-0.00911399
-0.00985664
-0.00891559
-0.00579309
-0.00164803
0.00165353
0.00319295
0.00438342
0.00519256
0.00514708
0.00460820
0.00448098
0.00586845
0.00832025
0.00989441
0.01038316
0.01010129
0.00941232
0.00868948
0.00833682
0.00782742
0.00659017
0.00510084
0.00373378
0.00266162
0.00194519
0.00129750
-0.00011412
-0.00242772
-0.00448928
-0.00649879
-0.00893046
-0.01099956
-0.01194699
-0.01183042
-0.01081179
-0.00945188
-0.00780639
-0.00571523
-0.00312000
-0.00092315
-0.00051119
-0.00062825
-0.00012147
-0.00026612
-0.00113135
-0.00119255
-0.00041086
0.00055520
0.00091397
0.00043840
-0.00013378
-0.00031038
-0.00008147
-0.00067884
-0.00218420
-0.00256499
-0.00237355
-0.00293325
-0.00303302
-0.00178853
-0.00012811
0.00172747
0.00358186
0.00473398
0.00514391
0.00629228
0.00869168
0.01165718
0.01432385
0.01647979
0.01964852
0.02404006
0.02791251
0.03023489
0.03059046
0.02989483
0.02868814
0.02728641
0.02560380
0.02376792
0.02239417
0.02125434
0.01891540
0.01587401
0.01326374
0.00983381
0.00514827
0.00111572
-0.00213239
-0.00557469
-0.00911185
-0.01253699
-0.01578596
-0.01808899
-0.01864252
-0.01878611
-0.01957016
-0.01940460
-0.01765529
-0.01549376
-0.01349928
-0.01200943
-0.01057804
-0.00903096
-0.00768539
-0.00699305
-0.00717870
-0.00771950
-0.00773466
-0.00636362
-0.00454773
-0.00412002
-0.00475880
-0.00599193
-0.00770960
-0.01024970
-0.01349784
-0.01602470
-0.01661123
-0.01592520
-0.01492294
-0.01472518
-0.01371745
-0.01075481
-0.00818352
-0.00685827
-0.00574286
-0.00487965
-0.00437263
-0.00378901
-0.00317969
-0.00305972
-0.00266119
-0.00133154
-0.00073354
-0.00131935
-0.00102354
0.00003096
0.00070319
0.00115558
0.00126016
0.00033284
-0.00076843
-0.00037834
0.00028765
-0.00004596
-0.00077663
-0.00110716
-0.00041413
0.00039879
0.00019004
-0.00084177
-0.00225227
-0.00320128
-0.00335377
-0.00292246
-0.00288594
-0.00310792
-0.00206029
-0.00050566
0.00019203
0.00095704
0.00231792
0.00340656
0.00374301
0.00341986
0.00335665
0.00390575
0.00384599
0.00337628
0.00377557
0.00451615
0.00500306
0.00590554
0.00726901
0.00817339
0.00825206
0.00780414
0.00803804
0.00914843
0.00954014
0.00897782
0.00801762
0.00716862
0.00663642
0.00603390
0.00587134
0.00686242
0.00808416
0.00828550
0.00718871
0.00578329
0.00616997
0.00767012
0.00883809
0.00954023
0.00999279
0.01064478
0.01082531
0.00987029
0.00861754
0.00778221
0.00735676
0.00689319
0.00577057
0.00430189
0.00289863
0.00167137
0.00072019
0.00005538
-0.00059927
-0.00119947
-0.00093618
-0.00004725
-0.00004333
-0.00089240
-0.00172152
-0.00152097
-0.00004290
0.00148137
0.00279511
0.00382057
0.00433606
0.00442427
0.00471291
0.00533945
0.00599049
0.00603888
0.00546581
0.00565198
0.00665099
0.00730988
0.00782423
0.00841802
0.00843062
0.00802948
0.00836864
0.00863804
0.00770932
0.00642170
0.00544218
0.00477009
0.00411368
0.00333120
0.00335642
0.00476949
0.00666049
0.00868834
0.01078580
0.01364691
0.01725179
0.01968755
0.01980551
0.01800803
0.01482814
0.01128470
0.00794163
0.00493000
0.00207474
0.00017128
-0.00045949
-0.00181834
-0.00440951
-0.00569798
-0.00638293
-0.00845625
-0.01013235
-0.01033756
-0.01123627
-0.01246446
-0.01193211
-0.01063407
-0.01032860
-0.01137600
-0.01284740
-0.01252719
-0.01103177
-0.00995934
-0.00945730
-0.00911929
-0.00807838
-0.00653226
-0.00538534
-0.00526879
-0.00641382
-0.00811543
-0.01047970
-0.01348967
-0.01604162
-0.01745765
-0.01886571
-0.02087977
-0.02338348
-0.02573852
-0.02715292
-0.02762153
-0.02717299
-0.02626437
-0.02524373
-0.02448740
-0.02375577
-0.02224985
-0.01901202
-0.01506112
-0.01260734
-0.00996786
-0.00674444
-0.00441312
-0.00300114
-0.00118978
0.00127154
0.00393604
0.00564266
0.00565053
0.00439955
0.00305077
0.00268322
0.00221534
0.00101269
-0.00034819
-0.00181477
-0.00337440
-0.00475036
-0.00540153
-0.00475645
-0.00292117
-0.00090313
0.00080784
0.00228650
0.00441853
0.00703453
0.00898190
0.01043234
0.01174911
0.01269410
0.01309926
0.01332345
0.01450019
0.01712444
0.01882217
0.01837619
0.01748110
0.01673185
0.01628313
0.01554480
0.01422761
0.01312123
0.01267108
0.01281206
0.01272922
0.01208437
0.01212380
0.01293528
0.01324464
0.01307044
0.01269995
0.01198949
0.01102228
0.01031587
0.00959502
0.00859905
0.00809961
0.00858174
0.00951248
0.01023107
0.01038014
0.01151823
0.01399255
0.01512561
0.01444243
0.01314335
0.01137569
0.00915502
0.00664653
0.00365288
0.00010924
-0.00338305
-0.00591163
-0.00705418
-0.00752604
-0.00922147
-0.01080714
-0.01075020
-0.01070186
-0.01124265
-0.01111157
-0.01042625
-0.00957551
-0.00781195
-0.00518741
-0.00334004
-0.00220682
-0.00097702
0.00006445
0.00031695
-0.00065109
-0.00235228
-0.00350003
-0.00431548
-0.00539256
-0.00703661
-0.00941147
-0.01224954
-0.01532731
-0.01824841
-0.02062908
-0.02199927
-0.02225736
-0.02239258
-0.02322641
-0.02327018
-0.02194223
-0.02060701
-0.01940994
-0.01813158
-0.01660824
-0.01471375
-0.01264706
-0.01111726
-0.01066193
-0.00989428
-0.00803155
-0.00634238
-0.00523329
-0.00453397
-0.00439339
-0.00457122
-0.00414324
-0.00300694
-0.00192210
-0.00099117
-0.00022911
0.00029996
0.00065983
0.00107002
0.00121296
0.00097699
0.00115886
0.00203688
0.00288041
0.00361174
0.00432146
0.00504109
0.00579423
0.00654837
0.00720960
0.00764310
0.00778166
0.00782331
0.00832646
0.00944881
0.01078925
0.01171260
0.01186732
0.01180868
0.01128560
0.00969509
0.00758352
0.00577833
0.00436915
0.00315733
0.00182350
0.00101720
0.00127927
0.00177040
0.00190144
0.00164432
0.00127314
0.00110139
0.00084536
0.00032030
-0.00023938
-0.00071457
-0.00098129
-0.00090271
-0.00054369
-0.00031743
-0.00017343
0.00019605
0.00076373
0.00144825
0.00220153
0.00278842
0.00292979
0.00320552
0.00402483
0.00463390
0.00469415
0.00450517
0.00415643
0.00377353
0.00348980
0.00325386
0.00281945
0.00219426
0.00155084
0.00104336
0.00069666
0.00033066
-0.00011796
-0.00059919
-0.00095173
-0.00106115
-0.00101045
-0.00090002
-0.00082962
-0.00058870
-0.00013024
0.00012901
0.00017181
0.00032675
0.00059203
0.00086719
0.00107459
0.00122719
0.00141000
0.00156075
0.00158700
0.00150027
0.00132548
0.00112823
0.00094854
0.00080746
0.00064436
0.00043143
0.00022802
0.00005285
-0.00008577
-0.00018128
-0.00024913
-0.00033392
-0.00042503
-0.00048537
-0.00053278
-0.00057091
-0.00056267
-0.00052924
-0.00054019
-0.00058258
-0.00061294
-0.00059610
-0.00054126
-0.00051060
-0.00051965
-0.00055846
-0.00059072
-0.00059715
-0.00058736
-0.00058756
-0.00061437
-0.00063073
-0.00062039
-0.00060804
-0.00059433
-0.00057654
-0.00057172
-0.00057788
-0.00056255
-0.00053479
-0.00052217
-0.00051084
-0.00048623
-0.00045345
-0.00042072
-0.00039740
-0.00037790
-0.00035333
-0.00032217
-0.00028741
-0.00025723
-0.00023095
-0.00020696
-0.00018788
-0.00017266
-0.00015539
-0.00013784
-0.00012480
-0.00011427
-0.00010382
-0.00009287
-0.00008147
-0.00006977
-0.00005776
-0.00004542
-0.00003281
-0.00002031
-0.00000849
0.00000297
0.00001443
0.00002575
0.00003688
0.00004786
0.00005870
0.00006941
0.00007995
0.00009029
0.00010043
0.00011039
0.00012017
0.00012977
0.00013921
0.00014848
0.00015760
0.00016657
