-0.00027197
-0.00027114
-0.00027044
-0.00026996
-0.00026982
-0.00027011
-0.00027090
-0.00027218
-0.00027381
-0.00027561
-0.00027743
-0.00027916
-0.00028063
-0.00028154
-0.00028204
-0.00028237
-0.00028251
-0.00028297
-0.00028497
-0.00028853
-0.00029320
-0.00029964
-0.00030806
-0.00031718
-0.00032632
-0.00033528
-0.00034374
-0.00035129
-0.00035758
-0.00036214
-0.00036445
-0.00036397
-0.00036034
-0.00035352
-0.00034343
-0.00032976
-0.00031251
-0.00029238
-0.00027061
-0.00024921
-0.00023062
-0.00021529
-0.00020134
-0.00018723
-0.00017277
-0.00016020
-0.00014928
-0.00013708
-0.00012987
-0.00013595
-0.00015463
-0.00018494
-0.00022841
-0.00028614
-0.00035631
-0.00042977
-0.00049596
-0.00054763
-0.00058137
-0.00059805
-0.00059594
-0.00057171
-0.00051885
-0.00044282
-0.00036349
-0.00028446
-0.00020559
-0.00014029
-0.00009657
-0.00006738
-0.00004389
-0.00001660
0.00001805
0.00005771
0.00009418
0.00012454
0.00015000
0.00015919
0.00014012
0.00009475
0.00002107
-0.00008859
-0.00023438
-0.00040529
-0.00057795
-0.00073639
-0.00088512
-0.00101607
-0.00111363
-0.00116899
-0.00118195
-0.00116584
-0.00113027
-0.00107693
-0.00099025
-0.00085495
-0.00068159
-0.00048734
-0.00029047
-0.00010825
0.00004635
0.00017247
0.00027043
0.00033363
0.00035794
0.00034433
0.00029156
0.00020008
0.00007498
-0.00007195
-0.00021935
-0.00033462
-0.00038671
-0.00037022
-0.00027816
-0.00009505
0.00017473
0.00050927
0.00088495
0.00127671
0.00166306
0.00201783
0.00231249
0.00251273
0.00258765
0.00252066
0.00229938
0.00192031
0.00142396
0.00088371
0.00035691
-0.00011913
-0.00053402
-0.00087983
-0.00115081
-0.00133690
-0.00144702
-0.00151403
-0.00153114
-0.00145819
-0.00127303
-0.00098121
-0.00063476
-0.00030215
-0.00006420
0.00002049
-0.00007123
-0.00030070
-0.00061880
-0.00098185
-0.00133491
-0.00163565
-0.00188725
-0.00207208
-0.00212986
-0.00207308
-0.00194652
-0.00173106
-0.00140004
-0.00094165
-0.00038821
0.00019941
0.00079939
0.00139475
0.00195884
0.00245972
0.00287404
0.00321908
0.00350037
0.00366469
0.00372185
0.00375566
0.00373764
0.00360820
0.00336399
0.00304746
0.00274294
0.00246486
0.00220623
0.00200589
0.00188002
0.00178627
0.00166622
0.00146371
0.00118203
0.00084313
0.00046084
0.00006968
-0.00028275
-0.00056875
-0.00077051
-0.00086861
-0.00089159
-0.00091292
-0.00092382
-0.00090595
-0.00089369
-0.00085247
-0.00066334
-0.00034615
0.00001145
0.00036388
0.00067184
0.00091395
0.00109386
0.00123804
0.00135321
0.00144266
0.00150892
0.00154974
0.00155726
0.00151836
0.00141643
0.00123543
0.00096459
0.00060754
0.00020196
-0.00019099
-0.00051305
-0.00072369
-0.00080680
-0.00071577
-0.00041040
0.00010526
0.00080246
0.00162145
0.00251346
0.00341912
0.00425209
0.00494861
0.00548652
0.00576706
0.00566934
0.00524144
0.00457390
0.00372701
0.00276243
0.00174335
0.00069144
-0.00033861
-0.00120593
-0.00182611
-0.00218819
-0.00224679
-0.00199382
-0.00149636
-0.00084342
-0.00012908
0.00063122
0.00145053
0.00231588
0.00318999
0.00401599
0.00480249
0.00554333
0.00613669
0.00650488
0.00663263
0.00647440
0.00598338
0.00511514
0.00387976
0.00237101
0.00071399
-0.00094199
-0.00250620
-0.00386244
-0.00485188
-0.00538217
-0.00544292
-0.00506922
-0.00436562
-0.00350001
-0.00266300
-0.00203204
-0.00163001
-0.00146282
-0.00160959
-0.00199627
-0.00241150
-0.00269545
-0.00271162
-0.00237372
-0.00169193
-0.00077893
0.00025817
0.00131523
0.00235313
0.00328119
0.00395921
0.00435480
0.00448985
0.00438782
0.00404922
0.00345217
0.00271420
0.00198806
0.00130289
0.00064222
-0.00003129
-0.00064205
-0.00108769
-0.00139493
-0.00155270
-0.00147172
-0.00116739
-0.00072936
-0.00021920
0.00031010
0.00081132
0.00121950
0.00148236
0.00164674
0.00176861
0.00185539
0.00194207
0.00206367
0.00219324
0.00226878
0.00223051
0.00206237
0.00179105
0.00138380
0.00082895
0.00020117
-0.00041241
-0.00093995
-0.00137925
-0.00177707
-0.00219398
-0.00260452
-0.00288501
-0.00302922
-0.00305704
-0.00292836
-0.00263172
-0.00220417
-0.00166371
-0.00104853
-0.00047693
0.00004131
0.00064624
0.00130054
0.00188961
0.00239667
0.00277410
0.00290688
0.00269634
0.00209486
0.00116933
0.00007350
-0.00099697
-0.00188162
-0.00247109
-0.00275909
-0.00280829
-0.00270045
-0.00252781
-0.00238273
-0.00232250
-0.00239943
-0.00266164
-0.00302484
-0.00329632
-0.00341713
-0.00338285
-0.00319242
-0.00289845
-0.00260169
-0.00233405
-0.00211675
-0.00202139
-0.00203258
-0.00203518
-0.00203196
-0.00207287
-0.00218576
-0.00237695
-0.00261766
-0.00287606
-0.00309813
-0.00319946
-0.00311482
-0.00282653
-0.00241708
-0.00200713
-0.00159621
-0.00123556
-0.00107592
-0.00114922
-0.00139266
-0.00176816
-0.00221803
-0.00265969
-0.00301013
-0.00318929
-0.00315406
-0.00293363
-0.00265005
-0.00238502
-0.00216422
-0.00201220
-0.00198650
-0.00221894
-0.00271075
-0.00332876
-0.00404611
-0.00485389
-0.00571292
-0.00652964
-0.00715922
-0.00756071
-0.00777693
-0.00791411
-0.00799981
-0.00795547
-0.00781102
-0.00764599
-0.00753619
-0.00751775
-0.00756632
-0.00766160
-0.00775437
-0.00775779
-0.00761674
-0.00732786
-0.00681768
-0.00599611
-0.00486296
-0.00349436
-0.00203241
-0.00064714
0.00048831
0.00131135
0.00179868
0.00192593
0.00178166
0.00154596
0.00129405
0.00107277
0.00093894
0.00094489
0.00113160
0.00151516
0.00212542
0.00305369
0.00430956
0.00578668
0.00739449
0.00900826
0.01045917
0.01163845
0.01251765
0.01306719
0.01329590
0.01324972
0.01302290
0.01275063
0.01247342
0.01219796
0.01196128
0.01180222
0.01174841
0.01173072
0.01164565
0.01150460
0.01129165
0.01091114
0.01037294
0.00976390
0.00913562
0.00856328
0.00814346
0.00786513
0.00762914
0.00737546
0.00704783
0.00659784
0.00602755
0.00538572
0.00473264
0.00414425
0.00369703
0.00345448
0.00345655
0.00370751
0.00420556
0.00500202
0.00613087
0.00758991
0.00941115
0.01162767
0.01424447
0.01720309
0.02037263
0.02361048
0.02677509
0.02979866
0.03263047
0.03521828
0.03748677
0.03935065
0.04073618
0.04161700
0.04202758
0.04192712
0.04126378
0.04006812
0.03834716
0.03604257
0.03309611
0.02948186
0.02523291
0.02038877
0.01495458
0.00901312
0.00272912
-0.00376315
-0.01033535
-0.01684446
-0.02298794
-0.02833012
-0.03254802
-0.03543170
-0.03691739
-0.03696682
-0.03561073
-0.03297253
-0.02925846
-0.02469500
-0.01967010
-0.01474710
-0.01024194
-0.00633634
-0.00311835
-0.00060491
0.00122788
0.00236608
0.00279765
0.00252276
0.00154298
-0.00010981
-0.00223302
-0.00449183
-0.00665499
-0.00850224
-0.00982633
-0.01053514
-0.01067268
-0.01033531
-0.00971935
-0.00909759
-0.00868695
-0.00863147
-0.00912648
-0.01029949
-0.01212218
-0.01456375
-0.01760472
-0.02112613
-0.02497749
-0.02911544
-0.03346829
-0.03789214
-0.04236871
-0.04694324
-0.05161296
-0.05633710
-0.06102220
-0.06554304
-0.06975402
-0.07352845
-0.07674048
-0.07926039
-0.08099220
-0.08188217
-0.08186044
-0.08088253
-0.07892585
-0.07595073
-0.07194036
-0.06693832
-0.06100938
-0.05415603
-0.04641883
-0.03794024
-0.02892819
-0.01966888
-0.01045882
-0.00161497
0.00654803
0.01374697
0.01978613
0.02459608
0.02823285
0.03086138
0.03264945
0.03378565
0.03440724
0.03460372
0.03441287
0.03387217
0.03301627
0.03172394
0.02983807
0.02726017
0.02391878
0.01981127
0.01509330
0.01008035
0.00520356
0.00094493
-0.00220419
-0.00385383
-0.00376816
-0.00190662
0.00155213
0.00617976
0.01149073
0.01689553
0.02178479
0.02559037
0.02788089
0.02848395
0.02750799
0.02514982
0.02178459
0.01795677
0.01423046
0.01114049
0.00904348
0.00813419
0.00846191
0.01006125
0.01294625
0.01701554
0.02202756
0.02760481
0.03321695
0.03819017
0.04189837
0.04379969
0.04357650
0.04117400
0.03684170
0.03107324
0.02461501
0.01817630
0.01235379
0.00746515
0.00360188
0.00062463
-0.00156517
-0.00308492
-0.00404018
-0.00444621
-0.00424950
-0.00352653
-0.00241293
-0.00096976
0.00066419
0.00224635
0.00363333
0.00473609
0.00543997
0.00569836
0.00557803
0.00522084
0.00483795
0.00456013
0.00447360
0.00461458
0.00500200
0.00564235
0.00653357
0.00763737
0.00885453
0.01016254
0.01163073
0.01325176
0.01494910
0.01659331
0.01805080
0.01920912
0.01989460
0.01992981
0.01922345
0.01772615
0.01538381
0.01210310
0.00779215
0.00240177
-0.00402113
-0.01128296
-0.01909751
-0.02707663
-0.03487543
-0.04211458
-0.04834676
-0.05317416
-0.05634056
-0.05781768
-0.05783213
-0.05671802
-0.05489861
-0.05281519
-0.05091861
-0.04961217
-0.04905849
-0.04919806
-0.04975010
-0.05030728
-0.05037617
-0.04956520
-0.04751748
-0.04386160
-0.03836104
-0.03100294
-0.02191565
-0.01149540
-0.00041061
0.01065262
0.02113967
0.03045650
0.03807062
0.04370943
0.04739908
0.04948370
0.05027371
0.05008649
0.04926013
0.04809595
0.04678477
0.04540974
0.04395636
0.04232655
0.04036655
0.03792427
0.03498568
0.03174715
0.02852574
0.02573024
0.02371475
0.02271163
0.02276194
0.02376000
0.02546586
0.02770965
0.03034307
0.03323039
0.03614688
0.03878923
0.04087406
0.04217674
0.04259901
0.04216031
0.04104968
0.03960680
0.03819665
0.03702322
0.03628684
0.03615617
0.03649770
0.03699567
0.03733882
0.03731524
0.03687495
0.03602104
0.03484214
0.03343435
0.03180318
0.02981402
0.02735516
0.02433837
0.02074847
0.01669098
0.01242433
0.00825296
0.00450433
0.00140532
-0.00101813
-0.00300992
-0.00474674
-0.00635953
-0.00810328
-0.01019421
-0.01268673
-0.01561838
-0.01901149
-0.02280678
-0.02692340
-0.03134160
-0.03604340
-0.04098453
-0.04605106
-0.05107725
-0.05589715
-0.06027684
-0.06390661
-0.06649409
-0.06782118
-0.06779895
-0.06642295
-0.06374624
-0.05988871
-0.05506465
-0.04946502
-0.04328648
-0.03672402
-0.02998982
-0.02333635
-0.01701504
-0.01126711
-0.00629002
-0.00223366
0.00082540
0.00270501
0.00326183
0.00248558
0.00035958
-0.00310157
-0.00771946
-0.01311277
-0.01873613
-0.02395760
-0.02815967
-0.03097574
-0.03230264
-0.03221528
-0.03091209
-0.02864334
-0.02565651
-0.02218675
-0.01835479
-0.01421011
-0.00975131
-0.00491919
0.00035137
0.00604665
0.01205707
0.01816755
0.02406304
0.02935141
0.03369164
0.03680507
0.03850105
0.03872346
0.03759387
0.03523486
0.03185642
0.02772367
0.02317332
0.01858154
0.01413396
0.00990267
0.00600341
0.00250339
-0.00059551
-0.00319921
-0.00517360
-0.00651395
-0.00727968
-0.00758615
-0.00765921
-0.00784282
-0.00840431
-0.00957484
-0.01152491
-0.01430841
-0.01784940
-0.02209172
-0.02696903
-0.03243589
-0.03829495
-0.04416611
-0.04988677
-0.05530803
-0.06001583
-0.06365189
-0.06604675
-0.06701079
-0.06645462
-0.06448992
-0.06127650
-0.05694119
-0.05166658
-0.04573687
-0.03947334
-0.03310780
-0.02667391
-0.02027962
-0.01411915
-0.00825091
-0.00273539
0.00224628
0.00642318
0.00948926
0.01131302
0.01191305
0.01139545
0.00986727
0.00743481
0.00436587
0.00101234
-0.00242495
-0.00576000
-0.00879260
-0.01136316
-0.01333125
-0.01452218
-0.01476078
-0.01391478
-0.01195174
-0.00897595
-0.00511868
-0.00057537
0.00439448
0.00931389
0.01355494
0.01694434
0.01949591
0.02119427
0.02211169
0.02240224
0.02216783
0.02151671
0.02057517
0.01940065
0.01798233
0.01640683
0.01481013
0.01324146
0.01173994
0.01035984
0.00920609
0.00839562
0.00796333
0.00791175
0.00825775
0.00904869
0.01032375
0.01187496
0.01336128
0.01448130
0.01499036
0.01472573
0.01348841
0.01118443
0.00800968
0.00426116
0.00022554
-0.00383938
-0.00768495
-0.01101862
-0.01362480
-0.01547347
-0.01652198
-0.01669517
-0.01596494
-0.01433812
-0.01178858
-0.00835415
-0.00418522
0.00057715
0.00570962
0.01082717
0.01556583
0.01971961
0.02305882
0.02536337
0.02648977
0.02635394
0.02488563
0.02210344
0.01817112
0.01331901
0.00797520
0.00284393
-0.00142502
-0.00441592
-0.00584458
-0.00562951
-0.00386853
-0.00082501
0.00312984
0.00761718
0.01226388
0.01680051
0.02109516
0.02518605
0.02903881
0.03247810
0.03545582
0.03798686
0.04008717
0.04176740
0.04302396
0.04386262
0.04434428
0.04461947
0.04481467
0.04492133
0.04496793
0.04503301
0.04515198
0.04533739
0.04557999
0.04581146
0.04588639
0.04568243
0.04508166
0.04392786
0.04212443
0.03967575
0.03657927
0.03286568
0.02862036
0.02399465
0.01921881
0.01458258
0.01041258
0.00689761
0.00414833
0.00226729
0.00134142
0.00143007
0.00253014
0.00455590
0.00740250
0.01088509
0.01472723
0.01874066
0.02276377
0.02646810
0.02955398
0.03190718
0.03351159
0.03444836
0.03473547
0.03444300
0.03375941
0.03284414
0.03180290
0.03077728
0.02991159
0.02926976
0.02882258
0.02843170
0.02788260
0.02694156
0.02552546
0.02363372
0.02131436
0.01864695
0.01577634
0.01295876
0.01041858
0.00818505
0.00631372
0.00489482
0.00393021
0.00334790
0.00303317
0.00288763
0.00285234
0.00291468
0.00313025
0.00366587
0.00466774
0.00618354
0.00822310
0.01073346
0.01364996
0.01686998
0.02025757
0.02361673
0.02669002
0.02928955
0.03127369
0.03253353
0.03296574
0.03248569
0.03107117
0.02877321
0.02565099
0.02188099
0.01778708
0.01366375
0.00975845
0.00614623
0.00278705
-0.00042433
-0.00359615
-0.00681758
-0.01009535
-0.01337362
-0.01657669
-0.01962162
-0.02241612
-0.02482394
-0.02673060
-0.02812179
-0.02906466
-0.02967854
-0.02991164
-0.02966706
-0.02901195
-0.02804967
-0.02687864
-0.02565806
-0.02458836
-0.02380670
-0.02343685
-0.02358206
-0.02431567
-0.02565326
-0.02751964
-0.02977048
-0.03225223
-0.03482322
-0.03736141
-0.03979660
-0.04209070
-0.04419092
-0.04608572
-0.04780694
-0.04928960
-0.05041986
-0.05114928
-0.05148672
-0.05150560
-0.05123017
-0.05067174
-0.04991507
-0.04910599
-0.04843572
-0.04795542
-0.04759254
-0.04734378
-0.04718943
-0.04706730
-0.04686519
-0.04642981
-0.04566819
-0.04448384
-0.04271349
-0.04022594
-0.03697177
-0.03301798
-0.02851684
-0.02359434
-0.01840830
-0.01315734
-0.00793816
-0.00282917
0.00201970
0.00646903
0.01041331
0.01376441
0.01643266
0.01826903
0.01916339
0.01908841
0.01795952
0.01573645
0.01250733
0.00843804
0.00376983
-0.00116946
-0.00598419
-0.01036818
-0.01403991
-0.01676365
-0.01850612
-0.01944300
-0.01978458
-0.01975263
-0.01951420
-0.01923267
-0.01905607
-0.01906446
-0.01928910
-0.01972484
-0.02027714
-0.02076363
-0.02105814
-0.02107564
-0.02079381
-0.02019041
-0.01924268
-0.01795729
-0.01636757
-0.01453006
-0.01255344
-0.01059621
-0.00881352
-0.00734348
-0.00627529
-0.00565222
-0.00545900
-0.00563606
-0.00609500
-0.00679404
-0.00764843
-0.00850905
-0.00928946
-0.00995123
-0.01048385
-0.01089644
-0.01119872
-0.01138079
-0.01141333
-0.01125345
-0.01090669
-0.01046334
-0.00994086
-0.00930324
-0.00857705
-0.00779272
-0.00695862
-0.00611485
-0.00534320
-0.00472438
-0.00432425
-0.00416695
-0.00431028
-0.00483839
-0.00570564
-0.00682883
-0.00821446
-0.00990005
-0.01191457
-0.01410461
-0.01624389
-0.01822240
-0.02001556
-0.02166876
-0.02306193
-0.02405241
-0.02471526
-0.02511000
-0.02519796
-0.02500585
-0.02460978
-0.02404523
-0.02331087
-0.02236419
-0.02118308
-0.01976496
-0.01810188
-0.01617340
-0.01394685
-0.01148954
-0.00897906
-0.00655808
-0.00434999
-0.00242244
-0.00079878
0.00053929
0.00158662
0.00235136
0.00290449
0.00336693
0.00389218
0.00456128
0.00541505
0.00649725
0.00780502
0.00926347
0.01077105
0.01222049
0.01354418
0.01463515
0.01529777
0.01545718
0.01515942
0.01439915
0.01320517
0.01166775
0.00989301
0.00799642
0.00604298
0.00412966
0.00243377
0.00103399
-0.00011391
-0.00091564
-0.00125552
-0.00113364
-0.00059055
0.00031182
0.00162057
0.00338281
0.00547133
0.00775733
0.01016964
0.01256064
0.01475227
0.01670182
0.01834559
0.01950945
0.02008777
0.02006814
0.01946355
0.01833300
0.01674985
0.01474435
0.01232082
0.00956532
0.00659253
0.00347770
0.00033094
-0.00270036
-0.00549232
-0.00794396
-0.00999108
-0.01160086
-0.01277342
-0.01349365
-0.01376462
-0.01364180
-0.01315632
-0.01228311
-0.01106525
-0.00962234
-0.00809249
-0.00659120
-0.00515451
-0.00381398
-0.00259611
-0.00147123
-0.00040307
0.00060712
0.00159800
0.00264023
0.00367980
0.00464230
0.00556117
0.00645027
0.00727931
0.00800463
0.00863817
0.00934752
0.01020554
0.01110751
0.01211271
0.01333933
0.01475465
0.01628415
0.01783381
0.01932161
0.02069276
0.02195384
0.02309684
0.02403886
0.02475451
0.02525831
0.02549357
0.02543635
0.02517040
0.02476217
0.02424902
0.02367251
0.02307889
0.02252987
0.02213847
0.02206725
0.02238485
0.02309825
0.02420163
0.02567980
0.02750029
0.02955711
0.03169038
0.03377039
0.03569325
0.03737889
0.03873304
0.03968246
0.04022689
0.04039981
0.04022123
0.03968390
0.03877830
0.03755440
0.03605816
0.03427656
0.03223783
0.03003940
0.02775721
0.02550736
0.02347663
0.02175389
0.02028829
0.01907898
0.01811673
0.01737144
0.01679556
0.01632663
0.01590337
0.01547766
0.01506838
0.01469657
0.01435130
0.01401599
0.01365887
0.01323282
0.01271112
0.01211985
0.01146336
0.01074240
0.01005076
0.00946174
0.00892995
0.00841908
0.00792645
0.00750535
0.00719029
0.00691627
0.00664426
0.00638105
0.00608809
0.00570170
0.00516671
0.00445040
0.00355420
0.00249512
0.00130303
-0.00002546
-0.00143124
-0.00275958
-0.00391336
-0.00484613
-0.00553263
-0.00594721
-0.00604603
-0.00586239
-0.00550182
-0.00495648
-0.00419992
-0.00324641
-0.00206544
-0.00061648
0.00097696
0.00255292
0.00409622
0.00560097
0.00703808
0.00830223
0.00925713
0.00981184
0.00993898
0.00969979
0.00911060
0.00820418
0.00713361
0.00603219
0.00493228
0.00386023
0.00282330
0.00179458
0.00077104
-0.00019435
-0.00112298
-0.00209819
-0.00308287
-0.00404579
-0.00505550
-0.00613504
-0.00724699
-0.00839310
-0.00954659
-0.01059859
-0.01147677
-0.01217404
-0.01264135
-0.01281059
-0.01260080
-0.01196909
-0.01095616
-0.00959513
-0.00794152
-0.00609892
-0.00418647
-0.00232635
-0.00061717
0.00086585
0.00208816
0.00301616
0.00357326
0.00372492
0.00349979
0.00295664
0.00219922
0.00135450
0.00043907
-0.00063592
-0.00175921
-0.00277070
-0.00362320
-0.00433660
-0.00498064
-0.00551812
-0.00589036
-0.00613085
-0.00624767
-0.00620150
-0.00601466
-0.00573760
-0.00533345
-0.00481116
-0.00426997
-0.00369046
-0.00297978
-0.00215443
-0.00126452
-0.00036596
0.00043121
0.00099932
0.00134286
0.00147622
0.00131378
0.00083917
0.00012898
-0.00081810
-0.00199802
-0.00331358
-0.00467750
-0.00603366
-0.00735019
-0.00861373
-0.00982555
-0.01096447
-0.01197635
-0.01287053
-0.01369078
-0.01442077
-0.01506033
-0.01566153
-0.01628015
-0.01695666
-0.01765868
-0.01832463
-0.01890416
-0.01938246
-0.01979530
-0.02022890
-0.02077535
-0.02145027
-0.02223040
-0.02306922
-0.02395528
-0.02487689
-0.02576203
-0.02661206
-0.02756669
-0.02863334
-0.02972080
-0.03082710
-0.03193041
-0.03293760
-0.03377751
-0.03441343
-0.03482926
-0.03502299
-0.03496858
-0.03461667
-0.03390536
-0.03287114
-0.03160601
-0.03015068
-0.02852037
-0.02670764
-0.02480601
-0.02296062
-0.02117254
-0.01942703
-0.01775311
-0.01620341
-0.01483198
-0.01362104
-0.01256882
-0.01174583
-0.01111294
-0.01051189
-0.00990877
-0.00931412
-0.00874710
-0.00820030
-0.00763424
-0.00709503
-0.00667454
-0.00641933
-0.00634995
-0.00645497
-0.00678088
-0.00738160
-0.00820196
-0.00915483
-0.01018822
-0.01125878
-0.01233314
-0.01333722
-0.01420135
-0.01491991
-0.01550362
-0.01598373
-0.01638111
-0.01671190
-0.01699349
-0.01723294
-0.01742298
-0.01755237
-0.01760858
-0.01758145
-0.01746239
-0.01723702
-0.01687991
-0.01636458
-0.01571767
-0.01498410
-0.01420235
-0.01341727
-0.01269287
-0.01210606
-0.01171485
-0.01153132
-0.01152054
-0.01160405
-0.01170414
-0.01175975
-0.01175492
-0.01168710
-0.01155294
-0.01135610
-0.01111043
-0.01086742
-0.01064556
-0.01039566
-0.01012447
-0.00988121
-0.00967073
-0.00948719
-0.00933611
-0.00918776
-0.00898650
-0.00874288
-0.00847874
-0.00817161
-0.00777184
-0.00721612
-0.00645769
-0.00547826
-0.00431877
-0.00306812
-0.00185934
-0.00072995
0.00035772
0.00148858
0.00271830
0.00402398
0.00536166
0.00666855
0.00789477
0.00900947
0.01001634
0.01097134
0.01194999
0.01291399
0.01379604
0.01456307
0.01521544
0.01580695
0.01638847
0.01699638
0.01763357
0.01833008
0.01913661
0.02007204
0.02111441
0.02219922
0.02334194
0.02465548
0.02607949
0.02749793
0.02894143
0.03041306
0.03181827
0.03307588
0.03413684
0.03503911
0.03578726
0.03629221
0.03652027
0.03648128
0.03611934
0.03541227
0.03444671
0.03330190
0.03204635
0.03074089
0.02944804
0.02823877
0.02717904
0.02633222
0.02574275
0.02542918
0.02536426
0.02550461
0.02580108
0.02622052
0.02671789
0.02721936
0.02766694
0.02802856
0.02827094
0.02837348
0.02834223
0.02814756
0.02768252
0.02692629
0.02594032
0.02475901
0.02344635
0.02210862
0.02082006
0.01962598
0.01856083
0.01768174
0.01711700
0.01693465
0.01709757
0.01756746
0.01825937
0.01904096
0.01983936
0.02068417
0.02159051
0.02254960
0.02350989
0.02442502
0.02528737
0.02607529
0.02676444
0.02735031
0.02786677
0.02840671
0.02897340
0.02947532
0.02990213
0.03027077
0.03057921
0.03076834
0.03072256
0.03044133
0.02997449
0.02928098
0.02836545
0.02734017
0.02630630
0.02534223
0.02444310
0.02361512
0.02293081
0.02233759
0.02167027
0.02091244
0.02011099
0.01933137
0.01858733
0.01781314
0.01697797
0.01606257
0.01506537
0.01400194
0.01290849
0.01179398
0.01066644
0.00959916
0.00866181
0.00787830
0.00723907
0.00670888
0.00633038
0.00614197
0.00611526
0.00616796
0.00617482
0.00612751
0.00602736
0.00578281
0.00537988
0.00490400
0.00433704
0.00363065
0.00280241
0.00189270
0.00095167
-0.00001955
-0.00104745
-0.00212314
-0.00324057
-0.00441629
-0.00568184
-0.00706373
-0.00852519
-0.00999930
-0.01142117
-0.01270997
-0.01378351
-0.01461730
-0.01524366
-0.01574088
-0.01613898
-0.01638727
-0.01645071
-0.01633290
-0.01615817
-0.01603151
-0.01595156
-0.01587959
-0.01576584
-0.01567137
-0.01565005
-0.01568382
-0.01574243
-0.01579951
-0.01590274
-0.01611304
-0.01642104
-0.01682672
-0.01733816
-0.01791032
-0.01847506
-0.01902965
-0.01956171
-0.02003474
-0.02046789
-0.02091264
-0.02129685
-0.02155204
-0.02171625
-0.02187937
-0.02215075
-0.02255637
-0.02308980
-0.02376176
-0.02457802
-0.02552376
-0.02655640
-0.02761850
-0.02865217
-0.02961375
-0.03049912
-0.03130535
-0.03203247
-0.03271052
-0.03334600
-0.03386366
-0.03422665
-0.03447843
-0.03462581
-0.03466455
-0.03462894
-0.03455023
-0.03441652
-0.03421029
-0.03391464
-0.03357090
-0.03321408
-0.03280147
-0.03234024
-0.03192202
-0.03154927
-0.03117398
-0.03075306
-0.03027519
-0.02980189
-0.02933918
-0.02884586
-0.02832671
-0.02781813
-0.02737093
-0.02701467
-0.02675272
-0.02659765
-0.02655420
-0.02662203
-0.02677922
-0.02698460
-0.02717587
-0.02728619
-0.02733723
-0.02733017
-0.02716312
-0.02680788
-0.02633769
-0.02574459
-0.02500601
-0.02415830
-0.02320716
-0.02211237
-0.02097189
-0.01995464
-0.01903813
-0.01816066
-0.01731523
-0.01654902
-0.01594640
-0.01553268
-0.01530783
-0.01524730
-0.01530938
-0.01544154
-0.01558368
-0.01566288
-0.01561708
-0.01541728
-0.01507049
-0.01454120
-0.01376164
-0.01274521
-0.01154782
-0.01023169
-0.00880934
-0.00723698
-0.00553860
-0.00379026
-0.00207159
-0.00045451
0.00101947
0.00227892
0.00324814
0.00393400
0.00439770
0.00472792
0.00493814
0.00496723
0.00485909
0.00470647
0.00458731
0.00452556
0.00447303
0.00441440
0.00434646
0.00426327
0.00419681
0.00421962
0.00434055
0.00453046
0.00483171
0.00524137
0.00564243
0.00595417
0.00614669
0.00625446
0.00631019
0.00625853
0.00610981
0.00594809
0.00582407
0.00577041
0.00579171
0.00586141
0.00593900
0.00604554
0.00622436
0.00643937
0.00666635
0.00692822
0.00721024
0.00748237
0.00777550
0.00811873
0.00851351
0.00894244
0.00937560
0.00980021
0.01021098
0.01060744
0.01098326
0.01132303
0.01160833
0.01182585
0.01196825
0.01202814
0.01200045
0.01189740
0.01174093
0.01153232
0.01128304
0.01102007
0.01076144
0.01052280
0.01031915
0.01016099
0.01005478
0.01002500
0.01012190
0.01040469
0.01089295
0.01149796
0.01215616
0.01286670
0.01365395
0.01453198
0.01540135
0.01619205
0.01692266
0.01758282
0.01816076
0.01870029
0.01922865
0.01970739
0.02012496
0.02048388
0.02071193
0.02075668
0.02067669
0.02053162
0.02036422
0.02019091
0.02003068
0.01994705
0.01996672
0.02005823
0.02023929
0.02055056
0.02100472
0.02159371
0.02228377
0.02301712
0.02373020
0.02443750
0.02512185
0.02568009
0.02608302
0.02636037
0.02648373
0.02643333
0.02623015
0.02591868
0.02555475
0.02513503
0.02466100
0.02419554
0.02374531
0.02324699
0.02263061
0.02186877
0.02104016
0.02018820
0.01930217
0.01838495
0.01744708
0.01651547
0.01564125
0.01488649
0.01422895
0.01360334
0.01299013
0.01236619
0.01169848
0.01097364
0.01020329
0.00939764
0.00856670
0.00772441
0.00692934
0.00623100
0.00553356
0.00476299
0.00396372
0.00320850
0.00258130
0.00208505
0.00170312
0.00143622
0.00125889
0.00113984
0.00111465
0.00119590
0.00130243
0.00143665
0.00168025
0.00205814
0.00257270
0.00320999
0.00393053
0.00466289
0.00535238
0.00595361
0.00645797
0.00687002
0.00719146
0.00739423
0.00746391
0.00744929
0.00738314
0.00726201
0.00711066
0.00696028
0.00680034
0.00659148
0.00628256
0.00588145
0.00541364
0.00481837
0.00407535
0.00325970
0.00243026
0.00164514
0.00101493
0.00056977
0.00018010
-0.00015272
-0.00034572
-0.00040766
-0.00037765
-0.00029863
-0.00018880
-0.00005355
0.00007083
0.00013923
0.00012691
0.00001767
-0.00018702
-0.00049028
-0.00088804
-0.00136941
-0.00193946
-0.00261583
-0.00336877
-0.00414364
-0.00488864
-0.00556133
-0.00612711
-0.00656961
-0.00688540
-0.00708631
-0.00721138
-0.00732206
-0.00736279
-0.00727659
-0.00716300
-0.00708974
-0.00704061
-0.00700420
-0.00698200
-0.00702676
-0.00712384
-0.00717228
-0.00722783
-0.00740557
-0.00770672
-0.00813585
-0.00871092
-0.00934352
-0.00989708
-0.01032498
-0.01059166
-0.01065385
-0.01052829
-0.01026688
-0.00989304
-0.00946104
-0.00906510
-0.00869595
-0.00829619
-0.00787662
-0.00745493
-0.00703720
-0.00663712
-0.00626634
-0.00591067
-0.00557821
-0.00531557
-0.00514858
-0.00509212
-0.00516163
-0.00535560
-0.00564420
-0.00602706
-0.00650806
-0.00700706
-0.00745775
-0.00786845
-0.00820073
-0.00839832
-0.00852200
-0.00863315
-0.00869902
-0.00872821
-0.00877287
-0.00885835
-0.00900599
-0.00923912
-0.00956711
-0.00999094
-0.01050168
-0.01105129
-0.01154686
-0.01197813
-0.01240905
-0.01279155
-0.01307232
-0.01327521
-0.01342332
-0.01352260
-0.01357121
-0.01358058
-0.01357708
-0.01356653
-0.01352275
-0.01342592
-0.01328976
-0.01320081
-0.01320836
-0.01330005
-0.01343161
-0.01355459
-0.01366045
-0.01377501
-0.01394089
-0.01413527
-0.01432316
-0.01452498
-0.01475049
-0.01498905
-0.01521664
-0.01539242
-0.01546880
-0.01544858
-0.01541260
-0.01539522
-0.01539837
-0.01539821
-0.01536417
-0.01528068
-0.01519879
-0.01518911
-0.01526707
-0.01541035
-0.01556138
-0.01573770
-0.01594414
-0.01606538
-0.01605668
-0.01599136
-0.01586940
-0.01567473
-0.01544194
-0.01517420
-0.01481930
-0.01436773
-0.01384616
-0.01330147
-0.01274794
-0.01215366
-0.01152429
-0.01090212
-0.01034549
-0.00984720
-0.00932181
-0.00875860
-0.00818093
-0.00759369
-0.00700798
-0.00643689
-0.00588840
-0.00533011
-0.00465151
-0.00384009
-0.00303239
-0.00223916
-0.00144032
-0.00068494
0.00000872
0.00066845
0.00127623
0.00180965
0.00231164
0.00281518
0.00331687
0.00379913
0.00427092
0.00483693
0.00550728
0.00614990
0.00683270
0.00766743
0.00859410
0.00952522
0.01039561
0.01120676
0.01198105
0.01269072
0.01330783
0.01383929
0.01432765
0.01481439
0.01525160
0.01563951
0.01605533
0.01646027
0.01677633
0.01699760
0.01714410
0.01724075
0.01727518
0.01722191
0.01708534
0.01688158
0.01662936
0.01635964
0.01608965
0.01578774
0.01544378
0.01508937
0.01473545
0.01439659
0.01409388
0.01382330
0.01355364
0.01330399
0.01310781
0.01294735
0.01285208
0.01289747
0.01301075
0.01308084
0.01313152
0.01318031
0.01319747
0.01315940
0.01306197
0.01295362
0.01281824
0.01255150
0.01212979
0.01157633
0.01088709
0.01010854
0.00935675
0.00864074
0.00790667
0.00716169
0.00641567
0.00567523
0.00498767
0.00439615
0.00383708
0.00325695
0.00267242
0.00209117
0.00150211
0.00087355
0.00017681
-0.00058912
-0.00142532
-0.00231934
-0.00321633
-0.00407531
-0.00490801
-0.00573769
-0.00657753
-0.00737803
-0.00808386
-0.00867937
-0.00915672
-0.00951999
-0.00978238
-0.00996298
-0.01008023
-0.01013216
-0.01010410
-0.01007784
-0.01012691
-0.01022121
-0.01031736
-0.01037749
-0.01045662
-0.01063994
-0.01096836
-0.01138790
-0.01175831
-0.01211692
-0.01251867
-0.01291116
-0.01324171
-0.01346725
-0.01358948
-0.01364744
-0.01370843
-0.01376830
-0.01374065
-0.01363637
-0.01350230
-0.01336374
-0.01323673
-0.01312845
-0.01305388
-0.01301136
-0.01293529
-0.01279985
-0.01264238
-0.01243601
-0.01215416
-0.01182712
-0.01148881
-0.01115678
-0.01078144
-0.01031172
-0.00980221
-0.00930074
-0.00881215
-0.00836358
-0.00796568
-0.00754925
-0.00710920
-0.00673785
-0.00638035
-0.00593385
-0.00547951
-0.00504321
-0.00450517
-0.00387176
-0.00321816
-0.00253308
-0.00178083
-0.00093127
-0.00004706
0.00074998
0.00142813
0.00199135
0.00245255
0.00285026
0.00324210
0.00363238
0.00402978
0.00446532
0.00493201
0.00540334
0.00590412
0.00642822
0.00689981
0.00733597
0.00782213
0.00830308
0.00873431
0.00917827
0.00966801
0.01019439
0.01069869
0.01113678
0.01155129
0.01201836
0.01262446
0.01333888
0.01409270
0.01483750
0.01558755
0.01641049
0.01723021
0.01796842
0.01865149
0.01929991
0.01990488
0.02042224
0.02084067
0.02125161
0.02167082
0.02202880
0.02238504
0.02279372
0.02315523
0.02345792
0.02381201
0.02424327
0.02473503
0.02523731
0.02573376
0.02625252
0.02678418
0.02728434
0.02763745
0.02779564
0.02782009
0.02770837
0.02743229
0.02697353
0.02635781
0.02567061
0.02497662
0.02432308
0.02370798
0.02314131
0.02266939
0.02229896
0.02198526
0.02162134
0.02118342
0.02079746
0.02045009
0.02005019
0.01957105
0.01900768
0.01837459
0.01764399
0.01677473
0.01577422
0.01469728
0.01364514
0.01264291
0.01166734
0.01072594
0.00981388
0.00890805
0.00802711
0.00721169
0.00644051
0.00566815
0.00484678
0.00394482
0.00295241
0.00189968
0.00082598
-0.00025881
-0.00135157
-0.00245709
-0.00358689
-0.00473166
-0.00584164
-0.00688791
-0.00787972
-0.00883091
-0.00973363
-0.01053456
-0.01123665
-0.01188044
-0.01245379
-0.01295980
-0.01344972
-0.01394039
-0.01442038
-0.01488712
-0.01532379
-0.01568473
-0.01599695
-0.01633920
-0.01666910
-0.01694297
-0.01720804
-0.01748632
-0.01778389
-0.01813767
-0.01854353
-0.01890530
-0.01917420
-0.01934107
-0.01938774
-0.01928676
-0.01900966
-0.01858336
-0.01807742
-0.01750213
-0.01687419
-0.01622961
-0.01556752
-0.01487359
-0.01425182
-0.01376565
-0.01333228
-0.01298922
-0.01285464
-0.01287097
-0.01292480
-0.01293978
-0.01289462
-0.01281727
-0.01274303
-0.01267260
-0.01254005
-0.01235320
-0.01218155
-0.01203572
-0.01188192
-0.01163971
-0.01131626
-0.01098624
-0.01063749
-0.01026211
-0.00989209
-0.00955005
-0.00924930
-0.00900335
-0.00880956
-0.00864154
-0.00847906
-0.00832912
-0.00825331
-0.00827478
-0.00830227
-0.00831860
-0.00837285
-0.00849450
-0.00869139
-0.00894870
-0.00922878
-0.00949204
-0.00979129
-0.01016328
-0.01053565
-0.01084282
-0.01104702
-0.01119349
-0.01132402
-0.01141309
-0.01147533
-0.01155045
-0.01158818
-0.01151492
-0.01128846
-0.01092419
-0.01049040
-0.01003804
-0.00960625
-0.00920799
-0.00879912
-0.00831546
-0.00782635
-0.00739721
-0.00697976
-0.00656419
-0.00618692
-0.00585724
-0.00557014
-0.00530852
-0.00504305
-0.00475476
-0.00451699
-0.00442485
-0.00443261
-0.00450204
-0.00466346
-0.00493976
-0.00533452
-0.00583491
-0.00640177
-0.00696838
-0.00750806
-0.00803234
-0.00851762
-0.00893818
-0.00929160
-0.00956894
-0.00976481
-0.00989836
-0.00999286
-0.01004400
-0.01002175
-0.00988259
-0.00963114
-0.00929272
-0.00886996
-0.00836975
-0.00780783
-0.00718853
-0.00651254
-0.00578155
-0.00502482
-0.00433332
-0.00371876
-0.00311270
-0.00253587
-0.00202645
-0.00159468
-0.00122882
-0.00089655
-0.00064464
-0.00054939
-0.00059039
-0.00068426
-0.00071236
-0.00070187
-0.00075427
-0.00075447
-0.00060482
-0.00036537
-0.00009348
0.00017672
0.00050277
0.00093960
0.00143803
0.00197722
0.00257815
0.00323337
0.00390930
0.00453145
0.00506990
0.00556677
0.00601811
0.00640987
0.00675127
0.00705792
0.00734627
0.00763002
0.00791484
0.00819852
0.00844944
0.00860480
0.00868480
0.00878839
0.00892913
0.00907876
0.00920335
0.00932965
0.00954690
0.00984991
0.01018952
0.01055587
0.01092554
0.01125163
0.01152663
0.01176953
0.01198319
0.01218239
0.01239952
0.01263890
0.01287291
0.01308850
0.01326207
0.01334784
0.01335168
0.01335623
0.01338624
0.01343424
0.01348867
0.01356007
0.01368476
0.01382732
0.01388416
0.01388353
0.01389363
0.01390477
0.01387125
0.01372260
0.01345293
0.01311318
0.01275095
0.01239710
0.01202412
0.01161260
0.01117680
0.01075027
0.01036351
0.00997194
0.00954494
0.00911009
0.00868679
0.00827279
0.00782610
0.00729817
0.00668321
0.00602117
0.00540502
0.00486895
0.00440473
0.00402554
0.00373340
0.00350372
0.00332183
0.00319337
0.00318487
0.00335480
0.00361281
0.00385541
0.00402813
0.00408689
0.00402064
0.00390143
0.00379630
0.00363369
0.00338632
0.00311776
0.00287183
0.00266601
0.00246239
0.00222346
0.00194567
0.00163987
0.00133236
0.00102033
0.00070626
0.00042468
0.00019796
0.00002524
-0.00011951
-0.00028275
-0.00045415
-0.00059764
-0.00066359
-0.00065660
-0.00064914
-0.00065249
-0.00064785
-0.00063266
-0.00060231
-0.00054940
-0.00050355
-0.00053627
-0.00065177
-0.00081331
-0.00094484
-0.00095751
-0.00078393
-0.00040663
0.00013712
0.00079897
0.00151135
0.00219684
0.00279591
0.00328396
0.00368524
0.00403061
0.00427624
0.00444189
0.00466259
0.00493016
0.00512108
0.00528462
0.00547619
0.00563335
0.00572329
0.00577892
0.00580533
0.00580221
0.00577484
0.00573033
0.00567973
0.00563688
0.00561975
0.00564807
0.00572074
0.00579273
0.00586433
0.00598470
0.00610964
0.00618015
0.00623793
0.00630622
0.00634986
0.00633729
0.00625096
0.00611821
0.00599282
0.00592471
0.00589399
0.00580865
0.00565197
0.00545677
0.00528513
0.00515329
0.00501002
0.00484308
0.00465697
0.00444127
0.00419128
0.00391722
0.00363666
0.00337166
0.00315185
0.00298059
0.00279062
0.00253268
0.00220423
0.00182794
0.00143683
0.00104141
0.00062477
0.00014847
-0.00034035
-0.00073130
-0.00103899
-0.00132510
-0.00162904
-0.00194231
-0.00220902
-0.00242597
-0.00261454
-0.00280144
-0.00302661
-0.00334086
-0.00373929
-0.00415818
-0.00453671
-0.00486342
-0.00522383
-0.00563706
-0.00603121
-0.00635299
-0.00656575
-0.00667041
-0.00672094
-0.00680893
-0.00693264
-0.00703453
-0.00712264
-0.00720164
-0.00723896
-0.00724464
-0.00728025
-0.00733889
-0.00738346
-0.00739142
-0.00737163
-0.00736518
-0.00736641
-0.00733933
-0.00726248
-0.00714517
-0.00703649
-0.00693623
-0.00680100
-0.00663116
-0.00646989
-0.00640508
-0.00647945
-0.00665515
-0.00685798
-0.00702074
-0.00720026
-0.00743897
-0.00767810
-0.00792656
-0.00823258
-0.00856187
-0.00887297
-0.00918796
-0.00949500
-0.00972654
-0.00986947
-0.00994545
-0.00997748
-0.00997694
-0.00994058
-0.00986248
-0.00973508
-0.00957864
-0.00940748
-0.00919584
-0.00894317
-0.00868464
-0.00843890
-0.00821129
-0.00798730
-0.00777453
-0.00760790
-0.00746866
-0.00732428
-0.00724473
-0.00728128
-0.00739311
-0.00753847
-0.00767768
-0.00783739
-0.00803928
-0.00823639
-0.00838491
-0.00846019
-0.00848849
-0.00852446
-0.00856046
-0.00856786
-0.00851363
-0.00837042
-0.00812667
-0.00782045
-0.00751121
-0.00721620
-0.00693903
-0.00667330
-0.00643963
-0.00624854
-0.00604295
-0.00577212
-0.00542749
-0.00503234
-0.00462667
-0.00421333
-0.00380608
-0.00345703
-0.00315116
-0.00279598
-0.00241343
-0.00205144
-0.00166621
-0.00122473
-0.00074243
-0.00026068
0.00017956
0.00059466
0.00100849
0.00140909
0.00177417
0.00208091
0.00237867
0.00271272
0.00302739
0.00329919
0.00357252
0.00381431
0.00396769
0.00412216
0.00434937
0.00459740
0.00484433
0.00510476
0.00539047
0.00571044
0.00607325
0.00646970
0.00686486
0.00719541
0.00740755
0.00756181
0.00771989
0.00787125
0.00800089
0.00810742
0.00822549
0.00836624
0.00845780
0.00846484
0.00841738
0.00833608
0.00824495
0.00815327
0.00805919
0.00795111
0.00781641
0.00765607
0.00754971
0.00755058
0.00754409
0.00744121
0.00723526
0.00695293
0.00663274
0.00626397
0.00582196
0.00529535
0.00470213
0.00409038
0.00349458
0.00294370
0.00247161
0.00208874
0.00176275
0.00147833
0.00122675
0.00099750
0.00079552
0.00065478
0.00054933
0.00039113
0.00016809
-0.00009116
-0.00036265
-0.00067051
-0.00109730
-0.00159842
-0.00205861
-0.00247629
-0.00287363
-0.00324181
-0.00359792
-0.00397169
-0.00431261
-0.00455912
-0.00472923
-0.00486095
-0.00498301
-0.00510426
-0.00521466
-0.00529440
-0.00533617
-0.00536709
-0.00541207
-0.00548989
-0.00562671
-0.00582223
-0.00602418
-0.00619783
-0.00635330
-0.00651100
-0.00668828
-0.00684174
-0.00690823
-0.00684965
-0.00667704
-0.00646351
-0.00625014
-0.00605961
-0.00590653
-0.00580777
-0.00579725
-0.00585423
-0.00591293
-0.00595408
-0.00598523
-0.00604049
-0.00611374
-0.00614370
-0.00609441
-0.00596806
-0.00583556
-0.00571917
-0.00553513
-0.00529041
-0.00506959
-0.00490431
-0.00478952
-0.00464646
-0.00444106
-0.00421731
-0.00396945
-0.00366788
-0.00328380
-0.00283300
-0.00239334
-0.00194462
-0.00140983
-0.00088063
-0.00043340
-0.00000551
0.00041927
0.00080718
0.00116737
0.00150432
0.00179113
0.00201339
0.00218025
0.00232252
0.00247650
0.00263993
0.00281224
0.00301572
0.00325095
0.00350578
0.00378498
0.00408509
0.00439473
0.00468544
0.00493556
0.00523256
0.00565706
0.00616523
0.00669265
0.00718413
0.00763437
0.00805422
0.00842724
0.00875038
0.00904256
0.00932638
0.00961561
0.00990523
0.01020142
0.01053601
0.01088658
0.01120725
0.01150426
0.01178000
0.01200465
0.01215831
0.01224514
0.01229214
0.01233205
0.01236053
0.01237147
0.01236287
0.01235338
0.01236261
0.01235724
0.01233724
0.01235658
0.01239174
0.01237634
0.01228467
0.01212787
0.01195227
0.01177011
0.01156460
0.01129920
0.01096152
0.01061511
0.01029774
0.01000935
0.00976666
0.00957578
0.00940644
0.00921477
0.00895235
0.00862518
0.00827385
0.00791839
0.00756173
0.00717883
0.00677011
0.00634864
0.00593474
0.00553255
0.00511190
0.00469269
0.00433145
0.00396519
0.00355236
0.00318952
0.00290320
0.00263324
0.00240214
0.00222972
0.00204949
0.00181768
0.00155564
0.00130999
0.00111785
0.00092103
0.00068046
0.00042644
0.00016806
-0.00009080
-0.00031518
-0.00051241
-0.00076124
-0.00105475
-0.00134007
-0.00169479
-0.00214339
-0.00253514
-0.00284870
-0.00318245
-0.00348478
-0.00371197
-0.00393768
-0.00416493
-0.00431801
-0.00437818
-0.00435777
-0.00429796
-0.00420597
-0.00405572
-0.00389245
-0.00378257
-0.00375806
-0.00378324
-0.00375949
-0.00372239
-0.00375884
-0.00386715
-0.00396904
-0.00392700
-0.00376951
-0.00360016
-0.00342174
-0.00322500
-0.00301575
-0.00281900
-0.00266261
-0.00255982
-0.00249170
-0.00240427
-0.00232021
-0.00229859
-0.00230616
-0.00230375
-0.00229371
-0.00230486
-0.00237124
-0.00249266
-0.00265066
-0.00281413
-0.00297195
-0.00313938
-0.00330920
-0.00349216
-0.00373374
-0.00403491
-0.00433832
-0.00463946
-0.00495213
-0.00529972
-0.00568863
-0.00608567
-0.00645442
-0.00677114
-0.00707835
-0.00737218
-0.00758922
-0.00778454
-0.00803761
-0.00825810
-0.00838631
-0.00847867
-0.00855870
-0.00864431
-0.00877784
-0.00897925
-0.00920859
-0.00941504
-0.00955813
-0.00967544
-0.00981593
-0.01000336
-0.01020815
-0.01036482
-0.01047143
-0.01052587
-0.01050478
-0.01041604
-0.01030300
-0.01021356
-0.01016042
-0.01007380
-0.00994246
-0.00981841
-0.00969273
-0.00952707
-0.00927550
-0.00893805
-0.00856643
-0.00817166
-0.00775516
-0.00733837
-0.00695354
-0.00663537
-0.00637229
-0.00613832
-0.00596635
-0.00587121
-0.00582214
-0.00580127
-0.00579727
-0.00579564
-0.00575132
-0.00558225
-0.00528288
-0.00491330
-0.00449990
-0.00403297
-0.00346038
-0.00279086
-0.00212174
-0.00154022
-0.00107982
-0.00065893
-0.00025399
0.00006857
0.00028589
0.00041000
0.00049050
0.00057188
0.00065860
0.00070668
0.00067099
0.00059775
0.00052485
0.00043650
0.00033033
0.00021647
0.00011092
0.00003875
0.00002945
0.00007451
0.00014255
0.00025734
0.00042392
0.00057400
0.00071515
0.00093896
0.00119147
0.00138438
0.00148778
0.00153943
0.00162848
0.00172831
0.00178330
0.00181137
0.00183180
0.00184154
0.00183734
0.00181624
0.00178310
0.00175971
0.00178054
0.00186162
0.00198578
0.00209164
0.00214528
0.00219657
0.00224151
0.00224000
0.00221609
0.00219448
0.00214146
0.00202973
0.00184426
0.00162091
0.00140683
0.00120886
0.00100966
0.00077998
0.00057969
0.00046653
0.00035984
0.00020597
0.00003935
-0.00010538
-0.00021058
-0.00029534
-0.00037579
-0.00044724
-0.00052254
-0.00061932
-0.00070633
-0.00074894
-0.00074188
-0.00069995
-0.00065650
-0.00061737
-0.00058485
-0.00057053
-0.00054756
-0.00044984
-0.00030329
-0.00014816
0.00001299
0.00017902
0.00034302
0.00048270
0.00057416
0.00060161
0.00058680
0.00058880
0.00059029
0.00056914
0.00059501
0.00071384
0.00091581
0.00116471
0.00141584
0.00166064
0.00187691
0.00202147
0.00210782
0.00218014
0.00224295
0.00231120
0.00242552
0.00259980
0.00281629
0.00302736
0.00320320
0.00336703
0.00352166
0.00365571
0.00377905
0.00390455
0.00402967
0.00417451
0.00436502
0.00456233
0.00472091
0.00483377
0.00491994
0.00501714
0.00509962
0.00513980
0.00517008
0.00522278
0.00531739
0.00542300
0.00550772
0.00561438
0.00576343
0.00593841
0.00612389
0.00631529
0.00653737
0.00677417
0.00695762
0.00710915
0.00728532
0.00748536
0.00767798
0.00781171
0.00789348
0.00795456
0.00797727
0.00793029
0.00778887
0.00753433
0.00715884
0.00672460
0.00631125
0.00596720
0.00572343
0.00557874
0.00544676
0.00525583
0.00504069
0.00481954
0.00459251
0.00436582
0.00413660
0.00387644
0.00359833
0.00335052
0.00314088
0.00296821
0.00285493
0.00277680
0.00266242
0.00253454
0.00243848
0.00236396
0.00230956
0.00229710
0.00234309
0.00242362
0.00242711
0.00231188
0.00216629
0.00199948
0.00179457
0.00158535
0.00139043
0.00119921
0.00101831
0.00086199
0.00071114
0.00055745
0.00041709
0.00028490
0.00013295
-0.00009498
-0.00040989
-0.00074630
-0.00108873
-0.00144720
-0.00178571
-0.00206894
-0.00228670
-0.00245843
-0.00261241
-0.00272892
-0.00277877
-0.00273651
-0.00263678
-0.00254142
-0.00245503
-0.00237213
-0.00230254
-0.00223090
-0.00213014
-0.00203605
-0.00198051
-0.00195577
-0.00193677
-0.00189286
-0.00184704
-0.00181536
-0.00176537
-0.00168344
-0.00158592
-0.00149473
-0.00142471
-0.00137070
-0.00135273
-0.00140157
-0.00146876
-0.00148990
-0.00145396
-0.00139406
-0.00136352
-0.00130674
-0.00116748
-0.00098162
-0.00077807
-0.00056994
-0.00039263
-0.00025873
-0.00012336
-0.00000430
0.00001174
-0.00003769
-0.00008260
-0.00013645
-0.00021190
-0.00029883
-0.00038686
-0.00047738
-0.00060369
-0.00075617
-0.00087270
-0.00093807
-0.00096399
-0.00098766
-0.00100245
-0.00095329
-0.00089012
-0.00091446
-0.00105335
-0.00127776
-0.00150796
-0.00172906
-0.00194924
-0.00212961
-0.00227943
-0.00248240
-0.00270726
-0.00288689
-0.00305919
-0.00324093
-0.00338010
-0.00346003
-0.00349611
-0.00349747
-0.00347591
-0.00345000
-0.00342084
-0.00337608
-0.00334163
-0.00331102
-0.00320402
-0.00301965
-0.00284215
-0.00264874
-0.00241265
-0.00216313
-0.00191623
-0.00165975
-0.00140235
-0.00114910
-0.00085116
-0.00049000
-0.00011380
0.00023580
0.00052593
0.00075825
0.00092110
0.00095977
0.00089874
0.00082462
0.00073396
0.00061264
0.00049403
0.00039855
0.00032001
0.00026463
0.00024935
0.00028030
0.00034802
0.00042905
0.00049718
0.00054778
0.00066833
0.00087937
0.00105744
0.00117137
0.00125829
0.00130421
0.00128854
0.00119432
0.00102496
0.00080897
0.00056419
0.00031229
0.00008863
-0.00008981
-0.00023779
-0.00034709
-0.00041126
-0.00044506
-0.00047205
-0.00051380
-0.00053677
-0.00049195
-0.00040533
-0.00028611
-0.00009546
0.00015404
0.00039543
0.00058261
0.00069938
0.00076982
0.00079813
0.00076335
0.00068044
0.00058069
0.00049615
0.00044832
0.00043710
0.00045453
0.00047856
0.00048508
0.00047392
0.00047867
0.00048648
0.00047160
0.00050141
0.00060443
0.00068621
0.00072759
0.00077543
0.00079376
0.00076157
0.00073905
0.00073699
0.00069750
0.00061299
0.00050689
0.00040828
0.00030647
0.00013777
-0.00004114
-0.00014091
-0.00020824
-0.00028260
-0.00033679
-0.00036807
-0.00039271
-0.00038774
-0.00036748
-0.00040929
-0.00051712
-0.00061912
-0.00067766
-0.00068937
-0.00070658
-0.00076786
-0.00087519
-0.00099417
-0.00108735
-0.00115989
-0.00120866
-0.00122194
-0.00123665
-0.00129866
-0.00140014
-0.00151938
-0.00164129
-0.00179011
-0.00199392
-0.00221118
-0.00236446
-0.00238081
-0.00230484
-0.00225234
-0.00219563
-0.00211662
-0.00209415
-0.00215466
-0.00226572
-0.00239950
-0.00253944
-0.00269626
-0.00287070
-0.00304423
-0.00322679
-0.00341334
-0.00353525
-0.00359508
-0.00368658
-0.00380925
-0.00393673
-0.00410296
-0.00433405
-0.00461127
-0.00487746
-0.00506469
-0.00519615
-0.00529909
-0.00536852
-0.00540281
-0.00540102
-0.00536334
-0.00532014
-0.00533957
-0.00540769
-0.00544251
-0.00542769
-0.00537046
-0.00528857
-0.00518449
-0.00504232
-0.00488977
-0.00474543
-0.00456827
-0.00435094
-0.00414139
-0.00394315
-0.00373046
-0.00347482
-0.00319185
-0.00295476
-0.00275541
-0.00255843
-0.00241992
-0.00236106
-0.00231939
-0.00226155
-0.00218571
-0.00212937
-0.00211501
-0.00209393
-0.00204502
-0.00197585
-0.00188696
-0.00178252
-0.00167283
-0.00155647
-0.00142639
-0.00133857
-0.00132260
-0.00127291
-0.00114830
-0.00101884
-0.00088134
-0.00071974
-0.00057406
-0.00044923
-0.00028843
-0.00005365
0.00025616
0.00056270
0.00084956
0.00120253
0.00159607
0.00197781
0.00238807
0.00282286
0.00319736
0.00351342
0.00380849
0.00410431
0.00438691
0.00460231
0.00473589
0.00479820
0.00482720
0.00483954
0.00482353
0.00481080
0.00481701
0.00477917
0.00471564
0.00474609
0.00481690
0.00482844
0.00481131
0.00477144
0.00465566
0.00450541
0.00440455
0.00440707
0.00450316
0.00461537
0.00478421
0.00505689
0.00533456
0.00555145
0.00571586
0.00579999
0.00579199
0.00574863
0.00571861
0.00569819
0.00565509
0.00556407
0.00547152
0.00542155
0.00542672
0.00546186
0.00548469
0.00548258
0.00547949
0.00553012
0.00557831
0.00556419
0.00556741
0.00563533
0.00572783
0.00579165
0.00579028
0.00578563
0.00580192
0.00578038
0.00567933
0.00549294
0.00528218
0.00510503
0.00497476
0.00488510
0.00480349
0.00468791
0.00453114
0.00436028
0.00412889
0.00378577
0.00338799
0.00300474
0.00268725
0.00241065
0.00213116
0.00189438
0.00169234
0.00143438
0.00110965
0.00075481
0.00040810
0.00006087
-0.00034382
-0.00074267
-0.00104848
-0.00129667
-0.00151900
-0.00169952
-0.00184487
-0.00197363
-0.00209082
-0.00221287
-0.00236272
-0.00249621
-0.00257704
-0.00271181
-0.00294539
-0.00316501
-0.00332181
-0.00343676
-0.00358389
-0.00378402
-0.00394216
-0.00404891
-0.00416027
-0.00429455
-0.00442945
-0.00448817
-0.00447970
-0.00447898
-0.00448283
-0.00446937
-0.00443350
-0.00438708
-0.00435213
-0.00433059
-0.00430492
-0.00425013
-0.00415309
-0.00401979
-0.00389794
-0.00382690
-0.00376972
-0.00370749
-0.00365882
-0.00359936
-0.00350971
-0.00343009
-0.00335785
-0.00322849
-0.00307235
-0.00295841
-0.00289908
-0.00285733
-0.00274533
-0.00252605
-0.00221007
-0.00185482
-0.00150572
-0.00116758
-0.00085590
-0.00059395
-0.00037092
-0.00014825
0.00012406
0.00040560
0.00059911
0.00073728
0.00087457
0.00102761
0.00120886
0.00142601
0.00167634
0.00194056
0.00218175
0.00237791
0.00253609
0.00266025
0.00275272
0.00280201
0.00281466
0.00282111
0.00281830
0.00280240
0.00279583
0.00281283
0.00285807
0.00294653
0.00308057
0.00320105
0.00326212
0.00325489
0.00317339
0.00303202
0.00288065
0.00276520
0.00268724
0.00257640
0.00234198
0.00205946
0.00180999
0.00159925
0.00141834
0.00125851
0.00115492
0.00111434
0.00108200
0.00102451
0.00093547
0.00082687
0.00072574
0.00064979
0.00061805
0.00065302
0.00075163
0.00091078
0.00114487
0.00142472
0.00166778
0.00187495
0.00207643
0.00224237
0.00235406
0.00244065
0.00251201
0.00257600
0.00267129
0.00280046
0.00289296
0.00290158
0.00282059
0.00270299
0.00259422
0.00246736
0.00232667
0.00221845
0.00213817
0.00206500
0.00199213
0.00191259
0.00182037
0.00171276
0.00159406
0.00147616
0.00136051
0.00122532
0.00109535
0.00101434
0.00094560
0.00084652
0.00071436
0.00059044
0.00055288
0.00054561
0.00049193
0.00040919
0.00030625
0.00016414
-0.00000232
-0.00017035
-0.00038629
-0.00066668
-0.00095615
-0.00121435
-0.00141756
-0.00158537
-0.00173459
-0.00184216
-0.00190496
-0.00194634
-0.00199447
-0.00206536
-0.00212793
-0.00219006
-0.00231338
-0.00247596
-0.00263013
-0.00277200
-0.00292749
-0.00314107
-0.00339561
-0.00364292
-0.00385678
-0.00404180
-0.00424068
-0.00443791
-0.00457819
-0.00466519
-0.00473291
-0.00483759
-0.00497377
-0.00507960
-0.00518524
-0.00531896
-0.00543779
-0.00551614
-0.00557340
-0.00560714
-0.00561082
-0.00559414
-0.00555427
-0.00548625
-0.00541642
-0.00536987
-0.00529997
-0.00517289
-0.00503084
-0.00487455
-0.00468050
-0.00448282
-0.00431721
-0.00417577
-0.00403976
-0.00387711
-0.00372678
-0.00363220
-0.00356795
-0.00353239
-0.00355265
-0.00359972
-0.00362244
-0.00360104
-0.00355009
-0.00351743
-0.00351115
-0.00350131
-0.00342714
-0.00325803
-0.00306170
-0.00287675
-0.00270610
-0.00255964
-0.00243374
-0.00231601
-0.00219672
-0.00207143
-0.00193978
-0.00180898
-0.00169468
-0.00159354
-0.00146348
-0.00128191
-0.00104877
-0.00081547
-0.00060461
-0.00036893
-0.00012499
0.00006589
0.00022145
0.00036810
0.00050893
0.00066382
0.00086593
0.00105809
0.00118116
0.00128718
0.00140094
0.00147879
0.00153083
0.00158487
0.00162210
0.00163333
0.00164680
0.00167932
0.00174494
0.00185844
0.00200637
0.00212034
0.00218747
0.00224793
0.00227931
0.00226275
0.00223983
0.00222172
0.00217654
0.00208149
0.00194986
0.00186099
0.00185135
0.00187827
0.00193768
0.00203599
0.00213991
0.00222507
0.00230435
0.00237970
0.00244999
0.00254578
0.00267528
0.00279885
0.00290996
0.00303106
0.00313644
0.00321219
0.00330656
0.00339804
0.00337777
0.00330041
0.00326777
0.00325892
0.00322825
0.00314886
0.00304620
0.00297430
0.00292346
0.00287953
0.00284369
0.00282879
0.00285469
0.00287238
0.00284807
0.00284388
0.00289479
0.00298291
0.00305441
0.00305843
0.00304217
0.00303492
0.00301222
0.00296959
0.00291514
0.00284750
0.00276151
0.00266008
0.00258037
0.00257302
0.00258180
0.00253483
0.00244780
0.00238685
0.00243880
0.00256292
0.00265703
0.00267547
0.00263166
0.00260077
0.00261174
0.00265425
0.00269177
0.00269448
0.00267651
0.00264985
0.00261866
0.00258172
0.00253690
0.00249499
0.00245815
0.00240636
0.00230100
0.00212207
0.00194860
0.00182784
0.00170340
0.00155487
0.00139538
0.00126671
0.00118735
0.00110961
0.00101584
0.00092458
0.00084026
0.00076368
0.00068227
0.00058860
0.00049100
0.00039289
0.00029842
0.00022108
0.00017245
0.00015386
0.00014574
0.00011964
0.00012388
0.00018791
0.00024295
0.00025556
0.00024529
0.00022850
0.00020983
0.00014501
0.00002846
-0.00008135
-0.00014222
-0.00014092
-0.00017581
-0.00030507
-0.00045933
-0.00056791
-0.00058929
-0.00059121
-0.00065212
-0.00076214
-0.00090264
-0.00106305
-0.00122075
-0.00135831
-0.00148657
-0.00157729
-0.00155659
-0.00147192
-0.00142886
-0.00138519
-0.00131845
-0.00131665
-0.00136787
-0.00136747
-0.00130858
-0.00121258
-0.00109574
-0.00097376
-0.00086419
-0.00075112
-0.00062103
-0.00052297
-0.00049697
-0.00053821
-0.00062486
-0.00072368
-0.00078743
-0.00080260
-0.00084056
-0.00092547
-0.00101426
-0.00107837
-0.00110861
-0.00113089
-0.00114768
-0.00110704
-0.00100658
-0.00088660
-0.00076997
-0.00067488
-0.00061844
-0.00059249
-0.00055401
-0.00048640
-0.00040794
-0.00038849
-0.00043990
-0.00048756
-0.00049290
-0.00045175
-0.00041561
-0.00042218
-0.00043952
-0.00043571
-0.00039875
-0.00035248
-0.00033176
-0.00034476
-0.00040396
-0.00052089
-0.00063292
-0.00066628
-0.00069020
-0.00077395
-0.00089720
-0.00103845
-0.00118124
-0.00129704
-0.00136504
-0.00140528
-0.00143476
-0.00146366
-0.00149592
-0.00152148
-0.00152515
-0.00152597
-0.00160480
-0.00172454
-0.00176997
-0.00174542
-0.00169929
-0.00168224
-0.00171103
-0.00176854
-0.00182044
-0.00183331
-0.00182358
-0.00179988
-0.00173540
-0.00164102
-0.00155516
-0.00151417
-0.00150627
-0.00145319
-0.00135886
-0.00132824
-0.00138872
-0.00151937
-0.00165759
-0.00175955
-0.00184069
-0.00193775
-0.00209407
-0.00228046
-0.00244674
-0.00256263
-0.00264044
-0.00273661
-0.00288583
-0.00309539
-0.00330371
-0.00346614
-0.00359291
-0.00369161
-0.00375816
-0.00373573
-0.00363088
-0.00356444
-0.00354930
-0.00351325
-0.00349483
-0.00351808
-0.00353165
-0.00349797
-0.00340479
-0.00328159
-0.00318061
-0.00312466
-0.00311298
-0.00311844
-0.00312421
-0.00312397
-0.00314857
-0.00319141
-0.00318054
-0.00311511
-0.00304368
-0.00296743
-0.00288865
-0.00283014
-0.00277358
-0.00268193
-0.00260435
-0.00258101
-0.00254706
-0.00247190
-0.00238418
-0.00229814
-0.00223327
-0.00221667
-0.00222626
-0.00218913
-0.00210797
-0.00202395
-0.00193777
-0.00183680
-0.00170324
-0.00155149
-0.00142181
-0.00132371
-0.00122838
-0.00106811
-0.00085132
-0.00066068
-0.00049257
-0.00032020
-0.00015108
-0.00000505
0.00009578
0.00018861
0.00032052
0.00045175
0.00054962
0.00062800
0.00071044
0.00081818
0.00094902
0.00108829
0.00120379
0.00129890
0.00140487
0.00153265
0.00167697
0.00180712
0.00189720
0.00193491
0.00192609
0.00190977
0.00195389
0.00205117
0.00209236
0.00207774
0.00205224
0.00201357
0.00194922
0.00185236
0.00175089
0.00168357
0.00163681
0.00160350
0.00160672
0.00162416
0.00160566
0.00158244
0.00160682
0.00169304
0.00179885
0.00182611
0.00178687
0.00173511
0.00168372
0.00162377
0.00153373
0.00140466
0.00124528
0.00111456
0.00106738
0.00111668
0.00123584
0.00137193
0.00148567
0.00154463
0.00153667
0.00146987
0.00138123
0.00132737
0.00133079
0.00133398
0.00134474
0.00141592
0.00150078
0.00156342
0.00165963
0.00178840
0.00187138
0.00190279
0.00190288
0.00189585
0.00187420
0.00179821
0.00169356
0.00160187
0.00153570
0.00147534
0.00137621
0.00127505
0.00123931
0.00126962
0.00133098
0.00136429
0.00140031
0.00149988
0.00162089
0.00171620
0.00177711
0.00181173
0.00183260
0.00181459
0.00176425
0.00174796
0.00177571
0.00181349
0.00184264
0.00184881
0.00183153
0.00180891
0.00181017
0.00180738
0.00177367
0.00171531
0.00164763
0.00158070
0.00149740
0.00140062
0.00134391
0.00132696
0.00128699
0.00121675
0.00113855
0.00109343
0.00107075
0.00099655
0.00089666
0.00083094
0.00082173
0.00086084
0.00090075
0.00090258
0.00084605
0.00077752
0.00072367
0.00066593
0.00057522
0.00043386
0.00027823
0.00015646
0.00010030
0.00007912
0.00003007
-0.00003015
-0.00007743
-0.00010863
-0.00015701
-0.00026191
-0.00035263
-0.00035466
-0.00027036
-0.00016494
-0.00012412
-0.00007843
0.00004007
0.00017477
0.00032767
0.00055559
0.00080363
0.00102486
0.00128826
0.00160331
0.00188516
0.00210213
0.00224579
0.00232235
0.00234019
0.00230376
0.00227285
0.00230669
0.00236177
0.00240624
0.00245837
0.00253605
0.00264822
0.00278032
0.00290646
0.00299778
0.00305978
0.00312871
0.00322500
0.00333819
0.00341744
0.00344322
0.00342865
0.00336740
0.00327449
0.00321158
0.00317851
0.00310521
0.00301609
0.00295805
0.00291618
0.00285494
0.00272544
0.00253687
0.00233450
0.00216026
0.00200878
0.00181522
0.00159599
0.00141597
0.00126035
0.00111485
0.00100986
0.00093989
0.00086919
0.00080949
0.00075599
0.00065904
0.00050624
0.00033517
0.00018115
0.00006153
-0.00005500
-0.00018762
-0.00032679
-0.00045626
-0.00056813
-0.00069180
-0.00084387
-0.00101104
-0.00114086
-0.00119085
-0.00123428
-0.00131403
-0.00137034
-0.00136843
-0.00130595
-0.00124784
-0.00125729
-0.00135389
-0.00149351
-0.00158161
-0.00160202
-0.00159587
-0.00164070
-0.00174529
-0.00184348
-0.00191942
-0.00198265
-0.00206836
-0.00218249
-0.00229208
-0.00240254
-0.00252990
-0.00268174
-0.00285349
-0.00301873
-0.00317747
-0.00334152
-0.00350189
-0.00363742
-0.00372070
-0.00375825
-0.00378866
-0.00383402
-0.00386801
-0.00380987
-0.00367705
-0.00356999
-0.00346598
-0.00332238
-0.00316673
-0.00304256
-0.00300709
-0.00307465
-0.00321225
-0.00333725
-0.00342053
-0.00352184
-0.00362602
-0.00368951
-0.00371346
-0.00371470
-0.00371679
-0.00372255
-0.00372135
-0.00373987
-0.00378375
-0.00380785
-0.00377640
-0.00367452
-0.00350374
-0.00329055
-0.00308362
-0.00290752
-0.00274429
-0.00260742
-0.00252306
-0.00251778
-0.00257295
-0.00260533
-0.00260552
-0.00259703
-0.00255121
-0.00245306
-0.00232944
-0.00221706
-0.00214880
-0.00211277
-0.00207952
-0.00204668
-0.00201501
-0.00198188
-0.00190271
-0.00175215
-0.00158911
-0.00144982
-0.00133035
-0.00125886
-0.00126045
-0.00129207
-0.00130266
-0.00126978
-0.00120730
-0.00114478
-0.00108531
-0.00103300
-0.00100448
-0.00098462
-0.00093453
-0.00088167
-0.00086218
-0.00087248
-0.00090569
-0.00096086
-0.00103437
-0.00111706
-0.00119409
-0.00124237
-0.00123730
-0.00120169
-0.00118524
-0.00120721
-0.00126011
-0.00129546
-0.00129934
-0.00128468
-0.00124803
-0.00120454
-0.00119183
-0.00121086
-0.00122656
-0.00121591
-0.00117548
-0.00114660
-0.00113903
-0.00112015
-0.00106598
-0.00098074
-0.00093476
-0.00094153
-0.00091337
-0.00084940
-0.00080710
-0.00078846
-0.00078289
-0.00079251
-0.00082078
-0.00086756
-0.00091331
-0.00093077
-0.00090905
-0.00087564
-0.00088125
-0.00090635
-0.00091880
-0.00091345
-0.00088253
-0.00081533
-0.00073514
-0.00066124
-0.00053785
-0.00035529
-0.00019933
-0.00005033
0.00017381
0.00040852
0.00057535
0.00067753
0.00074361
0.00081904
0.00088807
0.00090500
0.00083711
0.00070314
0.00058567
0.00053294
0.00055857
0.00059649
0.00061040
0.00063587
0.00066716
0.00068374
0.00072005
0.00081568
0.00098094
0.00120525
0.00145432
0.00170008
0.00191626
0.00208267
0.00220066
0.00230655
0.00242914
0.00257625
0.00269664
0.00279501
0.00294587
0.00312785
0.00328935
0.00345255
0.00360921
0.00369128
0.00371287
0.00375114
0.00383356
0.00393799
0.00398348
0.00396360
0.00394333
0.00394037
0.00396161
0.00401731
0.00410204
0.00418539
0.00422724
0.00421030
0.00416842
0.00413557
0.00412766
0.00412972
0.00410458
0.00405779
0.00402002
0.00402471
0.00406114
0.00408370
0.00406481
0.00399141
0.00388981
0.00379768
0.00375302
0.00375790
0.00377782
0.00374016
0.00363526
0.00353097
0.00345649
0.00342915
0.00346179
0.00353339
0.00358656
0.00360085
0.00359380
0.00361815
0.00368079
0.00370683
0.00370436
0.00375816
0.00386794
0.00398874
0.00404452
0.00402222
0.00397856
0.00392636
0.00387096
0.00382610
0.00379610
0.00376850
0.00372919
0.00367573
0.00362634
0.00359318
0.00356756
0.00354330
0.00351923
0.00349485
0.00347045
0.00344782
0.00343098
0.00342446
0.00341750
0.00339965
0.00338347
0.00333814
0.00321091
0.00305960
0.00294096
0.00281935
0.00270449
0.00265692
0.00263007
0.00257347
0.00254967
0.00255125
0.00248904
0.00239468
0.00234420
0.00234889
0.00238031
0.00238780
0.00237075
0.00235358
0.00234488
0.00234718
0.00235936
0.00236711
0.00235370
0.00232685
0.00228349
0.00219017
0.00204341
0.00187060
0.00167591
0.00147163
0.00127240
0.00109309
0.00093887
0.00078016
0.00056738
0.00026890
-0.00009788
-0.00045944
-0.00080480
-0.00113752
-0.00140702
-0.00158853
-0.00171315
-0.00181658
-0.00193390
-0.00206602
-0.00219871
-0.00231106
-0.00242132
-0.00256807
-0.00274260
-0.00293461
-0.00314932
-0.00337925
-0.00360030
-0.00378954
-0.00393027
-0.00401905
-0.00408269
-0.00418140
-0.00429603
-0.00437905
-0.00440669
-0.00437509
-0.00431140
-0.00423818
-0.00415983
-0.00404710
-0.00390333
-0.00377897
-0.00365849
-0.00350806
-0.00338806
-0.00333103
-0.00327697
-0.00322551
-0.00321350
-0.00324020
-0.00329431
-0.00336409
-0.00346301
-0.00361178
-0.00376877
-0.00389482
-0.00402263
-0.00415921
-0.00426671
-0.00430946
-0.00426689
-0.00416372
-0.00403068
-0.00389641
-0.00375367
-0.00358778
-0.00341787
-0.00326557
-0.00313910
-0.00300816
-0.00284782
-0.00272395
-0.00265401
-0.00254722
-0.00241762
-0.00234564
-0.00231314
-0.00228906
-0.00227019
-0.00224994
-0.00221822
-0.00215732
-0.00207625
-0.00203637
-0.00204635
-0.00206089
-0.00208232
-0.00212818
-0.00219385
-0.00225150
-0.00225728
-0.00224247
-0.00225552
-0.00228683
-0.00232778
-0.00237462
-0.00239114
-0.00234376
-0.00230072
-0.00232849
-0.00243665
-0.00257492
-0.00265871
-0.00267714
-0.00265883
-0.00265916
-0.00269924
-0.00276038
-0.00280088
-0.00280221
-0.00282107
-0.00285486
-0.00283891
-0.00280264
-0.00280520
-0.00285800
-0.00292538
-0.00291494
-0.00283801
-0.00275118
-0.00266392
-0.00255551
-0.00238570
-0.00219504
-0.00207067
-0.00203864
-0.00209840
-0.00222032
-0.00234254
-0.00238888
-0.00235073
-0.00225139
-0.00212940
-0.00201375
-0.00192052
-0.00185622
-0.00180962
-0.00176424
-0.00172463
-0.00171625
-0.00172278
-0.00172064
-0.00170828
-0.00167676
-0.00160391
-0.00149947
-0.00138845
-0.00128209
-0.00118998
-0.00112637
-0.00109756
-0.00109701
-0.00108973
-0.00106289
-0.00107366
-0.00111323
-0.00112244
-0.00111024
-0.00110565
-0.00112399
-0.00114514
-0.00111590
-0.00104173
-0.00094872
-0.00085319
-0.00075122
-0.00060766
-0.00041592
-0.00018800
0.00008219
0.00035708
0.00054376
0.00065633
0.00078984
0.00094869
0.00110380
0.00122438
0.00129965
0.00133837
0.00132218
0.00126307
0.00124686
0.00130454
0.00138649
0.00148514
0.00161028
0.00177366
0.00195853
0.00211085
0.00221576
0.00228944
0.00236078
0.00245593
0.00257556
0.00269542
0.00277754
0.00287732
0.00306151
0.00331805
0.00360484
0.00385827
0.00407088
0.00425009
0.00437203
0.00445249
0.00456025
0.00468545
0.00477425
0.00480960
0.00481634
0.00486965
0.00494376
0.00496023
0.00496467
0.00498954
0.00498451
0.00495944
0.00498500
0.00505724
0.00514094
0.00519133
0.00520657
0.00523598
0.00528144
0.00531640
0.00531013
0.00525404
0.00518102
0.00512440
0.00510351
0.00506942
0.00500194
0.00495193
0.00492294
0.00487764
0.00479537
0.00466849
0.00451397
0.00437072
0.00427510
0.00417023
0.00399175
0.00376740
0.00354523
0.00337089
0.00325940
0.00319459
0.00313645
0.00305275
0.00294495
0.00283175
0.00272509
0.00259343
0.00243413
0.00228521
0.00214448
0.00200088
0.00187836
0.00177499
0.00165094
0.00153646
0.00147659
0.00145886
0.00147586
0.00152855
0.00160718
0.00169870
0.00178439
0.00183712
0.00182637
0.00175108
0.00163729
0.00152503
0.00145399
0.00144072
0.00144234
0.00139824
0.00130184
0.00118603
0.00111610
0.00105510
0.00095132
0.00085734
0.00080455
0.00077487
0.00079667
0.00087798
0.00092235
0.00087704
0.00078427
0.00068314
0.00060450
0.00052507
0.00043814
0.00037812
0.00033009
0.00027430
0.00026987
0.00033685
0.00042037
0.00050113
0.00056607
0.00058826
0.00056013
0.00049379
0.00042361
0.00038247
0.00036400
0.00035712
0.00035652
0.00032769
0.00024475
0.00015125
0.00007226
-0.00000695
-0.00007020
-0.00009357
-0.00006005
0.00002669
0.00013973
0.00022523
0.00024154
0.00023073
0.00021863
0.00017355
0.00008583
-0.00003436
-0.00015342
-0.00026409
-0.00039087
-0.00052139
-0.00063489
-0.00074132
-0.00086235
-0.00101779
-0.00117432
-0.00129457
-0.00143706
-0.00161555
-0.00175543
-0.00183572
-0.00186601
-0.00185757
-0.00185035
-0.00189704
-0.00197456
-0.00204362
-0.00212646
-0.00221700
-0.00226793
-0.00226497
-0.00222064
-0.00219055
-0.00220388
-0.00223885
-0.00224347
-0.00220660
-0.00223563
-0.00233607
-0.00241036
-0.00244979
-0.00246309
-0.00242300
-0.00233102
-0.00221278
-0.00209558
-0.00199709
-0.00190526
-0.00183617
-0.00182729
-0.00190937
-0.00205470
-0.00217150
-0.00228081
-0.00245134
-0.00261163
-0.00270587
-0.00276008
-0.00280592
-0.00286054
-0.00286507
-0.00280065
-0.00271762
-0.00265569
-0.00263149
-0.00259656
-0.00254909
-0.00255524
-0.00258425
-0.00259662
-0.00264040
-0.00270757
-0.00272753
-0.00272741
-0.00274064
-0.00273324
-0.00270006
-0.00266622
-0.00261719
-0.00254203
-0.00245958
-0.00237810
-0.00230209
-0.00222964
-0.00216756
-0.00212624
-0.00210072
-0.00207981
-0.00208010
-0.00210285
-0.00212741
-0.00215636
-0.00220106
-0.00224995
-0.00229712
-0.00235333
-0.00251795
-0.00244519
-0.00234262
-0.00225852
-0.00219286
-0.00214614
-0.00212781
-0.00216458
-0.00224791
-0.00232803
-0.00240796
-0.00248102
-0.00248117
-0.00240947
-0.00235429
-0.00233452
-0.00232618
-0.00228672
-0.00222131
-0.00218690
-0.00220563
-0.00226799
-0.00232929
-0.00237120
-0.00241212
-0.00245860
-0.00250141
-0.00251865
-0.00249848
-0.00244750
-0.00241592
-0.00242820
-0.00242148
-0.00237908
-0.00234085
-0.00230971
-0.00227379
-0.00221567
-0.00213225
-0.00203738
-0.00194429
-0.00185174
-0.00172287
-0.00155055
-0.00137795
-0.00123730
-0.00115455
-0.00113308
-0.00113400
-0.00106164
-0.00092928
-0.00081845
-0.00068455
-0.00049209
-0.00027927
-0.00008227
0.00007595
0.00018215
0.00024131
0.00029633
0.00034853
0.00036719
0.00040711
0.00051117
0.00062027
0.00070752
0.00081248
0.00094319
0.00109697
0.00126778
0.00144060
0.00158972
0.00167659
0.00167331
0.00161177
0.00154729
0.00152597
0.00153902
0.00155125
0.00158701
0.00166546
0.00176176
0.00185185
0.00191451
0.00194126
0.00193832
0.00192686
0.00191603
0.00190125
0.00190202
0.00191373
0.00187575
0.00178643
0.00171899
0.00168639
0.00167640
0.00168142
0.00169998
0.00173865
0.00175454
0.00169758
0.00161768
0.00155182
0.00147112
0.00137769
0.00129217
0.00118279
0.00103162
0.00088008
0.00077391
0.00075750
0.00080508
0.00085901
0.00086209
0.00081648
0.00078404
0.00076131
0.00073247
0.00070125
0.00067507
0.00066098
0.00064364
0.00060078
0.00053562
0.00047320
0.00045796
0.00047236
0.00047061
0.00046573
0.00048648
0.00054723
0.00062302
0.00066543
0.00067369
0.00067078
0.00069193
0.00072357
0.00069581
0.00064564
0.00064177
0.00068548
0.00074693
0.00077234
0.00076381
0.00075647
0.00073969
0.00070336
0.00064739
0.00059820
0.00059453
0.00060362
0.00059169
0.00059750
0.00061129
0.00057074
0.00050799
0.00049007
0.00052856
0.00060025
0.00066011
0.00069618
0.00071980
0.00072559
0.00073091
0.00078608
0.00087216
0.00091140
0.00090876
0.00089570
0.00090217
0.00093912
0.00097949
0.00100672
0.00101178
0.00101630
0.00104127
0.00108256
0.00111997
0.00112799
0.00111851
0.00110853
0.00109514
0.00108282
0.00108887
0.00110879
0.00111971
0.00108525
0.00099905
0.00089546
0.00079311
0.00070589
0.00064348
0.00060637
0.00058007
0.00055521
0.00052093
0.00046316
0.00038543
0.00033026
0.00031637
0.00033291
0.00034637
0.00032499
0.00028837
0.00022630
0.00007731
-0.00013663
-0.00034734
-0.00052495
-0.00064880
-0.00070818
-0.00071785
-0.00070983
-0.00071329
-0.00073171
-0.00070855
-0.00063883
-0.00057219
-0.00050198
-0.00041945
-0.00036662
-0.00037312
-0.00043599
-0.00052183
-0.00058382
-0.00060700
-0.00060160
-0.00059406
-0.00058588
-0.00055668
-0.00051095
-0.00046523
-0.00043843
-0.00043886
-0.00046383
-0.00051415
-0.00058107
-0.00064127
-0.00068118
-0.00071108
-0.00074658
-0.00079943
-0.00084939
-0.00087368
-0.00087110
-0.00084676
-0.00080928
-0.00076586
-0.00071968
-0.00066401
-0.00060566
-0.00056411
-0.00052666
-0.00048370
-0.00045829
-0.00042974
-0.00033424
-0.00019631
-0.00006794
0.00004962
0.00014895
0.00020812
0.00024501
0.00029137
0.00032191
0.00033074
0.00036937
0.00042295
0.00043399
0.00042408
0.00042399
0.00042281
0.00040864
0.00037649
0.00033997
0.00031549
0.00029675
0.00028057
0.00026721
0.00025603
0.00024611
0.00023633
0.00022573
0.00021365
0.00019984
0.00018455
0.00016886
0.00016091
0.00017883
0.00020848
0.00021326
0.00021485
0.00023599
0.00024540
0.00022060
0.00016529
0.00011094
0.00008465
0.00005662
0.00001695
-0.00000334
-0.00001566
-0.00004315
-0.00005026
-0.00001308
0.00005011
0.00011512
0.00015707
0.00016894
0.00016288
0.00016886
0.00017437
0.00013327
0.00008687
0.00007901
0.00007592
0.00005548
0.00002224
-0.00002526
-0.00008446
-0.00013005
-0.00014840
-0.00015845
-0.00017786
-0.00022167
-0.00028535
-0.00035466
-0.00041753
-0.00047411
-0.00053220
-0.00057938
-0.00060861
-0.00064233
-0.00070359
-0.00080574
-0.00091818
-0.00100219
-0.00105640
-0.00109181
-0.00112591
-0.00115841
-0.00118195
-0.00119722
-0.00120313
-0.00119510
-0.00117473
-0.00114480
-0.00110306
-0.00105539
-0.00101755
-0.00099211
-0.00096696
-0.00091709
-0.00084064
-0.00078013
-0.00074805
-0.00072877
-0.00072607
-0.00073902
-0.00074926
-0.00074522
-0.00072755
-0.00070796
-0.00069694
-0.00069049
-0.00068280
-0.00067033
-0.00064803
-0.00061191
-0.00056401
-0.00051480
-0.00047958
-0.00046254
-0.00045619
-0.00044528
-0.00042567
-0.00041502
-0.00041588
-0.00041746
-0.00039989
-0.00035985
-0.00032597
-0.00030348
-0.00027598
-0.00024105
-0.00020240
-0.00016643
-0.00013923
-0.00012464
-0.00011378
-0.00009574
-0.00007139
-0.00003914
0.00000572
0.00005692
0.00010324
0.00013764
0.00016106
0.00018210
0.00019803
0.00020361
0.00021059
0.00022805
0.00025523
0.00028747
0.00031571
0.00033688
0.00035120
0.00036285
0.00037599
0.00039182
0.00040469
0.00041350
0.00043014
0.00045503
0.00047435
0.00048454
0.00048657
0.00048506
0.00048480
0.00048921
0.00049370
0.00049408
0.00049769
0.00050687
0.00051457
0.00051988
0.00052625
0.00053684
0.00054942
0.00055395
0.00055156
0.00055102
0.00055511
0.00056297
0.00057008
0.00057243
0.00056857
0.00056182
0.00055524
0.00054666
0.00053709
0.00053123
0.00052935
0.00052957
0.00053158
0.00053280
0.00052826
0.00051772
0.00050476
0.00049441
0.00048767
0.00047814
0.00046436
0.00044897
0.00043353
0.00041984
0.00041018
0.00040345
0.00039446
0.00038114
0.00036431
0.00034857
0.00033709
0.00032927
0.00032061
0.00030720
0.00029375
0.00028337
0.00027415
0.00026481
0.00025470
0.00024303
0.00023015
0.00021795
0.00020698
0.00019641
0.00018456
0.00017048
0.00015589
0.00014197
0.00012850
0.00011565
0.00010367
0.00009276
0.00008364
0.00007748
0.00007373
0.00007108
0.00006926
0.00006784
0.00006604
0.00006402
0.00006255
0.00006120
0.00005928
0.00005650
0.00005345
0.00005122
0.00004958
0.00004792
0.00004627
0.00004498
0.00004436
0.00004368
0.00004220
0.00004074
0.00003989
0.00003943
0.00003876
0.00003731
0.00003568
0.00003438
0.00003331
0.00003258
0.00003235
0.00003217
0.00003152
0.00003033
0.00002872
0.00002706
0.00002536
0.00002355
0.00002159
0.00001971
0.00001832
0.00001728
0.00001632
0.00001551
0.00001490
0.00001441
0.00001386
0.00001301
0.00001202
0.00001110
0.00001023
0.00000935
0.00000843
0.00000747
0.00000653
0.00000565
0.00000485
0.00000415
0.00000351
0.00000294
0.00000240
0.00000187
0.00000133
0.00000073
-0.00000000
-0.00000081
-0.00000163
-0.00000243
-0.00000319
-0.00000392
-0.00000461
-0.00000525
-0.00000580
-0.00000625
-0.00000665
-0.00000702
-0.00000738
-0.00000772
-0.00000801
-0.00000826
-0.00000848
-0.00000867
-0.00000885
-0.00000898
-0.00000909
-0.00000915
-0.00000919
-0.00000918
-0.00000914
-0.00000906
-0.00000895
-0.00000881
-0.00000863
-0.00000841
-0.00000816
-0.00000788
-0.00000757
-0.00000722
-0.00000685
-0.00000644
-0.00000600
-0.00000553
-0.00000503
-0.00000449
-0.00000393
-0.00000334
-0.00000271
-0.00000206
-0.00000137
-0.00000066
0.00000009
0.00000086
0.00000166
0.00000249
0.00000335
