-0.00033768
-0.00033895
-0.00034125
-0.00034477
-0.00034958
-0.00035558
-0.00036244
-0.00036977
-0.00037723
-0.00038435
-0.00039055
-0.00039495
-0.00039670
-0.00039519
-0.00039022
-0.00038205
-0.00037125
-0.00035917
-0.00034804
-0.00033996
-0.00033668
-0.00033932
-0.00034825
-0.00036304
-0.00038208
-0.00040254
-0.00042231
-0.00043918
-0.00045065
-0.00045331
-0.00044343
-0.00041951
-0.00038251
-0.00033554
-0.00028095
-0.00021936
-0.00015636
-0.00009954
-0.00005105
-0.00001439
0.00000267
-0.00000405
-0.00003428
-0.00008878
-0.00016654
-0.00026376
-0.00037419
-0.00048832
-0.00059749
-0.00069369
-0.00077077
-0.00082289
-0.00084357
-0.00082564
-0.00076562
-0.00067195
-0.00055695
-0.00042865
-0.00029872
-0.00018356
-0.00010318
-0.00007669
-0.00011523
-0.00021742
-0.00036735
-0.00055787
-0.00077916
-0.00100669
-0.00121689
-0.00139462
-0.00152743
-0.00160414
-0.00160460
-0.00151449
-0.00133687
-0.00108115
-0.00076644
-0.00042543
-0.00009648
0.00019303
0.00042730
0.00060425
0.00072201
0.00077930
0.00076373
0.00067156
0.00052089
0.00032021
0.00007346
-0.00019672
-0.00045563
-0.00066299
-0.00079034
-0.00082808
-0.00077457
-0.00063922
-0.00043520
-0.00019198
0.00004568
0.00026349
0.00046827
0.00065666
0.00082989
0.00099670
0.00112858
0.00116930
0.00110838
0.00095100
0.00069958
0.00037853
0.00003807
-0.00028893
-0.00057871
-0.00082132
-0.00099981
-0.00108474
-0.00106178
-0.00093336
-0.00070595
-0.00039192
-0.00000842
0.00041987
0.00085268
0.00121430
0.00142140
0.00142281
0.00118811
0.00072081
0.00007612
-0.00065687
-0.00142356
-0.00218577
-0.00291822
-0.00356439
-0.00405744
-0.00437925
-0.00451889
-0.00445957
-0.00420642
-0.00378621
-0.00319841
-0.00246212
-0.00164931
-0.00080595
0.00005237
0.00087443
0.00159508
0.00214657
0.00248510
0.00261286
0.00257802
0.00245880
0.00230242
0.00214870
0.00203110
0.00196574
0.00196929
0.00211419
0.00240924
0.00273962
0.00309606
0.00353040
0.00398190
0.00439666
0.00479963
0.00517175
0.00544830
0.00560596
0.00563063
0.00550202
0.00523489
0.00488057
0.00444994
0.00394304
0.00338404
0.00278331
0.00211959
0.00138402
0.00058741
-0.00021281
-0.00096065
-0.00162814
-0.00217853
-0.00256847
-0.00274960
-0.00271236
-0.00251031
-0.00214679
-0.00159123
-0.00088207
-0.00010258
0.00064031
0.00127696
0.00178739
0.00214596
0.00233312
0.00232195
0.00210703
0.00172570
0.00125282
0.00075795
0.00021344
-0.00038751
-0.00098565
-0.00155867
-0.00209101
-0.00251175
-0.00278663
-0.00296762
-0.00301462
-0.00283008
-0.00244765
-0.00196725
-0.00150431
-0.00112957
-0.00086163
-0.00075391
-0.00084124
-0.00110721
-0.00152096
-0.00204277
-0.00261493
-0.00314917
-0.00350314
-0.00360392
-0.00349515
-0.00318162
-0.00264606
-0.00185957
-0.00085544
0.00023574
0.00135560
0.00249641
0.00364242
0.00476308
0.00580376
0.00677730
0.00773221
0.00863631
0.00944735
0.01014212
0.01067274
0.01098314
0.01107472
0.01091427
0.01037806
0.00949980
0.00849223
0.00741064
0.00625884
0.00505753
0.00384809
0.00269612
0.00166244
0.00078059
0.00002337
-0.00057896
-0.00093005
-0.00109463
-0.00119224
-0.00123808
-0.00124385
-0.00123727
-0.00125339
-0.00132971
-0.00148375
-0.00172775
-0.00206880
-0.00241018
-0.00261708
-0.00272839
-0.00279389
-0.00279682
-0.00271460
-0.00251251
-0.00212466
-0.00153050
-0.00079740
0.00000932
0.00082675
0.00155944
0.00212269
0.00248523
0.00259349
0.00239522
0.00200976
0.00159078
0.00117075
0.00078789
0.00049399
0.00024810
0.00001844
-0.00007838
0.00003768
0.00036590
0.00090969
0.00164196
0.00249449
0.00341430
0.00437147
0.00523385
0.00583373
0.00610668
0.00599455
0.00544910
0.00453075
0.00337053
0.00201494
0.00055459
-0.00084030
-0.00214758
-0.00342361
-0.00453674
-0.00539753
-0.00607168
-0.00653320
-0.00669991
-0.00658665
-0.00623629
-0.00568923
-0.00496554
-0.00406511
-0.00298021
-0.00174337
-0.00046355
0.00073631
0.00174059
0.00259020
0.00337927
0.00412015
0.00470930
0.00495702
0.00490285
0.00465306
0.00418533
0.00346471
0.00249123
0.00142965
0.00048243
-0.00033191
-0.00092144
-0.00108523
-0.00086283
-0.00039571
0.00037156
0.00139495
0.00243000
0.00339172
0.00429162
0.00510552
0.00581953
0.00642560
0.00689360
0.00719171
0.00731471
0.00723391
0.00687865
0.00626114
0.00548888
0.00468649
0.00394991
0.00327273
0.00261800
0.00194197
0.00132562
0.00083328
0.00038911
-0.00011932
-0.00081238
-0.00165134
-0.00255224
-0.00350582
-0.00450011
-0.00549995
-0.00648402
-0.00742462
-0.00827326
-0.00901545
-0.00968977
-0.01031498
-0.01091758
-0.01156200
-0.01222746
-0.01276911
-0.01318529
-0.01351222
-0.01362805
-0.01347800
-0.01314958
-0.01264796
-0.01195751
-0.01115911
-0.01031714
-0.00941702
-0.00847398
-0.00751466
-0.00650212
-0.00541284
-0.00428188
-0.00314708
-0.00203518
-0.00092700
0.00016553
0.00114004
0.00197284
0.00271724
0.00332057
0.00374466
0.00404947
0.00428371
0.00444928
0.00445135
0.00418557
0.00364013
0.00280490
0.00167230
0.00029673
-0.00121802
-0.00276712
-0.00424157
-0.00553775
-0.00659023
-0.00737701
-0.00789286
-0.00817419
-0.00830653
-0.00837474
-0.00842906
-0.00840486
-0.00826111
-0.00805387
-0.00780383
-0.00748958
-0.00706260
-0.00650186
-0.00585511
-0.00512971
-0.00429581
-0.00333047
-0.00223711
-0.00107132
0.00020266
0.00168177
0.00326177
0.00479482
0.00621436
0.00747230
0.00854934
0.00946771
0.01027593
0.01101009
0.01164916
0.01210904
0.01227173
0.01203119
0.01136629
0.01034694
0.00914586
0.00791197
0.00678245
0.00583072
0.00513339
0.00477972
0.00479569
0.00514148
0.00574055
0.00654198
0.00755241
0.00879943
0.01026575
0.01174224
0.01299453
0.01388266
0.01431135
0.01424015
0.01363354
0.01257807
0.01132104
0.00996847
0.00852484
0.00717750
0.00608822
0.00525304
0.00466644
0.00431526
0.00415788
0.00417890
0.00446000
0.00503136
0.00583621
0.00680015
0.00783442
0.00887698
0.00989887
0.01090380
0.01192865
0.01298469
0.01397658
0.01484934
0.01561724
0.01617626
0.01632926
0.01580597
0.01439683
0.01203947
0.00867929
0.00432245
-0.00096577
-0.00701600
-0.01355092
-0.02044274
-0.02762367
-0.03485348
-0.04191147
-0.04868164
-0.05490263
-0.06024527
-0.06461332
-0.06799389
-0.07037450
-0.07173899
-0.07210600
-0.07157341
-0.07021031
-0.06792138
-0.06460955
-0.06022708
-0.05468897
-0.04799168
-0.04028438
-0.03186461
-0.02319282
-0.01464986
-0.00666490
0.00022190
0.00557903
0.00920637
0.01102562
0.01111425
0.00956538
0.00659176
0.00255486
-0.00227102
-0.00760029
-0.01303605
-0.01820599
-0.02288257
-0.02690708
-0.03021148
-0.03284698
-0.03490280
-0.03640147
-0.03732053
-0.03760801
-0.03716660
-0.03591369
-0.03386143
-0.03110645
-0.02786988
-0.02440453
-0.02102155
-0.01801509
-0.01558877
-0.01383137
-0.01290694
-0.01294945
-0.01391785
-0.01569533
-0.01810900
-0.02083945
-0.02343866
-0.02553524
-0.02674683
-0.02666056
-0.02488572
-0.02114341
-0.01534806
-0.00763798
0.00163675
0.01195994
0.02264927
0.03327827
0.04356736
0.05337869
0.06263291
0.07128630
0.07938010
0.08686837
0.09333899
0.09838838
0.10182870
0.10371630
0.10428190
0.10356900
0.10177180
0.09933396
0.09652947
0.09346647
0.09000896
0.08584147
0.08056512
0.07401421
0.06632609
0.05779026
0.04895142
0.04056405
0.03334824
0.02787018
0.02434378
0.02270040
0.02277994
0.02441403
0.02742967
0.03162738
0.03675974
0.04253747
0.04845660
0.05371639
0.05744340
0.05874290
0.05690645
0.05150212
0.04251369
0.03025381
0.01552622
-0.00054097
-0.01674688
-0.03215325
-0.04589105
-0.05721937
-0.06558284
-0.07060228
-0.07201367
-0.06978727
-0.06424877
-0.05569136
-0.04471911
-0.03244631
-0.02017278
-0.00923804
-0.00066361
0.00489517
0.00723945
0.00654307
0.00328487
-0.00194994
-0.00842613
-0.01544617
-0.02239411
-0.02881869
-0.03434964
-0.03868420
-0.04153072
-0.04267099
-0.04202610
-0.03963456
-0.03568876
-0.03041894
-0.02418030
-0.01740641
-0.01043712
-0.00341796
0.00364289
0.01082328
0.01812722
0.02550933
0.03286487
0.04004759
0.04684963
0.05291626
0.05786661
0.06141497
0.06333968
0.06353937
0.06194827
0.05862389
0.05370893
0.04744302
0.04020270
0.03249312
0.02496063
0.01822313
0.01267792
0.00834344
0.00510767
0.00270966
0.00088551
-0.00062885
-0.00207882
-0.00381594
-0.00626495
-0.00962301
-0.01398959
-0.01946806
-0.02611490
-0.03390066
-0.04269000
-0.05220722
-0.06206239
-0.07165360
-0.08018892
-0.08705794
-0.09179399
-0.09393123
-0.09318405
-0.08955140
-0.08318248
-0.07445518
-0.06377473
-0.05173195
-0.03911773
-0.02665244
-0.01495669
-0.00450276
0.00444307
0.01187481
0.01792690
0.02284764
0.02676315
0.02978622
0.03211057
0.03390224
0.03527386
0.03626478
0.03686164
0.03697693
0.03651792
0.03541839
0.03351356
0.03059002
0.02652312
0.02122739
0.01459751
0.00662610
-0.00251412
-0.01246762
-0.02267076
-0.03243451
-0.04112139
-0.04823923
-0.05344181
-0.05661197
-0.05783808
-0.05730446
-0.05524514
-0.05189717
-0.04753260
-0.04234008
-0.03647274
-0.03006126
-0.02321734
-0.01608524
-0.00888611
-0.00182111
0.00503057
0.01171098
0.01836083
0.02502489
0.03171185
0.03838426
0.04492198
0.05110382
0.05660164
0.06106391
0.06423062
0.06588175
0.06588733
0.06417783
0.06079941
0.05584705
0.04947104
0.04192088
0.03360075
0.02503248
0.01662011
0.00883220
0.00224272
-0.00282985
-0.00634886
-0.00841509
-0.00932450
-0.00951655
-0.00940546
-0.00936875
-0.00969678
-0.01056183
-0.01195977
-0.01374395
-0.01563431
-0.01739832
-0.01883881
-0.01980889
-0.02021943
-0.02004775
-0.01927310
-0.01786991
-0.01574799
-0.01289125
-0.00943157
-0.00542183
-0.00093864
0.00380482
0.00865245
0.01359216
0.01850633
0.02317281
0.02730594
0.03059818
0.03279391
0.03370745
0.03325038
0.03134272
0.02799004
0.02330427
0.01754648
0.01115680
0.00450162
-0.00203344
-0.00807853
-0.01344812
-0.01822104
-0.02260699
-0.02686687
-0.03105981
-0.03521405
-0.03937732
-0.04353704
-0.04759346
-0.05129024
-0.05433713
-0.05649509
-0.05748126
-0.05703424
-0.05494888
-0.05110690
-0.04550872
-0.03830122
-0.02987359
-0.02079822
-0.01174187
-0.00326674
0.00420311
0.01040743
0.01510406
0.01815781
0.01953198
0.01932532
0.01781679
0.01529308
0.01205764
0.00827730
0.00411175
-0.00024843
-0.00464801
-0.00891698
-0.01280081
-0.01599458
-0.01817615
-0.01903311
-0.01834799
-0.01611856
-0.01250058
-0.00775679
-0.00233589
0.00310301
0.00787243
0.01131555
0.01297126
0.01253016
0.00992026
0.00529024
-0.00097016
-0.00837844
-0.01627449
-0.02385320
-0.03060263
-0.03620653
-0.04043754
-0.04315710
-0.04429512
-0.04374674
-0.04144423
-0.03737820
-0.03165688
-0.02454340
-0.01640427
-0.00773386
0.00101450
0.00931133
0.01653826
0.02219793
0.02597529
0.02764944
0.02710259
0.02424612
0.01920636
0.01240534
0.00420223
-0.00491275
-0.01425291
-0.02301312
-0.03034126
-0.03565333
-0.03858904
-0.03887510
-0.03645091
-0.03151282
-0.02421572
-0.01485480
-0.00404984
0.00743982
0.01885264
0.02946316
0.03863068
0.04595378
0.05125452
0.05454526
0.05575312
0.05478431
0.05170596
0.04668832
0.03990931
0.03157163
0.02197999
0.01160408
0.00108465
-0.00889103
-0.01766174
-0.02469474
-0.02972747
-0.03277361
-0.03396568
-0.03355382
-0.03185613
-0.02907012
-0.02537877
-0.02120862
-0.01703265
-0.01319052
-0.00985534
-0.00703361
-0.00476557
-0.00302763
-0.00168072
-0.00062025
0.00018032
0.00079504
0.00134746
0.00198220
0.00282392
0.00394672
0.00542605
0.00732507
0.00971164
0.01265273
0.01622154
0.02045370
0.02530971
0.03077520
0.03676926
0.04309584
0.04945678
0.05546837
0.06074492
0.06492927
0.06778741
0.06917809
0.06902832
0.06722287
0.06365778
0.05827596
0.05113008
0.04240860
0.03249878
0.02203369
0.01162098
0.00189183
-0.00660203
-0.01359371
-0.01920382
-0.02345306
-0.02635660
-0.02798674
-0.02839283
-0.02756936
-0.02557270
-0.02256535
-0.01857334
-0.01368942
-0.00819424
-0.00241068
0.00332957
0.00877051
0.01370342
0.01791085
0.02117264
0.02326876
0.02406764
0.02353656
0.02160178
0.01827530
0.01371457
0.00812958
0.00183566
-0.00468814
-0.01087459
-0.01626508
-0.02058135
-0.02380241
-0.02605338
-0.02754022
-0.02823649
-0.02815406
-0.02745167
-0.02621122
-0.02448310
-0.02240371
-0.02018374
-0.01808605
-0.01634354
-0.01514779
-0.01469636
-0.01510108
-0.01630581
-0.01821954
-0.02074410
-0.02370736
-0.02684706
-0.02987839
-0.03260657
-0.03501045
-0.03701161
-0.03848696
-0.03930299
-0.03930636
-0.03833947
-0.03630040
-0.03318140
-0.02896511
-0.02380042
-0.01810686
-0.01234328
-0.00692238
-0.00210333
0.00202101
0.00551689
0.00852904
0.01121170
0.01368930
0.01605371
0.01836598
0.02060649
0.02267148
0.02450204
0.02609350
0.02738357
0.02826998
0.02862298
0.02848092
0.02809445
0.02767973
0.02743842
0.02750183
0.02795087
0.02881891
0.03017756
0.03206962
0.03441524
0.03709389
0.03999794
0.04305203
0.04618339
0.04925983
0.05215183
0.05477423
0.05709631
0.05912026
0.06070382
0.06169715
0.06206579
0.06169731
0.06041642
0.05821306
0.05516366
0.05127441
0.04658922
0.04123075
0.03533660
0.02910729
0.02283905
0.01682929
0.01130354
0.00644741
0.00238363
-0.00080822
-0.00313973
-0.00473134
-0.00569204
-0.00613462
-0.00620901
-0.00610277
-0.00599232
-0.00592769
-0.00581257
-0.00563356
-0.00545424
-0.00545725
-0.00585439
-0.00681526
-0.00833987
-0.01028202
-0.01252876
-0.01495012
-0.01743178
-0.01988932
-0.02225793
-0.02440754
-0.02622157
-0.02766246
-0.02871727
-0.02937870
-0.02949051
-0.02888292
-0.02754392
-0.02551301
-0.02287588
-0.01974899
-0.01633222
-0.01293004
-0.00991447
-0.00768949
-0.00658744
-0.00682667
-0.00850098
-0.01154812
-0.01573679
-0.02073829
-0.02612592
-0.03157107
-0.03682490
-0.04175251
-0.04609715
-0.04951221
-0.05187177
-0.05312388
-0.05319647
-0.05210902
-0.05000748
-0.04704204
-0.04337177
-0.03907500
-0.03425394
-0.02907181
-0.02369142
-0.01830252
-0.01311079
-0.00827037
-0.00386574
-0.00009680
0.00282503
0.00484037
0.00597396
0.00633065
0.00605284
0.00527635
0.00395723
0.00214223
0.00008433
-0.00209677
-0.00434825
-0.00657463
-0.00861009
-0.01020359
-0.01122728
-0.01167372
-0.01154228
-0.01086023
-0.00966809
-0.00807248
-0.00624174
-0.00427070
-0.00225736
-0.00031184
0.00152619
0.00327723
0.00486281
0.00621805
0.00739588
0.00841317
0.00923878
0.00987827
0.01037167
0.01079877
0.01120920
0.01161264
0.01204057
0.01250139
0.01290169
0.01316796
0.01328838
0.01319766
0.01283229
0.01218472
0.01122510
0.00988932
0.00816716
0.00611304
0.00379460
0.00130127
-0.00125829
-0.00377267
-0.00614543
-0.00833038
-0.01028070
-0.01192384
-0.01322556
-0.01419366
-0.01483041
-0.01514080
-0.01512451
-0.01482814
-0.01435222
-0.01378836
-0.01321343
-0.01266769
-0.01224009
-0.01205876
-0.01211386
-0.01233458
-0.01263461
-0.01289479
-0.01296346
-0.01268517
-0.01196583
-0.01084935
-0.00943330
-0.00782515
-0.00609329
-0.00429660
-0.00251545
-0.00083237
0.00068687
0.00204548
0.00331587
0.00463500
0.00611872
0.00779259
0.00958909
0.01139525
0.01330367
0.01539087
0.01755627
0.01983985
0.02241079
0.02524189
0.02822985
0.03130101
0.03433686
0.03716545
0.03964169
0.04162555
0.04295241
0.04350232
0.04322863
0.04207003
0.03997505
0.03689227
0.03280247
0.02776741
0.02197192
0.01575813
0.00950547
0.00356064
-0.00186689
-0.00665046
-0.01071909
-0.01381933
-0.01581352
-0.01690929
-0.01730143
-0.01716633
-0.01666300
-0.01594370
-0.01514282
-0.01439821
-0.01385237
-0.01350841
-0.01331082
-0.01326044
-0.01330633
-0.01332097
-0.01323758
-0.01302148
-0.01261382
-0.01199270
-0.01119911
-0.01027778
-0.00928589
-0.00830521
-0.00743403
-0.00677638
-0.00635548
-0.00612793
-0.00614317
-0.00642542
-0.00687872
-0.00738618
-0.00782828
-0.00811480
-0.00816680
-0.00792118
-0.00731225
-0.00630045
-0.00501759
-0.00367465
-0.00237290
-0.00119901
-0.00022244
0.00054734
0.00114337
0.00158672
0.00189612
0.00209299
0.00220779
0.00227859
0.00232630
0.00233510
0.00224734
0.00207067
0.00187929
0.00173654
0.00167180
0.00164025
0.00168971
0.00196365
0.00245691
0.00314769
0.00411416
0.00535650
0.00675644
0.00823577
0.00973005
0.01121447
0.01261583
0.01380081
0.01473254
0.01541891
0.01581258
0.01590990
0.01578618
0.01545652
0.01489747
0.01407479
0.01298505
0.01167557
0.01014379
0.00836156
0.00637234
0.00425628
0.00211522
0.00006845
-0.00175284
-0.00327130
-0.00445949
-0.00531703
-0.00582632
-0.00595635
-0.00575656
-0.00530680
-0.00463109
-0.00380759
-0.00299475
-0.00228247
-0.00172759
-0.00141362
-0.00136354
-0.00151169
-0.00179921
-0.00215991
-0.00250948
-0.00276666
-0.00287539
-0.00279406
-0.00249800
-0.00196586
-0.00121260
-0.00031318
0.00071718
0.00193184
0.00334539
0.00495375
0.00673421
0.00872104
0.01099832
0.01346548
0.01593285
0.01830206
0.02050226
0.02247041
0.02407066
0.02514872
0.02562592
0.02545275
0.02460415
0.02306450
0.02086950
0.01809988
0.01488200
0.01137147
0.00773598
0.00414452
0.00068431
-0.00258823
-0.00560131
-0.00821738
-0.01025632
-0.01177224
-0.01290540
-0.01369946
-0.01423072
-0.01461522
-0.01490823
-0.01512354
-0.01524530
-0.01527821
-0.01527310
-0.01524790
-0.01521321
-0.01521209
-0.01524681
-0.01523656
-0.01512491
-0.01486610
-0.01437624
-0.01361765
-0.01263544
-0.01138559
-0.00975272
-0.00770426
-0.00525623
-0.00243436
0.00067896
0.00392965
0.00715299
0.01019706
0.01300195
0.01550624
0.01763088
0.01933197
0.02059054
0.02138974
0.02169125
0.02144063
0.02062983
0.01931118
0.01755380
0.01543986
0.01305504
0.01055315
0.00814939
0.00601027
0.00422578
0.00276747
0.00162608
0.00080161
0.00023763
-0.00013282
-0.00033712
-0.00039149
-0.00032056
-0.00024244
-0.00027730
-0.00041245
-0.00066151
-0.00109045
-0.00171898
-0.00250639
-0.00334500
-0.00418745
-0.00509410
-0.00608960
-0.00717798
-0.00838907
-0.00967893
-0.01089417
-0.01201940
-0.01313801
-0.01422911
-0.01528348
-0.01635820
-0.01754150
-0.01891926
-0.02043974
-0.02202389
-0.02366942
-0.02534362
-0.02697252
-0.02843240
-0.02958568
-0.03034554
-0.03075265
-0.03097816
-0.03099422
-0.03072686
-0.03024980
-0.02958435
-0.02863824
-0.02741206
-0.02598810
-0.02448523
-0.02301217
-0.02161892
-0.02036396
-0.01929091
-0.01840671
-0.01774429
-0.01738638
-0.01731813
-0.01743145
-0.01772567
-0.01821371
-0.01886921
-0.01967352
-0.02061585
-0.02165228
-0.02271836
-0.02376429
-0.02473296
-0.02555801
-0.02622737
-0.02674021
-0.02699617
-0.02690985
-0.02645144
-0.02556146
-0.02417679
-0.02223281
-0.01973519
-0.01680731
-0.01357187
-0.01016964
-0.00677725
-0.00355546
-0.00057695
0.00213621
0.00459415
0.00672272
0.00849440
0.01007238
0.01156392
0.01293826
0.01421221
0.01541119
0.01649523
0.01740541
0.01809677
0.01857979
0.01891152
0.01912279
0.01928665
0.01952692
0.01982673
0.02003993
0.02021788
0.02046345
0.02080486
0.02124135
0.02173421
0.02221075
0.02259336
0.02291407
0.02318071
0.02333714
0.02338155
0.02333436
0.02311337
0.02267357
0.02209846
0.02147865
0.02090933
0.02045369
0.02015755
0.02006384
0.02019950
0.02056208
0.02114893
0.02194267
0.02290296
0.02398078
0.02510515
0.02614142
0.02694625
0.02750437
0.02781758
0.02786349
0.02758909
0.02693958
0.02590537
0.02452061
0.02285481
0.02101768
0.01915030
0.01732051
0.01557352
0.01396923
0.01250929
0.01112443
0.00977353
0.00840414
0.00692530
0.00529996
0.00356942
0.00168597
-0.00041190
-0.00259904
-0.00474723
-0.00682858
-0.00879816
-0.01059790
-0.01218347
-0.01353642
-0.01467264
-0.01561805
-0.01640624
-0.01703425
-0.01751320
-0.01790940
-0.01822318
-0.01836683
-0.01833958
-0.01818592
-0.01791280
-0.01748702
-0.01684716
-0.01602706
-0.01510599
-0.01406390
-0.01291911
-0.01179311
-0.01073314
-0.00972395
-0.00877627
-0.00788703
-0.00703172
-0.00616251
-0.00521603
-0.00417571
-0.00305059
-0.00186496
-0.00062618
0.00067986
0.00204182
0.00342799
0.00476978
0.00601839
0.00715323
0.00819843
0.00920483
0.01016999
0.01103815
0.01170631
0.01221518
0.01269748
0.01319740
0.01372065
0.01423475
0.01472834
0.01521749
0.01574934
0.01636791
0.01707114
0.01784763
0.01867866
0.01951659
0.02029752
0.02095954
0.02153372
0.02214228
0.02274641
0.02327160
0.02374830
0.02420155
0.02463114
0.02502180
0.02535753
0.02564113
0.02586734
0.02601353
0.02603521
0.02589727
0.02562852
0.02525643
0.02476201
0.02412505
0.02333562
0.02240394
0.02137832
0.02033679
0.01929526
0.01822572
0.01723629
0.01640756
0.01564057
0.01488270
0.01416059
0.01348196
0.01283274
0.01214235
0.01135827
0.01046490
0.00945924
0.00835546
0.00717499
0.00596748
0.00480242
0.00374808
0.00285923
0.00213508
0.00157176
0.00120348
0.00094400
0.00062712
0.00024774
-0.00020673
-0.00085582
-0.00173221
-0.00274593
-0.00378676
-0.00477129
-0.00573525
-0.00668765
-0.00757585
-0.00833889
-0.00891944
-0.00930352
-0.00956140
-0.00984904
-0.01017015
-0.01044550
-0.01069423
-0.01095608
-0.01125744
-0.01164149
-0.01217499
-0.01292595
-0.01390885
-0.01504984
-0.01632788
-0.01777231
-0.01929287
-0.02077934
-0.02222245
-0.02367379
-0.02521601
-0.02682233
-0.02839439
-0.02986161
-0.03118558
-0.03238672
-0.03352191
-0.03465469
-0.03572579
-0.03663532
-0.03729254
-0.03769795
-0.03793040
-0.03796458
-0.03779360
-0.03752720
-0.03728724
-0.03716076
-0.03703517
-0.03676482
-0.03642194
-0.03602868
-0.03549412
-0.03486602
-0.03426737
-0.03375221
-0.03330314
-0.03283890
-0.03237013
-0.03195883
-0.03155492
-0.03108595
-0.03051680
-0.02981203
-0.02895271
-0.02797922
-0.02693493
-0.02578514
-0.02454429
-0.02330486
-0.02212673
-0.02102191
-0.01993193
-0.01878250
-0.01752745
-0.01618350
-0.01480870
-0.01338935
-0.01191816
-0.01042777
-0.00892512
-0.00740133
-0.00589704
-0.00446708
-0.00314960
-0.00196277
-0.00089821
0.00004287
0.00086025
0.00157101
0.00225273
0.00303665
0.00392731
0.00487714
0.00590424
0.00698766
0.00804162
0.00904208
0.01001353
0.01096321
0.01187916
0.01272315
0.01347315
0.01412080
0.01463706
0.01496927
0.01504108
0.01479053
0.01419018
0.01326664
0.01208637
0.01068875
0.00912552
0.00748234
0.00583365
0.00422181
0.00260064
0.00098412
-0.00040932
-0.00146583
-0.00222374
-0.00260304
-0.00252619
-0.00206270
-0.00128294
-0.00021175
0.00103920
0.00230089
0.00350138
0.00460029
0.00556040
0.00635177
0.00696160
0.00743652
0.00783557
0.00814938
0.00839558
0.00864706
0.00893586
0.00925611
0.00956608
0.00982818
0.01003672
0.01019664
0.01031522
0.01038610
0.01039603
0.01031903
0.01017982
0.01005569
0.00994517
0.00981421
0.00970247
0.00962775
0.00953702
0.00939277
0.00918768
0.00892015
0.00859953
0.00825619
0.00793328
0.00767476
0.00744777
0.00720384
0.00700973
0.00693626
0.00699329
0.00718481
0.00751266
0.00800356
0.00870083
0.00965884
0.01084174
0.01210388
0.01334543
0.01449190
0.01550702
0.01637496
0.01708014
0.01756133
0.01775895
0.01773692
0.01757215
0.01726899
0.01689297
0.01657168
0.01632155
0.01613539
0.01606081
0.01609354
0.01616446
0.01625245
0.01637912
0.01656605
0.01679050
0.01695872
0.01707225
0.01722757
0.01742998
0.01765656
0.01789283
0.01814633
0.01843610
0.01865951
0.01869413
0.01863755
0.01857694
0.01847077
0.01833651
0.01823887
0.01817196
0.01813671
0.01817688
0.01826585
0.01830646
0.01819922
0.01787223
0.01735358
0.01667167
0.01583791
0.01481334
0.01358742
0.01231504
0.01115140
0.01016364
0.00933194
0.00857578
0.00785018
0.00714525
0.00649976
0.00588319
0.00522258
0.00457448
0.00399888
0.00346885
0.00299577
0.00263659
0.00235926
0.00207992
0.00171880
0.00127742
0.00086420
0.00051333
0.00022692
0.00001645
-0.00013644
-0.00028463
-0.00042414
-0.00051293
-0.00058508
-0.00071479
-0.00098659
-0.00137548
-0.00176429
-0.00217826
-0.00264755
-0.00308049
-0.00344905
-0.00382015
-0.00421160
-0.00459093
-0.00484950
-0.00497061
-0.00508348
-0.00520254
-0.00528484
-0.00533598
-0.00539299
-0.00550444
-0.00568515
-0.00591981
-0.00623062
-0.00662979
-0.00710033
-0.00758460
-0.00799488
-0.00837028
-0.00877040
-0.00917524
-0.00956108
-0.00991146
-0.01018818
-0.01039149
-0.01065884
-0.01106616
-0.01154729
-0.01215435
-0.01298938
-0.01396307
-0.01495777
-0.01594543
-0.01690952
-0.01784047
-0.01876166
-0.01969460
-0.02060786
-0.02143276
-0.02208194
-0.02255727
-0.02289246
-0.02307804
-0.02313581
-0.02313332
-0.02305700
-0.02287688
-0.02267435
-0.02250640
-0.02235353
-0.02218513
-0.02196937
-0.02171520
-0.02146295
-0.02128597
-0.02120402
-0.02119657
-0.02124866
-0.02131842
-0.02132799
-0.02131064
-0.02137893
-0.02143415
-0.02137821
-0.02127115
-0.02113775
-0.02095758
-0.02076993
-0.02060622
-0.02042150
-0.02019209
-0.01993704
-0.01964139
-0.01929946
-0.01896686
-0.01866490
-0.01836859
-0.01808692
-0.01783402
-0.01761293
-0.01739246
-0.01711427
-0.01679570
-0.01647268
-0.01610951
-0.01567455
-0.01517070
-0.01458228
-0.01388168
-0.01304917
-0.01210607
-0.01112033
-0.01010093
-0.00901815
-0.00787461
-0.00669101
-0.00552367
-0.00441093
-0.00335910
-0.00232851
-0.00127893
-0.00021093
0.00092033
0.00218660
0.00349692
0.00474728
0.00597389
0.00719560
0.00840059
0.00956847
0.01065591
0.01158639
0.01238215
0.01318405
0.01396544
0.01467004
0.01536699
0.01607479
0.01673171
0.01736926
0.01804500
0.01874973
0.01944551
0.02007472
0.02058103
0.02093523
0.02121429
0.02147326
0.02167141
0.02180538
0.02191515
0.02208546
0.02234563
0.02260842
0.02282450
0.02299361
0.02313607
0.02329230
0.02350393
0.02374923
0.02395696
0.02409743
0.02418607
0.02428699
0.02438828
0.02440537
0.02429742
0.02405823
0.02371659
0.02330319
0.02284185
0.02231944
0.02173939
0.02118446
0.02069723
0.02024923
0.01979631
0.01931676
0.01888308
0.01850059
0.01808154
0.01759469
0.01704158
0.01644440
0.01579810
0.01507054
0.01432362
0.01363530
0.01298681
0.01235141
0.01172340
0.01113488
0.01061039
0.01007917
0.00949234
0.00887640
0.00831194
0.00787533
0.00752228
0.00718656
0.00682499
0.00643018
0.00602561
0.00565723
0.00531101
0.00488060
0.00441281
0.00402798
0.00373669
0.00350617
0.00328851
0.00307190
0.00287495
0.00277473
0.00282649
0.00300442
0.00327907
0.00361485
0.00397932
0.00435240
0.00473988
0.00513330
0.00552361
0.00592505
0.00630550
0.00654568
0.00665224
0.00673430
0.00678144
0.00676495
0.00668826
0.00653645
0.00628677
0.00598202
0.00566470
0.00531218
0.00494175
0.00459998
0.00422735
0.00380193
0.00343670
0.00313370
0.00278623
0.00240941
0.00202652
0.00158005
0.00100541
0.00025974
-0.00056088
-0.00136337
-0.00220751
-0.00310812
-0.00400883
-0.00492273
-0.00586932
-0.00680990
-0.00774125
-0.00869126
-0.00961590
-0.01047041
-0.01127082
-0.01203415
-0.01276033
-0.01345052
-0.01411448
-0.01476362
-0.01543251
-0.01618072
-0.01699315
-0.01783563
-0.01875671
-0.01978406
-0.02088679
-0.02201339
-0.02309953
-0.02410249
-0.02496530
-0.02562197
-0.02608514
-0.02641164
-0.02662560
-0.02673799
-0.02675643
-0.02673144
-0.02671298
-0.02667547
-0.02660027
-0.02651202
-0.02645587
-0.02646068
-0.02647258
-0.02644512
-0.02637676
-0.02633864
-0.02639444
-0.02646406
-0.02648685
-0.02647287
-0.02643204
-0.02638358
-0.02632279
-0.02624570
-0.02614317
-0.02601260
-0.02584512
-0.02560763
-0.02530361
-0.02498525
-0.02470594
-0.02447513
-0.02416274
-0.02370542
-0.02317189
-0.02259112
-0.02197942
-0.02132017
-0.02060322
-0.01983080
-0.01897944
-0.01803550
-0.01704732
-0.01605064
-0.01503027
-0.01392527
-0.01269803
-0.01144039
-0.01018690
-0.00887181
-0.00753881
-0.00627174
-0.00509704
-0.00402722
-0.00307535
-0.00228275
-0.00166429
-0.00113554
-0.00065361
-0.00024996
0.00014595
0.00061200
0.00108749
0.00154316
0.00202653
0.00252332
0.00298545
0.00336281
0.00363826
0.00384149
0.00398864
0.00410948
0.00426620
0.00449770
0.00480519
0.00518427
0.00562707
0.00613813
0.00669741
0.00725285
0.00777073
0.00823849
0.00868045
0.00909067
0.00941772
0.00969613
0.00996297
0.01014170
0.01019954
0.01019804
0.01019244
0.01021031
0.01020830
0.01015611
0.01005969
0.00995546
0.00988699
0.00982015
0.00974723
0.00972181
0.00972653
0.00970967
0.00964544
0.00956245
0.00955231
0.00963549
0.00978926
0.01001215
0.01029070
0.01059564
0.01092610
0.01129625
0.01171136
0.01218542
0.01273045
0.01329545
0.01380215
0.01425248
0.01466466
0.01503435
0.01534195
0.01556384
0.01570406
0.01580856
0.01597655
0.01616151
0.01622585
0.01624969
0.01632821
0.01644754
0.01658725
0.01672235
0.01686884
0.01705294
0.01728643
0.01754962
0.01779542
0.01802249
0.01822761
0.01838441
0.01852844
0.01874029
0.01898336
0.01919273
0.01934592
0.01943771
0.01947538
0.01947902
0.01944417
0.01930873
0.01906036
0.01874890
0.01839444
0.01801620
0.01764099
0.01727067
0.01688212
0.01650436
0.01615698
0.01576896
0.01529463
0.01473558
0.01412273
0.01349416
0.01283087
0.01214139
0.01146965
0.01072462
0.00983844
0.00898827
0.00828405
0.00766189
0.00704981
0.00636269
0.00554709
0.00460788
0.00360512
0.00255624
0.00148684
0.00047320
-0.00042866
-0.00121896
-0.00189556
-0.00247576
-0.00303829
-0.00365089
-0.00433391
-0.00510945
-0.00597642
-0.00687734
-0.00776834
-0.00865655
-0.00951378
-0.01028508
-0.01092788
-0.01143206
-0.01183477
-0.01212159
-0.01224958
-0.01223087
-0.01211149
-0.01195622
-0.01179924
-0.01165413
-0.01156926
-0.01155036
-0.01150742
-0.01139928
-0.01124966
-0.01109143
-0.01091079
-0.01059603
-0.01013068
-0.00958704
-0.00899077
-0.00833411
-0.00756580
-0.00671230
-0.00588148
-0.00512139
-0.00444910
-0.00386750
-0.00337766
-0.00297823
-0.00270869
-0.00261375
-0.00269425
-0.00291582
-0.00320901
-0.00356051
-0.00397390
-0.00444756
-0.00498525
-0.00557698
-0.00615320
-0.00665724
-0.00712191
-0.00753641
-0.00783728
-0.00801818
-0.00809905
-0.00807692
-0.00795996
-0.00776936
-0.00750221
-0.00713595
-0.00664836
-0.00609537
-0.00561955
-0.00520079
-0.00476531
-0.00431383
-0.00385222
-0.00337111
-0.00286138
-0.00230552
-0.00164814
-0.00087216
-0.00002129
0.00095510
0.00209152
0.00321603
0.00421142
0.00513069
0.00603160
0.00695775
0.00786879
0.00871587
0.00947900
0.01018379
0.01088344
0.01159590
0.01230449
0.01295022
0.01352562
0.01405836
0.01456285
0.01505187
0.01552245
0.01596778
0.01636443
0.01665156
0.01678724
0.01678985
0.01664862
0.01635080
0.01593199
0.01546003
0.01502183
0.01464153
0.01429825
0.01404340
0.01390860
0.01385505
0.01383422
0.01379599
0.01374528
0.01368613
0.01358946
0.01343451
0.01322228
0.01302098
0.01286438
0.01267150
0.01239240
0.01201838
0.01156476
0.01105378
0.01048110
0.00986847
0.00925653
0.00865611
0.00807105
0.00751594
0.00697995
0.00644328
0.00597263
0.00558008
0.00511608
0.00453157
0.00389350
0.00327790
0.00272078
0.00215081
0.00156264
0.00099043
0.00035231
-0.00042809
-0.00133641
-0.00237812
-0.00355529
-0.00480776
-0.00607816
-0.00735961
-0.00862736
-0.00985031
-0.01103823
-0.01219883
-0.01330845
-0.01433990
-0.01525886
-0.01603267
-0.01666404
-0.01720998
-0.01770846
-0.01815885
-0.01850581
-0.01871745
-0.01883556
-0.01888276
-0.01885989
-0.01876835
-0.01861203
-0.01840031
-0.01815104
-0.01789609
-0.01768274
-0.01754788
-0.01749196
-0.01749589
-0.01753420
-0.01762382
-0.01779053
-0.01803604
-0.01832149
-0.01858749
-0.01883740
-0.01910076
-0.01942136
-0.01981150
-0.02024333
-0.02065933
-0.02104192
-0.02149017
-0.02199043
-0.02245034
-0.02293343
-0.02347177
-0.02396910
-0.02437028
-0.02466951
-0.02487668
-0.02500222
-0.02504978
-0.02501453
-0.02490066
-0.02474526
-0.02458660
-0.02442558
-0.02422795
-0.02393330
-0.02351538
-0.02299311
-0.02242462
-0.02182148
-0.02114580
-0.02044913
-0.01978912
-0.01913787
-0.01848742
-0.01788252
-0.01735136
-0.01688689
-0.01641995
-0.01590276
-0.01534982
-0.01472548
-0.01397226
-0.01309475
-0.01212143
-0.01108326
-0.01000961
-0.00893707
-0.00790134
-0.00692471
-0.00600216
-0.00514154
-0.00435863
-0.00361479
-0.00286094
-0.00211439
-0.00137358
-0.00058836
0.00022555
0.00102413
0.00181970
0.00262117
0.00341208
0.00419255
0.00498028
0.00572965
0.00637824
0.00689985
0.00729399
0.00758638
0.00778283
0.00789003
0.00791951
0.00789591
0.00784026
0.00773427
0.00756147
0.00738249
0.00723511
0.00710003
0.00695354
0.00678621
0.00664577
0.00658132
0.00658917
0.00659603
0.00648692
0.00630031
0.00611022
0.00592158
0.00577161
0.00571783
0.00574652
0.00578464
0.00575508
0.00564077
0.00551386
0.00543909
0.00545784
0.00554760
0.00567299
0.00580848
0.00594735
0.00607947
0.00614217
0.00608918
0.00596647
0.00584795
0.00581894
0.00585647
0.00592254
0.00603726
0.00622402
0.00649368
0.00677968
0.00700616
0.00719669
0.00736667
0.00748704
0.00756910
0.00765683
0.00778365
0.00797088
0.00821794
0.00854444
0.00898157
0.00955117
0.01023300
0.01094309
0.01168423
0.01257344
0.01354585
0.01444073
0.01523660
0.01592889
0.01647896
0.01689116
0.01722497
0.01747354
0.01761138
0.01765258
0.01758794
0.01737802
0.01708016
0.01682334
0.01659739
0.01637671
0.01621478
0.01610190
0.01593901
0.01572865
0.01552268
0.01529646
0.01504228
0.01482532
0.01465509
0.01448704
0.01433892
0.01422978
0.01414034
0.01404247
0.01391371
0.01376404
0.01362612
0.01351271
0.01342685
0.01335021
0.01327141
0.01318515
0.01308708
0.01297795
0.01286347
0.01273219
0.01255482
0.01229231
0.01191741
0.01151291
0.01117074
0.01088801
0.01070687
0.01072454
0.01091588
0.01118797
0.01157388
0.01207440
0.01256040
0.01294801
0.01323307
0.01347311
0.01372659
0.01392353
0.01401655
0.01404437
0.01402605
0.01395825
0.01382625
0.01364590
0.01349864
0.01344032
0.01347417
0.01357621
0.01371926
0.01395776
0.01429734
0.01461537
0.01485320
0.01503407
0.01517905
0.01529559
0.01534739
0.01533861
0.01533857
0.01531180
0.01515539
0.01485436
0.01441796
0.01383418
0.01309738
0.01221216
0.01118302
0.01004023
0.00885788
0.00766170
0.00638690
0.00510791
0.00401722
0.00313493
0.00240837
0.00178916
0.00127829
0.00092142
0.00063009
0.00028356
-0.00007554
-0.00042041
-0.00082537
-0.00135229
-0.00202492
-0.00277578
-0.00352311
-0.00425101
-0.00498235
-0.00576792
-0.00657229
-0.00734252
-0.00812773
-0.00895402
-0.00978197
-0.01059959
-0.01140094
-0.01212882
-0.01277841
-0.01347067
-0.01424257
-0.01502003
-0.01571830
-0.01626923
-0.01672487
-0.01712455
-0.01745519
-0.01773106
-0.01795571
-0.01804544
-0.01796046
-0.01779478
-0.01761582
-0.01744156
-0.01725549
-0.01703472
-0.01680772
-0.01663049
-0.01655977
-0.01654957
-0.01650854
-0.01646528
-0.01643859
-0.01637297
-0.01624250
-0.01604717
-0.01581440
-0.01557645
-0.01533626
-0.01511353
-0.01493610
-0.01476776
-0.01456171
-0.01437683
-0.01423104
-0.01404447
-0.01381792
-0.01361789
-0.01345570
-0.01331537
-0.01315705
-0.01298728
-0.01286116
-0.01271811
-0.01249416
-0.01226185
-0.01206866
-0.01188660
-0.01172190
-0.01158647
-0.01145083
-0.01128983
-0.01111252
-0.01093965
-0.01078680
-0.01056588
-0.01021379
-0.00985594
-0.00955665
-0.00923786
-0.00884329
-0.00834510
-0.00778884
-0.00721889
-0.00663697
-0.00610568
-0.00572171
-0.00546792
-0.00528544
-0.00515286
-0.00507571
-0.00508791
-0.00514876
-0.00519534
-0.00525342
-0.00533939
-0.00540871
-0.00545727
-0.00552157
-0.00567350
-0.00595249
-0.00628432
-0.00662146
-0.00697070
-0.00730159
-0.00759262
-0.00789916
-0.00824374
-0.00857752
-0.00890332
-0.00924774
-0.00958925
-0.00989292
-0.01013496
-0.01033113
-0.01054199
-0.01080517
-0.01110971
-0.01134639
-0.01146090
-0.01151963
-0.01155738
-0.01158422
-0.01158729
-0.01156111
-0.01154165
-0.01154471
-0.01155762
-0.01154073
-0.01148751
-0.01149192
-0.01154483
-0.01149322
-0.01133808
-0.01116655
-0.01100707
-0.01084520
-0.01062038
-0.01029576
-0.00986309
-0.00933086
-0.00872735
-0.00808108
-0.00741125
-0.00672807
-0.00602712
-0.00530487
-0.00456464
-0.00384293
-0.00320301
-0.00261673
-0.00199057
-0.00137346
-0.00081475
-0.00024705
0.00030099
0.00068887
0.00098089
0.00129708
0.00160141
0.00182439
0.00191366
0.00191833
0.00194543
0.00195674
0.00190073
0.00180528
0.00170612
0.00162347
0.00155359
0.00149654
0.00149478
0.00160504
0.00187403
0.00226734
0.00270455
0.00317558
0.00368408
0.00422667
0.00477332
0.00528301
0.00577365
0.00625991
0.00667634
0.00700215
0.00728668
0.00758755
0.00795084
0.00836200
0.00876790
0.00910203
0.00939878
0.00978201
0.01023984
0.01073211
0.01128458
0.01187908
0.01241987
0.01286262
0.01319931
0.01344465
0.01363250
0.01380378
0.01401036
0.01430495
0.01460986
0.01484219
0.01505200
0.01522876
0.01527692
0.01520388
0.01509171
0.01499915
0.01493261
0.01481941
0.01463190
0.01440533
0.01422050
0.01414207
0.01411560
0.01411142
0.01415795
0.01424465
0.01433598
0.01442275
0.01449947
0.01455197
0.01458875
0.01463970
0.01476292
0.01498892
0.01523390
0.01542090
0.01552834
0.01561735
0.01577652
0.01589991
0.01589166
0.01580349
0.01566514
0.01546707
0.01522343
0.01496380
0.01470735
0.01446141
0.01422451
0.01399882
0.01378537
0.01358169
0.01337489
0.01314492
0.01288360
0.01259495
0.01225789
0.01185815
0.01141796
0.01095503
0.01046309
0.00994004
0.00940472
0.00891291
0.00848223
0.00801656
0.00746489
0.00685310
0.00624834
0.00571893
0.00522121
0.00473499
0.00431129
0.00392412
0.00349955
0.00303782
0.00256442
0.00209257
0.00161570
0.00110920
0.00060957
0.00017089
-0.00021079
-0.00054363
-0.00082071
-0.00104558
-0.00123360
-0.00140574
-0.00159260
-0.00182644
-0.00212060
-0.00245513
-0.00284705
-0.00331271
-0.00379779
-0.00427486
-0.00479741
-0.00540824
-0.00612439
-0.00689506
-0.00764395
-0.00831397
-0.00890537
-0.00946282
-0.00996927
-0.01041752
-0.01087838
-0.01132639
-0.01161595
-0.01178454
-0.01194219
-0.01210430
-0.01226030
-0.01237588
-0.01243637
-0.01243657
-0.01238452
-0.01227444
-0.01208110
-0.01183272
-0.01160520
-0.01141252
-0.01123339
-0.01104279
-0.01086514
-0.01077381
-0.01075210
-0.01074593
-0.01073253
-0.01070255
-0.01065986
-0.01058522
-0.01046945
-0.01039373
-0.01040415
-0.01044771
-0.01049641
-0.01052738
-0.01048621
-0.01036801
-0.01027014
-0.01020371
-0.01010120
-0.00995294
-0.00978236
-0.00964352
-0.00950137
-0.00922550
-0.00885423
-0.00849629
-0.00819047
-0.00791238
-0.00757778
-0.00719442
-0.00682203
-0.00648071
-0.00615118
-0.00576591
-0.00532089
-0.00487548
-0.00450911
-0.00426560
-0.00409595
-0.00393803
-0.00375182
-0.00360977
-0.00358131
-0.00358387
-0.00356457
-0.00355582
-0.00357502
-0.00363572
-0.00375347
-0.00390388
-0.00401204
-0.00404679
-0.00400637
-0.00389854
-0.00373556
-0.00353475
-0.00328643
-0.00296585
-0.00256731
-0.00211870
-0.00169562
-0.00132153
-0.00095529
-0.00060283
-0.00028729
-0.00003056
0.00015497
0.00026560
0.00030914
0.00029999
0.00023557
0.00012941
0.00003610
-0.00000853
-0.00000108
-0.00001405
-0.00009155
-0.00017017
-0.00018980
-0.00011428
-0.00000778
0.00008171
0.00021587
0.00037721
0.00047417
0.00046998
0.00037421
0.00024063
0.00011723
0.00004236
0.00005466
0.00016850
0.00034470
0.00058930
0.00096257
0.00141271
0.00188538
0.00245371
0.00307796
0.00355654
0.00384644
0.00400081
0.00412122
0.00427414
0.00445687
0.00464574
0.00482232
0.00505911
0.00535738
0.00559376
0.00576501
0.00593342
0.00608791
0.00619880
0.00624488
0.00625158
0.00626647
0.00629429
0.00633276
0.00638708
0.00648678
0.00667374
0.00690894
0.00713101
0.00729845
0.00742284
0.00756368
0.00771142
0.00785868
0.00803763
0.00822183
0.00832869
0.00833271
0.00824612
0.00811987
0.00797722
0.00779926
0.00756402
0.00728207
0.00705924
0.00691233
0.00672319
0.00652469
0.00640154
0.00632442
0.00628815
0.00632634
0.00636033
0.00629242
0.00620501
0.00615149
0.00607278
0.00598991
0.00594779
0.00586397
0.00567741
0.00541658
0.00510822
0.00477717
0.00445076
0.00415216
0.00387826
0.00359688
0.00324977
0.00280348
0.00227358
0.00174342
0.00124971
0.00076802
0.00026105
-0.00028839
-0.00081633
-0.00129666
-0.00175115
-0.00212440
-0.00236868
-0.00254448
-0.00268987
-0.00280166
-0.00291581
-0.00306779
-0.00323196
-0.00337319
-0.00346678
-0.00354409
-0.00366938
-0.00385949
-0.00408558
-0.00427393
-0.00444020
-0.00466275
-0.00487928
-0.00503878
-0.00518745
-0.00529310
-0.00524978
-0.00510750
-0.00497296
-0.00489554
-0.00482723
-0.00462346
-0.00431990
-0.00400315
-0.00365024
-0.00324701
-0.00282775
-0.00242590
-0.00204760
-0.00162650
-0.00116309
-0.00079217
-0.00053392
-0.00033665
-0.00017354
-0.00000028
0.00023507
0.00048807
0.00064450
0.00073123
0.00080382
0.00087489
0.00090832
0.00084784
0.00079583
0.00082731
0.00082060
0.00071614
0.00056936
0.00041028
0.00026109
0.00013940
0.00005512
0.00000506
0.00000836
0.00008730
0.00021114
0.00034767
0.00047434
0.00056046
0.00059204
0.00060154
0.00060754
0.00057145
0.00053265
0.00057355
0.00062224
0.00061590
0.00061158
0.00064426
0.00070077
0.00072140
0.00065980
0.00055662
0.00044646
0.00033823
0.00022797
0.00011983
0.00006029
0.00006301
0.00008900
0.00014015
0.00022261
0.00030319
0.00034084
0.00031866
0.00027194
0.00024925
0.00018331
0.00004384
-0.00008170
-0.00019649
-0.00038433
-0.00066120
-0.00104474
-0.00156536
-0.00215404
-0.00266972
-0.00315116
-0.00364169
-0.00404873
-0.00436974
-0.00470731
-0.00504795
-0.00535239
-0.00563967
-0.00588627
-0.00601141
-0.00603824
-0.00601826
-0.00593514
-0.00578274
-0.00557118
-0.00526597
-0.00482823
-0.00429417
-0.00374078
-0.00326158
-0.00286267
-0.00249839
-0.00218085
-0.00194292
-0.00181812
-0.00174844
-0.00162685
-0.00144609
-0.00121515
-0.00092678
-0.00061991
-0.00034357
-0.00003515
0.00035441
0.00078378
0.00119591
0.00152587
0.00179913
0.00204067
0.00221701
0.00232173
0.00238732
0.00240055
0.00235485
0.00230831
0.00231516
0.00240969
0.00252409
0.00258779
0.00264017
0.00270019
0.00273841
0.00273516
0.00269692
0.00268937
0.00273431
0.00277779
0.00281352
0.00286027
0.00294140
0.00308006
0.00328430
0.00346717
0.00351428
0.00346154
0.00335145
0.00317406
0.00291022
0.00254478
0.00209669
0.00163688
0.00127996
0.00102225
0.00076576
0.00051882
0.00030162
0.00009670
-0.00011517
-0.00033893
-0.00055936
-0.00075789
-0.00094813
-0.00108819
-0.00108962
-0.00100686
-0.00090433
-0.00072173
-0.00042771
-0.00006930
0.00023654
0.00040606
0.00054938
0.00069776
0.00074036
0.00073638
0.00078646
0.00082818
0.00082284
0.00082093
0.00088495
0.00104257
0.00121626
0.00132301
0.00133408
0.00127516
0.00120753
0.00115827
0.00110692
0.00097944
0.00078859
0.00059733
0.00040728
0.00022017
0.00005297
-0.00007118
-0.00012999
-0.00013999
-0.00012862
-0.00012426
-0.00015171
-0.00023108
-0.00035997
-0.00050600
-0.00061551
-0.00071254
-0.00085381
-0.00099561
-0.00110853
-0.00124876
-0.00143231
-0.00164442
-0.00189394
-0.00217713
-0.00247029
-0.00275668
-0.00301907
-0.00318915
-0.00324808
-0.00328520
-0.00329199
-0.00318120
-0.00301563
-0.00288377
-0.00280792
-0.00279655
-0.00283233
-0.00285647
-0.00286342
-0.00298504
-0.00324863
-0.00355566
-0.00387659
-0.00419820
-0.00451236
-0.00479260
-0.00499639
-0.00508806
-0.00505197
-0.00493018
-0.00476686
-0.00459431
-0.00443199
-0.00427784
-0.00410675
-0.00388193
-0.00358044
-0.00323618
-0.00291098
-0.00265553
-0.00246351
-0.00226676
-0.00208168
-0.00195035
-0.00184452
-0.00172395
-0.00154683
-0.00132360
-0.00110104
-0.00093571
-0.00080658
-0.00059641
-0.00032775
-0.00008590
0.00012359
0.00030216
0.00045290
0.00059178
0.00073757
0.00092302
0.00115523
0.00138674
0.00158100
0.00170731
0.00176684
0.00180792
0.00190580
0.00201648
0.00201848
0.00193030
0.00181995
0.00174077
0.00168978
0.00160379
0.00145576
0.00126120
0.00110586
0.00102600
0.00096831
0.00090987
0.00083920
0.00077100
0.00072341
0.00071284
0.00073777
0.00079338
0.00090291
0.00104513
0.00112378
0.00114383
0.00118350
0.00118883
0.00111260
0.00100427
0.00092312
0.00092032
0.00097602
0.00104753
0.00112490
0.00118506
0.00119700
0.00120936
0.00128663
0.00137151
0.00142572
0.00148010
0.00153783
0.00158264
0.00163203
0.00168963
0.00172452
0.00175160
0.00182981
0.00191577
0.00195856
0.00200816
0.00208021
0.00214328
0.00218386
0.00219011
0.00214373
0.00206351
0.00201478
0.00201339
0.00202824
0.00199248
0.00188497
0.00178172
0.00168431
0.00153381
0.00133760
0.00113650
0.00100035
0.00093391
0.00086802
0.00078302
0.00069547
0.00066175
0.00065465
0.00053538
0.00033988
0.00017995
0.00007674
-0.00000341
-0.00013891
-0.00033841
-0.00056233
-0.00078994
-0.00100080
-0.00117670
-0.00133168
-0.00150368
-0.00165155
-0.00172710
-0.00174067
-0.00174564
-0.00182173
-0.00192298
-0.00199330
-0.00209973
-0.00228091
-0.00250120
-0.00272034
-0.00291681
-0.00316555
-0.00349813
-0.00384151
-0.00413834
-0.00436169
-0.00456821
-0.00478244
-0.00493393
-0.00503284
-0.00517686
-0.00539296
-0.00564733
-0.00583717
-0.00594133
-0.00602938
-0.00607917
-0.00607918
-0.00609437
-0.00613324
-0.00612406
-0.00600742
-0.00575826
-0.00544537
-0.00512714
-0.00480606
-0.00449135
-0.00419486
-0.00391840
-0.00362255
-0.00323645
-0.00279376
-0.00239681
-0.00199943
-0.00155858
-0.00112042
-0.00065452
-0.00009257
0.00046421
0.00091207
0.00128740
0.00161949
0.00191469
0.00219451
0.00246003
0.00264336
0.00274165
0.00285701
0.00303726
0.00328474
0.00355284
0.00382540
0.00415121
0.00451042
0.00484214
0.00513006
0.00538284
0.00562837
0.00586524
0.00606835
0.00624647
0.00639791
0.00649094
0.00657295
0.00675451
0.00697546
0.00714914
0.00728604
0.00740147
0.00749483
0.00755643
0.00760194
0.00767813
0.00778940
0.00788282
0.00795002
0.00799323
0.00796402
0.00784498
0.00766983
0.00746587
0.00726086
0.00705634
0.00685777
0.00668077
0.00650695
0.00630189
0.00609735
0.00592675
0.00577528
0.00565282
0.00559420
0.00557071
0.00553417
0.00547390
0.00539903
0.00533121
0.00524321
0.00509244
0.00484791
0.00452565
0.00419144
0.00387981
0.00360587
0.00335193
0.00311315
0.00290773
0.00270877
0.00249555
0.00233483
0.00224799
0.00217088
0.00205879
0.00189818
0.00176545
0.00166022
0.00147918
0.00126844
0.00110937
0.00096164
0.00079906
0.00064812
0.00050753
0.00037530
0.00028451
0.00021004
0.00005655
-0.00015983
-0.00037212
-0.00054904
-0.00067650
-0.00077527
-0.00093523
-0.00122937
-0.00158135
-0.00196526
-0.00244128
-0.00298948
-0.00356170
-0.00414214
-0.00468887
-0.00514673
-0.00556271
-0.00599057
-0.00635335
-0.00661776
-0.00684335
-0.00704493
-0.00721472
-0.00733830
-0.00742657
-0.00752104
-0.00758950
-0.00759602
-0.00759354
-0.00762445
-0.00768662
-0.00773037
-0.00770931
-0.00765644
-0.00760282
-0.00753836
-0.00743610
-0.00729140
-0.00716070
-0.00708502
-0.00706226
-0.00704388
-0.00697158
-0.00684834
-0.00670433
-0.00658429
-0.00651591
-0.00648779
-0.00641639
-0.00626811
-0.00609534
-0.00588609
-0.00562526
-0.00534743
-0.00506968
-0.00476773
-0.00441840
-0.00402719
-0.00367834
-0.00337336
-0.00298719
-0.00252888
-0.00207188
-0.00165647
-0.00126403
-0.00081086
-0.00030550
0.00019955
0.00066106
0.00106492
0.00143085
0.00173517
0.00196036
0.00215620
0.00235011
0.00252125
0.00264760
0.00273115
0.00284840
0.00301765
0.00315992
0.00325408
0.00331933
0.00340194
0.00354165
0.00373116
0.00394234
0.00413042
0.00426888
0.00433065
0.00428420
0.00410306
0.00378831
0.00345585
0.00319859
0.00298093
0.00282153
0.00276460
0.00272636
0.00264714
0.00261081
0.00263674
0.00265759
0.00267893
0.00270590
0.00270618
0.00269911
0.00277039
0.00292157
0.00310809
0.00328215
0.00340779
0.00347953
0.00354999
0.00365376
0.00367839
0.00360499
0.00357193
0.00357878
0.00356873
0.00354234
0.00350482
0.00344635
0.00338588
0.00334783
0.00327611
0.00313739
0.00297808
0.00283114
0.00271293
0.00263692
0.00260691
0.00261526
0.00267102
0.00278747
0.00290996
0.00298368
0.00300650
0.00301734
0.00307412
0.00312293
0.00309834
0.00299125
0.00282861
0.00266607
0.00254387
0.00244817
0.00225421
0.00195879
0.00170781
0.00152410
0.00138380
0.00126322
0.00113825
0.00099331
0.00090189
0.00092796
0.00093720
0.00086252
0.00078888
0.00074050
0.00069944
0.00061685
0.00046631
0.00027443
0.00006976
-0.00012191
-0.00030564
-0.00050457
-0.00074564
-0.00097464
-0.00110640
-0.00120999
-0.00136243
-0.00154155
-0.00174345
-0.00197080
-0.00217310
-0.00232400
-0.00248408
-0.00264756
-0.00273684
-0.00276311
-0.00275805
-0.00269719
-0.00260980
-0.00257998
-0.00257805
-0.00254181
-0.00254230
-0.00262043
-0.00272775
-0.00283414
-0.00292447
-0.00300677
-0.00307543
-0.00308863
-0.00305833
-0.00304901
-0.00307813
-0.00311931
-0.00310955
-0.00304174
-0.00298130
-0.00297061
-0.00302445
-0.00309148
-0.00311395
-0.00306551
-0.00299029
-0.00294654
-0.00287418
-0.00275574
-0.00270146
-0.00272363
-0.00275315
-0.00278302
-0.00278993
-0.00271845
-0.00260276
-0.00256210
-0.00258277
-0.00260627
-0.00260677
-0.00256861
-0.00250005
-0.00245297
-0.00249603
-0.00260751
-0.00271671
-0.00273052
-0.00269244
-0.00271419
-0.00275990
-0.00277151
-0.00274290
-0.00272176
-0.00278274
-0.00287319
-0.00292621
-0.00296506
-0.00298474
-0.00294628
-0.00291223
-0.00293554
-0.00290739
-0.00278174
-0.00264169
-0.00252736
-0.00245464
-0.00244609
-0.00249040
-0.00253256
-0.00255377
-0.00256414
-0.00252198
-0.00241730
-0.00232691
-0.00226832
-0.00219952
-0.00210980
-0.00199280
-0.00184281
-0.00170094
-0.00165196
-0.00164176
-0.00156715
-0.00145111
-0.00133162
-0.00123193
-0.00116348
-0.00113120
-0.00113871
-0.00117928
-0.00123256
-0.00126631
-0.00124100
-0.00116208
-0.00105951
-0.00098286
-0.00097198
-0.00103538
-0.00112099
-0.00116658
-0.00119455
-0.00122887
-0.00128087
-0.00132931
-0.00133843
-0.00129489
-0.00119578
-0.00105206
-0.00090567
-0.00081065
-0.00074152
-0.00067388
-0.00062145
-0.00057071
-0.00047798
-0.00030909
-0.00006503
0.00018623
0.00036584
0.00042332
0.00038676
0.00032653
0.00026479
0.00021184
0.00017927
0.00019125
0.00025841
0.00033237
0.00038403
0.00044643
0.00055012
0.00070050
0.00085628
0.00099862
0.00117587
0.00138262
0.00155015
0.00163769
0.00165965
0.00174404
0.00190690
0.00199738
0.00202172
0.00204358
0.00202815
0.00195887
0.00188036
0.00181857
0.00177916
0.00175101
0.00173797
0.00177307
0.00182927
0.00183361
0.00184016
0.00191470
0.00202530
0.00213782
0.00222261
0.00223674
0.00216478
0.00209915
0.00207970
0.00204296
0.00200849
0.00201775
0.00204114
0.00205588
0.00206828
0.00204337
0.00194063
0.00180621
0.00167523
0.00151770
0.00132228
0.00110382
0.00087670
0.00066339
0.00050102
0.00039518
0.00032282
0.00033327
0.00047174
0.00066235
0.00083492
0.00097394
0.00111736
0.00131723
0.00151802
0.00163588
0.00159807
0.00142594
0.00123593
0.00107364
0.00094192
0.00079818
0.00064355
0.00053195
0.00045267
0.00037979
0.00032686
0.00030075
0.00027920
0.00025036
0.00020995
0.00017896
0.00016459
0.00013319
0.00007626
0.00001333
-0.00001578
0.00002337
0.00012086
0.00025289
0.00040327
0.00062144
0.00094841
0.00125974
0.00150693
0.00179967
0.00211011
0.00232691
0.00246825
0.00258231
0.00268425
0.00280545
0.00298642
0.00323320
0.00352872
0.00384457
0.00416311
0.00447929
0.00475935
0.00496379
0.00507500
0.00510712
0.00511938
0.00515734
0.00524129
0.00535226
0.00547306
0.00562493
0.00581666
0.00602372
0.00616618
0.00617301
0.00609522
0.00594594
0.00566721
0.00531105
0.00496402
0.00458710
0.00417918
0.00384916
0.00361464
0.00341386
0.00325740
0.00315120
0.00303114
0.00287798
0.00273084
0.00259819
0.00247393
0.00235245
0.00223078
0.00211598
0.00199681
0.00185672
0.00169123
0.00153442
0.00146386
0.00144801
0.00137980
0.00130027
0.00124282
0.00111709
0.00090033
0.00066112
0.00043176
0.00022313
0.00002324
-0.00018242
-0.00038837
-0.00058077
-0.00073452
-0.00081461
-0.00083559
-0.00089919
-0.00101273
-0.00109590
-0.00113652
-0.00116850
-0.00125997
-0.00140762
-0.00151323
-0.00159476
-0.00170337
-0.00177750
-0.00180177
-0.00188719
-0.00205567
-0.00225328
-0.00242992
-0.00256682
-0.00271982
-0.00288791
-0.00299579
-0.00304640
-0.00308479
-0.00317966
-0.00333744
-0.00345975
-0.00352425
-0.00355778
-0.00355329
-0.00349814
-0.00338813
-0.00329306
-0.00334594
-0.00353721
-0.00379590
-0.00409702
-0.00443636
-0.00481804
-0.00518547
-0.00547386
-0.00573777
-0.00603027
-0.00631117
-0.00653446
-0.00666662
-0.00679340
-0.00698411
-0.00711908
-0.00715172
-0.00717870
-0.00721763
-0.00724162
-0.00721675
-0.00712479
-0.00699219
-0.00685308
-0.00674037
-0.00665095
-0.00658220
-0.00655875
-0.00655012
-0.00645636
-0.00629669
-0.00612763
-0.00592707
-0.00568466
-0.00543097
-0.00517344
-0.00489590
-0.00460276
-0.00429932
-0.00398440
-0.00366680
-0.00337450
-0.00310464
-0.00285160
-0.00266814
-0.00254702
-0.00238066
-0.00211890
-0.00177353
-0.00143350
-0.00117109
-0.00093854
-0.00071680
-0.00053011
-0.00036463
-0.00023096
-0.00020883
-0.00027680
-0.00028078
-0.00026422
-0.00035070
-0.00044845
-0.00045598
-0.00036595
-0.00019613
0.00001998
0.00027482
0.00057087
0.00092829
0.00134123
0.00176113
0.00217292
0.00257346
0.00295427
0.00333802
0.00376937
0.00417780
0.00443361
0.00462795
0.00485738
0.00505554
0.00523376
0.00548092
0.00573641
0.00592290
0.00607173
0.00621377
0.00635800
0.00649814
0.00661622
0.00669072
0.00672972
0.00677988
0.00685442
0.00693906
0.00699534
0.00703847
0.00717234
0.00738275
0.00755258
0.00766104
0.00774624
0.00788822
0.00805409
0.00810309
0.00806610
0.00802661
0.00798348
0.00790010
0.00773240
0.00755353
0.00745904
0.00736749
0.00719561
0.00694302
0.00663719
0.00632576
0.00603769
0.00576306
0.00544705
0.00508631
0.00473358
0.00443891
0.00419413
0.00386827
0.00346423
0.00315119
0.00293046
0.00273729
0.00254384
0.00232047
0.00204812
0.00174185
0.00144660
0.00123189
0.00112592
0.00107154
0.00100672
0.00087749
0.00074156
0.00066347
0.00060863
0.00055668
0.00051789
0.00053423
0.00063603
0.00079519
0.00096453
0.00110154
0.00125743
0.00149721
0.00174375
0.00187490
0.00178564
0.00153562
0.00127670
0.00099270
0.00067157
0.00037358
0.00008737
-0.00025759
-0.00064568
-0.00102402
-0.00134538
-0.00160294
-0.00183940
-0.00210553
-0.00242653
-0.00274334
-0.00299672
-0.00316198
-0.00328648
-0.00344086
-0.00361451
-0.00379156
-0.00397429
-0.00416153
-0.00434287
-0.00451496
-0.00467373
-0.00481128
-0.00487626
-0.00481260
-0.00471087
-0.00467110
-0.00469664
-0.00475401
-0.00478447
-0.00481468
-0.00488820
-0.00499917
-0.00511784
-0.00519478
-0.00520212
-0.00513681
-0.00503936
-0.00494194
-0.00485073
-0.00474307
-0.00459438
-0.00441608
-0.00424674
-0.00413276
-0.00402755
-0.00386950
-0.00370086
-0.00357283
-0.00349758
-0.00342402
-0.00330357
-0.00321332
-0.00317500
-0.00308143
-0.00294892
-0.00285700
-0.00278411
-0.00270796
-0.00265047
-0.00263160
-0.00265960
-0.00269805
-0.00270490
-0.00266578
-0.00261136
-0.00259580
-0.00255441
-0.00244317
-0.00234119
-0.00226208
-0.00215803
-0.00206934
-0.00203167
-0.00200741
-0.00197295
-0.00192860
-0.00189983
-0.00190194
-0.00191170
-0.00189001
-0.00179666
-0.00167643
-0.00159614
-0.00156787
-0.00154423
-0.00142642
-0.00123672
-0.00104302
-0.00084140
-0.00062825
-0.00042052
-0.00022722
-0.00004923
0.00011661
0.00022503
0.00017892
-0.00001852
-0.00028479
-0.00052205
-0.00067791
-0.00080253
-0.00090119
-0.00095051
-0.00097238
-0.00094797
-0.00077929
-0.00052583
-0.00036624
-0.00024656
-0.00010792
-0.00004326
-0.00008572
-0.00017968
-0.00026485
-0.00030722
-0.00036599
-0.00047019
-0.00058027
-0.00067616
-0.00075920
-0.00087252
-0.00100701
-0.00107524
-0.00103561
-0.00091033
-0.00081715
-0.00078431
-0.00067479
-0.00050998
-0.00040434
-0.00037419
-0.00038769
-0.00038080
-0.00036874
-0.00042091
-0.00045025
-0.00039903
-0.00037667
-0.00043127
-0.00052300
-0.00059336
-0.00061129
-0.00063536
-0.00069845
-0.00079259
-0.00089656
-0.00099818
-0.00113286
-0.00129931
-0.00143441
-0.00150478
-0.00150556
-0.00146167
-0.00143358
-0.00150172
-0.00164573
-0.00178330
-0.00187347
-0.00191657
-0.00196493
-0.00202607
-0.00209035
-0.00219269
-0.00232701
-0.00237237
-0.00233137
-0.00234112
-0.00243307
-0.00256021
-0.00259802
-0.00252755
-0.00246041
-0.00238532
-0.00226990
-0.00215995
-0.00207392
-0.00196933
-0.00183686
-0.00169902
-0.00159701
-0.00153334
-0.00144460
-0.00134150
-0.00125786
-0.00110575
-0.00084384
-0.00057801
-0.00038309
-0.00028689
-0.00030099
-0.00038771
-0.00043965
-0.00043195
-0.00042464
-0.00039950
-0.00034529
-0.00029738
-0.00024901
-0.00014532
-0.00003949
0.00000202
0.00004818
0.00012101
0.00015695
0.00020553
0.00034725
0.00050458
0.00062825
0.00076733
0.00091609
0.00103905
0.00116704
0.00132954
0.00150927
0.00169120
0.00186793
0.00203017
0.00218113
0.00236044
0.00256214
0.00273309
0.00289528
0.00307951
0.00327457
0.00347556
0.00369463
0.00390440
0.00406250
0.00417060
0.00421469
0.00415812
0.00407556
0.00410500
0.00422095
0.00434479
0.00441179
0.00444401
0.00453812
0.00462809
0.00463087
0.00456415
0.00448262
0.00445199
0.00445777
0.00446116
0.00447370
0.00450201
0.00454167
0.00458507
0.00462984
0.00468594
0.00477504
0.00491537
0.00504480
0.00506374
0.00504926
0.00506599
0.00502551
0.00489614
0.00474418
0.00465026
0.00465695
0.00468187
0.00466017
0.00459497
0.00449647
0.00439359
0.00430075
0.00423115
0.00418670
0.00412133
0.00398178
0.00380617
0.00365566
0.00355480
0.00349802
0.00345371
0.00343965
0.00347294
0.00353703
0.00359279
0.00360046
0.00358339
0.00357231
0.00353575
0.00347709
0.00345529
0.00344868
0.00339384
0.00329436
0.00315464
0.00296142
0.00276240
0.00263874
0.00256280
0.00249190
0.00243191
0.00238542
0.00234571
0.00234296
0.00239406
0.00243019
0.00239472
0.00226117
0.00205059
0.00180598
0.00154525
0.00129172
0.00107263
0.00090588
0.00079305
0.00069404
0.00057132
0.00042536
0.00028112
0.00017637
0.00004366
-0.00016888
-0.00040450
-0.00064092
-0.00089905
-0.00113667
-0.00130573
-0.00143278
-0.00152166
-0.00153664
-0.00151047
-0.00151066
-0.00156011
-0.00163752
-0.00168593
-0.00174329
-0.00189398
-0.00207629
-0.00223504
-0.00242654
-0.00266144
-0.00289110
-0.00305205
-0.00313896
-0.00329212
-0.00353822
-0.00374839
-0.00389845
-0.00403311
-0.00423518
-0.00451189
-0.00476373
-0.00497520
-0.00517914
-0.00538704
-0.00557601
-0.00568052
-0.00570631
-0.00571608
-0.00568853
-0.00560739
-0.00552302
-0.00544667
-0.00534371
-0.00519897
-0.00500136
-0.00474408
-0.00447363
-0.00429887
-0.00422593
-0.00420390
-0.00419538
-0.00418696
-0.00421342
-0.00427066
-0.00433596
-0.00442673
-0.00453472
-0.00458826
-0.00458043
-0.00456884
-0.00458690
-0.00461672
-0.00455011
-0.00439555
-0.00429700
-0.00421722
-0.00407849
-0.00391542
-0.00375395
-0.00358869
-0.00342727
-0.00329353
-0.00321982
-0.00319866
-0.00316367
-0.00312318
-0.00313146
-0.00316621
-0.00319834
-0.00323176
-0.00324866
-0.00321098
-0.00314338
-0.00307709
-0.00298608
-0.00289150
-0.00286524
-0.00285206
-0.00275058
-0.00254925
-0.00227746
-0.00198647
-0.00174130
-0.00160355
-0.00158214
-0.00163997
-0.00170687
-0.00176903
-0.00186155
-0.00195476
-0.00198996
-0.00188927
-0.00166231
-0.00140647
-0.00115866
-0.00091739
-0.00064044
-0.00034806
-0.00012010
0.00011418
0.00044571
0.00078497
0.00105086
0.00123709
0.00138269
0.00154248
0.00169273
0.00182473
0.00197939
0.00213463
0.00223073
0.00228948
0.00236414
0.00251284
0.00272971
0.00294186
0.00313490
0.00330372
0.00341392
0.00346124
0.00346475
0.00343170
0.00338644
0.00339608
0.00346058
0.00348525
0.00350969
0.00359722
0.00368526
0.00371589
0.00367033
0.00357383
0.00347653
0.00340341
0.00336167
0.00333182
0.00331025
0.00331044
0.00334569
0.00341215
0.00346817
0.00350533
0.00354317
0.00357047
0.00358071
0.00359506
0.00364952
0.00377427
0.00389828
0.00395271
0.00397881
0.00400802
0.00403487
0.00408331
0.00418035
0.00429195
0.00435619
0.00432312
0.00427009
0.00431257
0.00439355
0.00445803
0.00453941
0.00465030
0.00478477
0.00490734
0.00499153
0.00504654
0.00505093
0.00497027
0.00483461
0.00468713
0.00453324
0.00437561
0.00421346
0.00405977
0.00393762
0.00387321
0.00381907
0.00364434
0.00340934
0.00324070
0.00313058
0.00302630
0.00286790
0.00266234
0.00244896
0.00226348
0.00216294
0.00221122
0.00233267
0.00237419
0.00237451
0.00237196
0.00228928
0.00212856
0.00196515
0.00176784
0.00151080
0.00126189
0.00104656
0.00082507
0.00059443
0.00036677
0.00015945
-0.00003485
-0.00025156
-0.00044759
-0.00058083
-0.00071991
-0.00088922
-0.00101690
-0.00110684
-0.00119386
-0.00125385
-0.00128857
-0.00136425
-0.00150960
-0.00170628
-0.00188511
-0.00199106
-0.00203875
-0.00205027
-0.00204997
-0.00202163
-0.00195958
-0.00190671
-0.00190964
-0.00200695
-0.00215533
-0.00228963
-0.00240681
-0.00250604
-0.00258220
-0.00258509
-0.00247109
-0.00229814
-0.00211951
-0.00194138
-0.00179633
-0.00171019
-0.00163177
-0.00154252
-0.00149942
-0.00148266
-0.00142550
-0.00133951
-0.00124917
-0.00115788
-0.00106767
-0.00098774
-0.00093754
-0.00093377
-0.00098063
-0.00104765
-0.00107597
-0.00109240
-0.00115211
-0.00125885
-0.00139762
-0.00153037
-0.00164195
-0.00172570
-0.00177302
-0.00178220
-0.00176295
-0.00174994
-0.00178592
-0.00185657
-0.00192726
-0.00197226
-0.00200823
-0.00207526
-0.00215690
-0.00224115
-0.00235680
-0.00250670
-0.00267776
-0.00291143
-0.00321973
-0.00350588
-0.00376237
-0.00408321
-0.00447125
-0.00488787
-0.00526454
-0.00555311
-0.00575220
-0.00590062
-0.00604152
-0.00612160
-0.00611172
-0.00606808
-0.00601947
-0.00597463
-0.00593742
-0.00591744
-0.00592266
-0.00592953
-0.00588912
-0.00579837
-0.00567373
-0.00551000
-0.00531713
-0.00511757
-0.00491437
-0.00469884
-0.00445992
-0.00419722
-0.00391991
-0.00359910
-0.00320874
-0.00280750
-0.00246288
-0.00220770
-0.00203376
-0.00188844
-0.00169142
-0.00141912
-0.00118379
-0.00101875
-0.00086945
-0.00074594
-0.00067765
-0.00066903
-0.00069762
-0.00072252
-0.00075738
-0.00082523
-0.00088062
-0.00090399
-0.00092506
-0.00091175
-0.00081581
-0.00068285
-0.00057637
-0.00052895
-0.00050111
-0.00040291
-0.00026361
-0.00014233
-0.00004802
0.00002237
0.00007035
0.00011207
0.00016166
0.00020789
0.00026443
0.00036923
0.00052110
0.00068505
0.00082649
0.00093536
0.00104372
0.00116795
0.00129430
0.00135419
0.00131643
0.00127332
0.00125829
0.00123826
0.00126801
0.00138142
0.00149520
0.00157186
0.00165140
0.00170199
0.00167965
0.00160434
0.00150958
0.00142834
0.00138951
0.00139780
0.00140690
0.00140153
0.00144427
0.00154152
0.00164384
0.00171553
0.00175554
0.00182301
0.00191423
0.00195791
0.00196022
0.00195571
0.00198370
0.00203123
0.00202491
0.00198501
0.00195555
0.00191536
0.00185385
0.00179335
0.00175334
0.00173377
0.00168948
0.00163465
0.00166350
0.00174679
0.00179769
0.00177162
0.00169853
0.00168210
0.00166962
0.00157647
0.00146401
0.00142128
0.00152381
0.00173843
0.00198027
0.00220618
0.00239067
0.00252764
0.00262456
0.00269595
0.00274386
0.00276655
0.00275579
0.00267909
0.00253729
0.00243827
0.00243533
0.00248621
0.00260166
0.00277576
0.00289977
0.00290999
0.00283946
0.00275446
0.00270393
0.00261123
0.00244674
0.00227618
0.00215668
0.00211724
0.00210966
0.00209734
0.00208436
0.00211804
0.00223532
0.00237335
0.00247620
0.00252975
0.00253922
0.00252751
0.00252651
0.00253811
0.00251770
0.00248922
0.00250395
0.00256495
0.00262717
0.00260665
0.00250124
0.00237588
0.00232769
0.00235596
0.00233562
0.00228042
0.00227161
0.00235434
0.00251081
0.00264583
0.00270336
0.00266482
0.00256482
0.00243505
0.00228747
0.00213303
0.00199431
0.00193851
0.00196469
0.00197409
0.00194264
0.00188215
0.00182022
0.00176910
0.00171136
0.00164271
0.00156819
0.00149719
0.00144399
0.00142549
0.00143647
0.00146615
0.00152981
0.00160870
0.00162215
0.00154989
0.00142946
0.00133405
0.00126990
0.00115889
0.00095358
0.00066766
0.00041543
0.00024029
0.00008527
-0.00003596
-0.00011527
-0.00019785
-0.00028263
-0.00032904
-0.00036254
-0.00041188
-0.00046687
-0.00051098
-0.00052917
-0.00053288
-0.00053906
-0.00055804
-0.00058392
-0.00059165
-0.00056048
-0.00049113
-0.00043087
-0.00038399
-0.00033821
-0.00032178
-0.00034706
-0.00039171
-0.00047550
-0.00061673
-0.00076520
-0.00088722
-0.00099589
-0.00111165
-0.00124443
-0.00137504
-0.00147486
-0.00151462
-0.00150563
-0.00148380
-0.00147976
-0.00148750
-0.00146359
-0.00143636
-0.00143666
-0.00142178
-0.00136529
-0.00127174
-0.00117806
-0.00110401
-0.00102250
-0.00091235
-0.00077768
-0.00068130
-0.00066228
-0.00066463
-0.00062637
-0.00050816
-0.00038485
-0.00033734
-0.00038174
-0.00044868
-0.00044388
-0.00044508
-0.00053973
-0.00074416
-0.00105583
-0.00126937
-0.00143883
-0.00159795
-0.00179192
-0.00197858
-0.00209204
-0.00215207
-0.00220318
-0.00230145
-0.00242770
-0.00253936
-0.00264759
-0.00275071
-0.00281883
-0.00287581
-0.00295830
-0.00306454
-0.00316048
-0.00319168
-0.00316764
-0.00310929
-0.00302577
-0.00293415
-0.00286133
-0.00284219
-0.00288760
-0.00296167
-0.00304708
-0.00315033
-0.00328214
-0.00343076
-0.00352441
-0.00354361
-0.00354049
-0.00354986
-0.00357061
-0.00352374
-0.00340372
-0.00330145
-0.00322969
-0.00315492
-0.00301593
-0.00281932
-0.00266591
-0.00254394
-0.00238941
-0.00220048
-0.00197353
-0.00168940
-0.00137558
-0.00108011
-0.00078003
-0.00046970
-0.00021304
-0.00006584
-0.00004578
-0.00008278
-0.00009215
-0.00005183
0.00002287
0.00008704
0.00015475
0.00022371
0.00022078
0.00013943
0.00007128
0.00003484
0.00001169
-0.00001162
-0.00005940
-0.00015418
-0.00023411
-0.00021097
-0.00012141
-0.00000493
0.00013736
0.00025524
0.00029126
0.00028899
0.00028326
0.00022756
0.00013184
0.00004918
-0.00004501
-0.00017857
-0.00032675
-0.00048650
-0.00066946
-0.00087728
-0.00108601
-0.00123224
-0.00128962
-0.00129074
-0.00124911
-0.00119324
-0.00117125
-0.00118935
-0.00119277
-0.00113376
-0.00099517
-0.00085068
-0.00075278
-0.00068227
-0.00067481
-0.00077519
-0.00090863
-0.00099650
-0.00103965
-0.00104219
-0.00100807
-0.00091749
-0.00076969
-0.00062330
-0.00049074
-0.00032819
-0.00015232
-0.00000955
0.00003220
-0.00001181
-0.00003272
-0.00001826
-0.00000105
-0.00000739
-0.00005149
-0.00011845
-0.00018232
-0.00020509
-0.00014756
-0.00001820
0.00010502
0.00021298
0.00034832
0.00050598
0.00066570
0.00078614
0.00083602
0.00080519
0.00072200
0.00064121
0.00061502
0.00065776
0.00072589
0.00078283
0.00080034
0.00081067
0.00084856
0.00091625
0.00099551
0.00105725
0.00110184
0.00115601
0.00127017
0.00144154
0.00160708
0.00173986
0.00181993
0.00181910
0.00175396
0.00169725
0.00165845
0.00161014
0.00157586
0.00157242
0.00159200
0.00162251
0.00165153
0.00168239
0.00171928
0.00173419
0.00170490
0.00163112
0.00153607
0.00146117
0.00144166
0.00145078
0.00138891
0.00130087
0.00130900
0.00136492
0.00141318
0.00148621
0.00157284
0.00162012
0.00161885
0.00158004
0.00152869
0.00150261
0.00153781
0.00161616
0.00169352
0.00176771
0.00183451
0.00187936
0.00190063
0.00190502
0.00188193
0.00183365
0.00179327
0.00178206
0.00180468
0.00184766
0.00188647
0.00188920
0.00186022
0.00185127
0.00186691
0.00188279
0.00186523
0.00179225
0.00167400
0.00154434
0.00145435
0.00141810
0.00142313
0.00143428
0.00144254
0.00146762
0.00151194
0.00155739
0.00155018
0.00147883
0.00140040
0.00134800
0.00132705
0.00129859
0.00123197
0.00113911
0.00106274
0.00105110
0.00103423
0.00094487
0.00082492
0.00070540
0.00059417
0.00047712
0.00034210
0.00021514
0.00008786
-0.00009381
-0.00031577
-0.00052817
-0.00069850
-0.00081447
-0.00089635
-0.00096773
-0.00104207
-0.00109669
-0.00113480
-0.00122092
-0.00134084
-0.00140121
-0.00138710
-0.00132938
-0.00129979
-0.00131356
-0.00131419
-0.00132633
-0.00139360
-0.00150688
-0.00163404
-0.00173159
-0.00178924
-0.00182575
-0.00185977
-0.00189460
-0.00190180
-0.00188299
-0.00186349
-0.00186209
-0.00187842
-0.00188543
-0.00188949
-0.00192881
-0.00199168
-0.00205375
-0.00211567
-0.00218075
-0.00225126
-0.00229254
-0.00226192
-0.00216196
-0.00201575
-0.00185579
-0.00169418
-0.00153429
-0.00138132
-0.00124844
-0.00115501
-0.00111091
-0.00111527
-0.00115861
-0.00121387
-0.00124253
-0.00124248
-0.00125343
-0.00128283
-0.00131381
-0.00130091
-0.00122838
-0.00113232
-0.00102436
-0.00091571
-0.00084063
-0.00081189
-0.00079778
-0.00078120
-0.00076138
-0.00075468
-0.00076937
-0.00078272
-0.00077561
-0.00073158
-0.00064650
-0.00052650
-0.00039242
-0.00026640
-0.00016661
-0.00008589
0.00000135
0.00012207
0.00027977
0.00044268
0.00059925
0.00074399
0.00086520
0.00095518
0.00101797
0.00107168
0.00114141
0.00122126
0.00129008
0.00132886
0.00134738
0.00138066
0.00141818
0.00143530
0.00142280
0.00139442
0.00138694
0.00139310
0.00138663
0.00135130
0.00129204
0.00123955
0.00120695
0.00119683
0.00120735
0.00122706
0.00123990
0.00124164
0.00124060
0.00125016
0.00127119
0.00128230
0.00127006
0.00123291
0.00118089
0.00112624
0.00107533
0.00103447
0.00100844
0.00097788
0.00092498
0.00086633
0.00081550
0.00077388
0.00073404
0.00068493
0.00062793
0.00055407
0.00044445
0.00031572
0.00020071
0.00011035
0.00003934
-0.00002835
-0.00009139
-0.00014164
-0.00018673
-0.00023130
-0.00027018
-0.00030616
-0.00034941
-0.00039768
-0.00044683
-0.00049400
-0.00053727
-0.00057622
-0.00060543
-0.00062024
-0.00061847
-0.00060268
-0.00058216
-0.00056091
-0.00054511
-0.00054648
-0.00056339
-0.00057555
-0.00057784
-0.00057294
-0.00055523
-0.00052449
-0.00049162
-0.00046462
-0.00044538
-0.00042614
-0.00040052
-0.00037236
-0.00034377
-0.00031676
-0.00029717
-0.00028977
-0.00029407
-0.00030321
-0.00030493
-0.00029973
-0.00029125
-0.00027539
-0.00024856
-0.00020982
-0.00016729
-0.00013167
-0.00010744
-0.00009306
-0.00008038
-0.00007091
-0.00006942
-0.00007153
-0.00007180
-0.00006734
-0.00006164
-0.00006199
-0.00006842
-0.00007649
-0.00007880
-0.00007414
-0.00006701
-0.00005918
-0.00005158
-0.00004362
-0.00003795
-0.00003933
-0.00004449
-0.00004788
-0.00005095
-0.00005456
-0.00005713
-0.00005934
-0.00006207
-0.00006168
-0.00005683
-0.00005194
-0.00004768
-0.00004249
-0.00003986
-0.00004116
-0.00004098
-0.00003727
-0.00003276
-0.00002878
-0.00002584
-0.00002339
-0.00002179
-0.00002212
-0.00002262
-0.00002129
-0.00001949
-0.00001815
-0.00001650
-0.00001481
-0.00001358
-0.00001121
-0.00000672
-0.00000180
0.00000261
0.00000633
0.00000644
0.00000156
-0.00000422
-0.00000827
-0.00001068
-0.00001193
-0.00001277
-0.00001360
-0.00001438
-0.00001470
-0.00001455
-0.00001424
-0.00001416
-0.00001370
-0.00001110
-0.00000745
-0.00000566
-0.00000540
-0.00000540
-0.00000445
-0.00000306
-0.00000315
-0.00000439
-0.00000561
-0.00000574
-0.00000444
-0.00000227
0.00000002
0.00000154
0.00000195
0.00000176
0.00000234
0.00000320
0.00000310
0.00000265
0.00000261
0.00000322
0.00000443
0.00000584
0.00000694
0.00000762
0.00000847
0.00000977
0.00001137
0.00001288
0.00001401
0.00001495
0.00001570
0.00001594
0.00001585
0.00001583
0.00001605
0.00001646
0.00001680
0.00001705
0.00001739
0.00001788
0.00001855
0.00001934
0.00002012
0.00002079
0.00002138
0.00002195
0.00002242
0.00002279
0.00002311
0.00002341
0.00002368
0.00002390
0.00002408
0.00002417
0.00002423
0.00002440
0.00002471
0.00002512
0.00002563
0.00002620
0.00002673
0.00002718
0.00002758
0.00002795
0.00002832
0.00002864
0.00002888
0.00002904
0.00002912
0.00002918
0.00002923
0.00002927
0.00002932
0.00002939
0.00002947
0.00002955
0.00002965
0.00002976
0.00002990
0.00003006
0.00003024
0.00003043
0.00003063
0.00003084
0.00003107
0.00003132
0.00003157
0.00003184
0.00003212
0.00003241
0.00003272
0.00003304
0.00003337
0.00003371
0.00003407
0.00003443
0.00003481
0.00003520
0.00003560
0.00003601
0.00003643
0.00003686
0.00003730
0.00003775
0.00003820
0.00003867
