-0.00025471
-0.00025041
-0.00024806
-0.00024917
-0.00025726
-0.00027260
-0.00029602
-0.00031972
-0.00034009
-0.00034247
-0.00032123
-0.00026056
-0.00015230
-0.00000164
0.00017258
0.00036035
0.00053148
0.00064737
0.00070159
0.00068497
0.00059463
0.00045995
0.00026728
0.00000115
-0.00032693
-0.00068912
-0.00103167
-0.00124674
-0.00130833
-0.00120880
-0.00091333
-0.00042998
0.00017852
0.00077358
0.00117786
0.00132205
0.00108228
0.00038257
-0.00071219
-0.00182011
-0.00258140
-0.00282137
-0.00266952
-0.00226614
-0.00168413
-0.00094155
-0.00016357
0.00045408
0.00072633
0.00045167
-0.00036948
-0.00163490
-0.00294727
-0.00363461
-0.00336808
-0.00232005
-0.00084867
0.00039145
0.00102741
0.00121273
0.00096614
0.00022780
-0.00114882
-0.00339254
-0.00619567
-0.00855796
-0.00933120
-0.00753791
-0.00356979
0.00173822
0.00834489
0.01372826
0.01693216
0.01646667
0.01283306
0.00651319
-0.00039004
-0.00569154
-0.00947067
-0.01239980
-0.01446156
-0.01538657
-0.01558438
-0.01449684
-0.01152600
-0.00631763
0.00060431
0.00708274
0.01172704
0.01603354
0.01900775
0.01978616
0.01725537
0.01053637
0.00092123
-0.00798855
-0.01660232
-0.02277193
-0.02595852
-0.02448996
-0.01777245
-0.00679546
0.00597707
0.01870504
0.02635313
0.02737603
0.02279178
0.01405993
0.00590536
0.00296359
0.00463906
0.00758444
0.00871371
0.00710122
0.00443209
0.00256922
0.00263312
0.00337850
0.00227499
-0.00310444
-0.01312327
-0.02395054
-0.02948545
-0.02857103
-0.02170348
-0.00983063
0.00419738
0.01691389
0.02713531
0.03077879
0.02939751
0.02253851
0.00996644
-0.00632029
-0.02424559
-0.03457928
-0.03800270
-0.03459449
-0.02443445
-0.00917393
0.00735655
0.01925295
0.02545533
0.02661861
0.02510064
0.02125491
0.01566112
0.00974841
0.00420999
0.00023600
-0.00184783
-0.00335304
-0.00530601
-0.00833625
-0.01165204
-0.01390972
-0.01285257
-0.00685482
0.00448784
0.01857749
0.03060809
0.03668100
0.03678357
0.03153370
0.02169355
0.00914507
-0.00194089
-0.01410360
-0.02332318
-0.02801829
-0.02853944
-0.02563515
-0.01926811
-0.00950266
0.00282688
0.01520094
0.02498007
0.03034824
0.03014380
0.02706331
0.02277530
0.01753081
0.01073307
0.00316673
-0.00258428
-0.00493905
-0.00643797
-0.00944049
-0.01635549
-0.02627250
-0.03478488
-0.03845369
-0.03605786
-0.03109624
-0.02587095
-0.02107399
-0.01642669
-0.01050283
-0.00387486
0.00091535
0.00386380
0.00403358
-0.00057122
-0.01114353
-0.02539441
-0.03635775
-0.04066082
-0.03940397
-0.03553868
-0.02994480
-0.02513789
-0.02310691
-0.02179965
-0.01803426
-0.01065945
-0.00052386
0.00864662
0.01585998
0.02635410
0.03915693
0.04752729
0.04848413
0.04007194
0.02230165
-0.00100718
-0.02452749
-0.03975072
-0.04400031
-0.04127034
-0.03400045
-0.02353416
-0.01176948
-0.00002712
0.01033436
0.01670877
0.01661675
0.01028590
0.00036364
-0.00879830
-0.01254373
-0.00811547
0.00277753
0.01775645
0.03185172
0.04099352
0.04758482
0.04946167
0.04950602
0.04897474
0.04649905
0.04140461
0.03373464
0.02694911
0.02293853
0.02062883
0.01821200
0.01344240
0.00656849
-0.00040626
-0.00490781
-0.00381432
0.00326614
0.01541729
0.02834369
0.03848757
0.04335453
0.04190011
0.03282112
0.01542443
-0.00728095
-0.02794764
-0.04118190
-0.04645396
-0.04223189
-0.03009724
-0.01191719
0.00634743
0.02005722
0.02942401
0.03310692
0.03298614
0.02938301
0.02141545
0.00842666
-0.00764485
-0.02352015
-0.03677051
-0.04745633
-0.05239456
-0.05198529
-0.04586202
-0.03445841
-0.02113658
-0.00937759
0.00028723
0.00588581
0.00488312
-0.00201815
-0.01131412
-0.01814141
-0.02067007
-0.02206338
-0.02534728
-0.03090838
-0.03596148
-0.03659650
-0.03094981
-0.01891002
-0.00361477
0.00937476
0.01504525
0.01394664
0.01000175
0.00532558
0.00123237
-0.00177641
-0.00512657
-0.00895456
-0.01323730
-0.01563705
-0.01418521
-0.00772603
0.00277182
0.01479761
0.02247726
0.02209543
0.01399636
0.00063937
-0.01225657
-0.01783302
-0.01362853
-0.00287446
0.01126225
0.02370882
0.03372224
0.04101021
0.04520603
0.04632036
0.04430505
0.03799707
0.02623535
0.01096995
-0.00260202
-0.01115155
-0.01769604
-0.02208201
-0.02343072
-0.02072609
-0.01431184
-0.00494088
0.00525262
0.01284744
0.01540557
0.01338805
0.01016107
0.00849255
0.00948266
0.01052229
0.00873261
0.00443049
-0.00050334
-0.00343174
-0.00225424
0.00140872
0.00497274
0.00629921
0.00444211
0.00032959
-0.00564514
-0.01165442
-0.01595510
-0.01789130
-0.01771391
-0.01693350
-0.01585840
-0.01354593
-0.01032488
-0.00687599
-0.00500263
-0.00524396
-0.00685818
-0.00756639
-0.00628016
-0.00275299
0.00297963
0.00964522
0.01536836
0.01989975
0.02347439
0.02567329
0.02687322
0.02674096
0.02609534
0.02607434
0.02784937
0.03106018
0.03366962
0.03289880
0.02685401
0.01676660
0.00488318
-0.00390746
-0.00597198
-0.00715707
-0.00890232
-0.01094826
-0.01237951
-0.01164091
-0.00805410
-0.00278649
0.00157258
0.00308663
0.00251469
0.00193818
0.00325421
0.00710248
0.01238988
0.01695417
0.01825535
0.01590475
0.01056527
0.00320216
-0.00471128
-0.01189252
-0.01827704
-0.02260735
-0.02513344
-0.02619750
-0.02555560
-0.02380063
-0.02154200
-0.01901024
-0.01583546
-0.01163595
-0.00752816
-0.00575893
-0.00726547
-0.01029151
-0.01192402
-0.01054081
-0.00752786
-0.00587241
-0.00650626
-0.00728075
-0.00580638
-0.00082878
0.00648989
0.01275533
0.01468010
0.01220181
0.00794710
0.00470884
0.00372567
0.00542103
0.00864550
0.01104796
0.01027779
0.00484639
-0.00455888
-0.01602839
-0.02507670
-0.03002538
-0.03307588
-0.03508056
-0.03625175
-0.03507591
-0.03005903
-0.02032489
-0.00646884
0.00772914
0.02165755
0.03446453
0.04559623
0.05600275
0.06228282
0.06098381
0.05166343
0.03588643
0.01840695
0.00620536
-0.00189211
-0.00445745
-0.00318171
-0.00049769
0.00246194
0.00608917
0.00908242
0.01106172
0.01270982
0.01309807
0.01293699
0.01228891
0.01069816
0.00841629
0.00684391
0.00782800
0.01220364
0.01915309
0.02543888
0.02704548
0.02242159
0.01311905
0.00188926
-0.00710773
-0.01359196
-0.01534117
-0.01645231
-0.01729816
-0.01606194
-0.01210944
-0.00681924
-0.00416104
-0.00619325
-0.01281170
-0.02185785
-0.03045734
-0.03541424
-0.03516195
-0.03098146
-0.02354902
-0.01451396
-0.00566805
0.00202129
0.00859353
0.01507208
0.02229070
0.02891171
0.03475675
0.03958346
0.04178718
0.04114929
0.03894574
0.03619320
0.03319557
0.02780014
0.01678573
0.00049754
-0.01604144
-0.02782906
-0.03344691
-0.03065166
-0.02152105
-0.00804741
0.00407596
0.01230921
0.01646619
0.01790363
0.01812933
0.01701778
0.01426959
0.01040724
0.00787579
0.00808701
0.01020679
0.01157548
0.01106151
0.00875371
0.00480222
-0.00058950
-0.00684359
-0.01299681
-0.01837269
-0.02388683
-0.02933514
-0.03373426
-0.03648440
-0.03611513
-0.03436175
-0.03229083
-0.03042200
-0.02879023
-0.02765297
-0.02693850
-0.02701671
-0.02831306
-0.03084325
-0.03344479
-0.03425787
-0.03002867
-0.01755803
0.00241901
0.02528240
0.04264799
0.05200368
0.05614652
0.05362253
0.04121161
0.01883061
-0.00678410
-0.03130739
-0.05331163
-0.07117085
-0.08129308
-0.08563990
-0.08755966
-0.08673189
-0.08173821
-0.07029655
-0.05166461
-0.02956130
-0.00914646
0.00855545
0.01769593
0.01936862
0.01571821
0.00790660
-0.00315276
-0.01589513
-0.02836519
-0.03881866
-0.04747568
-0.05608153
-0.06505813
-0.07184356
-0.07596960
-0.07553864
-0.07080313
-0.06345500
-0.05619061
-0.05111194
-0.04844540
-0.04816602
-0.04982972
-0.05224608
-0.05390636
-0.05326622
-0.05037583
-0.04555948
-0.04061513
-0.03782635
-0.03831802
-0.04074459
-0.04325163
-0.04417388
-0.04308244
-0.04068159
-0.03719428
-0.03344813
-0.02868334
-0.02268649
-0.01493088
-0.00538426
0.00399066
0.01046685
0.01364957
0.01302219
0.00970986
0.00738948
0.00783092
0.01124154
0.01720974
0.02462055
0.03266677
0.04017805
0.04594753
0.04925554
0.04999964
0.04949764
0.04769528
0.04345009
0.03640675
0.02623664
0.01364283
0.00225259
-0.00579677
-0.01093849
-0.01297925
-0.01192539
-0.00847991
-0.00361463
0.00111087
0.00618793
0.01264437
0.02094246
0.03061205
0.04184639
0.05422723
0.06683957
0.07844067
0.09096804
0.10378240
0.11475370
0.12255020
0.12524920
0.12413550
0.12039480
0.11470260
0.10733760
0.09761212
0.08567138
0.07358366
0.06211082
0.05101200
0.04276473
0.03961354
0.04184271
0.04520496
0.04698628
0.04703817
0.04607952
0.04462415
0.04386341
0.04532367
0.04919979
0.05552336
0.06385020
0.07229659
0.07799051
0.07961391
0.07584422
0.06531684
0.04735225
0.02431387
0.00272461
-0.01472393
-0.03141816
-0.04393234
-0.05130915
-0.05202045
-0.04436208
-0.02805690
-0.00530239
0.01929035
0.03961956
0.05285666
0.05673032
0.05005312
0.03502988
0.01394090
-0.00744430
-0.02259603
-0.03089144
-0.03666321
-0.03983996
-0.03974653
-0.03729185
-0.03307315
-0.02844258
-0.02533076
-0.02461251
-0.02612611
-0.02888993
-0.03203860
-0.03588345
-0.03996112
-0.04415779
-0.04826052
-0.05192672
-0.05489004
-0.05657939
-0.05653246
-0.05454468
-0.04983366
-0.04352577
-0.03806176
-0.03562151
-0.03797358
-0.04630724
-0.06122142
-0.07926461
-0.09452435
-0.10525180
-0.11064190
-0.10979310
-0.10157420
-0.08595205
-0.06488613
-0.04068706
-0.01784058
0.00187428
0.01601186
0.02221356
0.02310763
0.01950609
0.01095316
-0.00162880
-0.01395234
-0.02224969
-0.02770000
-0.03088906
-0.03206709
-0.02962611
-0.02214503
-0.01091143
0.00129132
0.01245461
0.02273238
0.02765010
0.02781825
0.02450019
0.02017691
0.01799498
0.01874286
0.02231506
0.02861787
0.03672846
0.04545397
0.05539659
0.06525606
0.07199241
0.07402248
0.07164585
0.06721347
0.06251838
0.05816898
0.05267209
0.04478955
0.03526300
0.02859900
0.02599451
0.02558621
0.02814553
0.03330033
0.03929111
0.04328192
0.04401516
0.04246717
0.03946203
0.03433714
0.02487678
0.01007744
-0.00656096
-0.02125169
-0.03537555
-0.04320681
-0.04277261
-0.03420861
-0.01843864
0.00073802
0.01807523
0.03241968
0.03794522
0.03850822
0.03685524
0.03274255
0.02571718
0.01545430
0.00341062
-0.00841467
-0.01611494
-0.01892414
-0.01609740
-0.00935668
-0.00082582
0.00693418
0.01334443
0.01883818
0.02384064
0.02811228
0.03160344
0.03313893
0.03140083
0.02654494
0.01910196
0.01044295
0.00382331
-0.00132806
-0.00394074
-0.00438856
-0.00518705
-0.00814284
-0.01383007
-0.02178839
-0.03057644
-0.03900803
-0.04444337
-0.04761963
-0.04862351
-0.04806310
-0.04695830
-0.04509101
-0.04228518
-0.03846165
-0.03465643
-0.03101122
-0.02683696
-0.02217844
-0.01633181
-0.00831431
0.00166792
0.01238638
0.02072032
0.02440664
0.02457442
0.02036412
0.00999650
-0.00486454
-0.01852645
-0.02810723
-0.03182373
-0.03213410
-0.03170045
-0.03269013
-0.03640044
-0.04229886
-0.04856542
-0.05263524
-0.05346578
-0.05142530
-0.04559162
-0.03593265
-0.02408763
-0.01266082
-0.00537309
-0.00165609
-0.00019604
-0.00039305
-0.00231372
-0.00668263
-0.01328872
-0.02067334
-0.02699669
-0.03181862
-0.03609813
-0.03939697
-0.03999330
-0.03626089
-0.02692940
-0.01266150
0.00360699
0.01810967
0.03029461
0.03978238
0.04798952
0.05403799
0.05685744
0.05743651
0.05627190
0.05232254
0.04427201
0.03079542
0.01269797
-0.00565149
-0.01782337
-0.02529880
-0.02814432
-0.02870381
-0.02759378
-0.02436245
-0.01942894
-0.01299926
-0.00526183
0.00278918
0.00988260
0.01594930
0.02110793
0.02646327
0.03304283
0.04103283
0.04875166
0.05465912
0.05746258
0.05787169
0.05713592
0.05507148
0.05112416
0.04466048
0.03559569
0.02544322
0.01765260
0.01367793
0.01152616
0.00967954
0.00605944
0.00043038
-0.00674241
-0.01401710
-0.02020741
-0.02480769
-0.02637649
-0.02403995
-0.01741119
-0.00775925
0.00256070
0.01220195
0.01932232
0.02297414
0.02435978
0.02442906
0.02169266
0.01546220
0.00617379
-0.00536109
-0.01715042
-0.02684691
-0.03264267
-0.03492447
-0.03459210
-0.03278297
-0.03050233
-0.02772771
-0.02400667
-0.01816492
-0.00922520
0.00276893
0.01585576
0.02693581
0.03273613
0.03244670
0.02639357
0.01438477
-0.00079449
-0.01444371
-0.02596104
-0.03767840
-0.04611017
-0.05051178
-0.04968675
-0.04320638
-0.03173448
-0.01761422
-0.00308023
0.00905795
0.01748979
0.02128998
0.02054191
0.01524680
0.00567920
-0.00465298
-0.01079511
-0.01063908
-0.00497653
0.00295879
0.00844680
0.00852552
0.00415916
-0.00263777
-0.01019727
-0.01605876
-0.01976877
-0.02187381
-0.02360404
-0.02495278
-0.02543756
-0.02452651
-0.02160422
-0.01598956
-0.00731523
0.00253370
0.01089730
0.01639464
0.01900517
0.01962414
0.01866237
0.01603680
0.01149515
0.00498656
-0.00188798
-0.00771146
-0.01246905
-0.01844717
-0.02862860
-0.04252643
-0.05676579
-0.06883716
-0.07600478
-0.07590251
-0.06888191
-0.05607873
-0.04127492
-0.02806782
-0.01755512
-0.00613116
0.00586492
0.01833928
0.02994994
0.03594888
0.03661628
0.03269908
0.02242060
0.00531345
-0.01594131
-0.03602445
-0.04758530
-0.05246144
-0.05279682
-0.04863512
-0.03775330
-0.02027105
-0.00094350
0.01310005
0.02127440
0.02608930
0.02742020
0.02637791
0.02386620
0.01993477
0.01470491
0.00980849
0.00804810
0.01105569
0.01913111
0.02959056
0.03941209
0.04568066
0.04734150
0.04460225
0.03710376
0.02644511
0.01681514
0.00899169
0.00089150
-0.00704839
-0.01212316
-0.01126209
-0.00540007
0.00330490
0.01137016
0.01501681
0.01404263
0.01123064
0.00904846
0.00887405
0.00919260
0.00736803
0.00179630
-0.00778815
-0.02027412
-0.03254976
-0.04116756
-0.04255700
-0.03558726
-0.02060826
-0.00106811
0.01690702
0.03092366
0.04052025
0.04608989
0.04721195
0.04364985
0.03677337
0.02779434
0.01944962
0.01416068
0.01275967
0.01301997
0.01371681
0.01428925
0.01449102
0.01435987
0.01255605
0.00742046
-0.00114873
-0.00906574
-0.01044332
-0.00604397
0.00282140
0.01453851
0.02639151
0.03657807
0.04413125
0.04820042
0.04916932
0.04736162
0.04370308
0.03912934
0.03469379
0.03088155
0.02760943
0.02347091
0.01669459
0.00746893
-0.00329757
-0.01311361
-0.02131225
-0.02627790
-0.02860774
-0.02924178
-0.02850863
-0.02637893
-0.02174263
-0.01460420
-0.00681912
-0.00054425
0.00290488
0.00433092
0.00581019
0.00814551
0.01113802
0.01246133
0.01002016
0.00268182
-0.00943366
-0.02257985
-0.03197231
-0.03705781
-0.03891802
-0.04082705
-0.04402051
-0.04838913
-0.05356104
-0.05852123
-0.06283818
-0.06654147
-0.06906979
-0.07026076
-0.06998103
-0.06787904
-0.06389732
-0.05905117
-0.05516092
-0.05130744
-0.04755778
-0.04499789
-0.04495919
-0.04706404
-0.04866869
-0.04744073
-0.04096633
-0.02888862
-0.01338207
0.00172727
0.01432485
0.02316998
0.02733084
0.02766272
0.02493500
0.01877902
0.01017474
0.00041754
-0.00750688
-0.01151909
-0.01018871
-0.00298546
0.00879423
0.02262376
0.03618782
0.04895310
0.06105328
0.06988300
0.07374179
0.07277822
0.06726387
0.05897403
0.05012016
0.04413617
0.04083966
0.03855894
0.03660562
0.03509432
0.03457517
0.03561201
0.03766124
0.04016562
0.04314959
0.04702806
0.05226726
0.05838007
0.06436231
0.06840071
0.06893815
0.06539481
0.05750524
0.04482023
0.02899954
0.01317517
0.00092583
-0.00586907
-0.00467775
0.00197262
0.01161481
0.02119677
0.02753102
0.02955715
0.02988199
0.02912022
0.02499487
0.01642410
0.00516551
-0.00332589
-0.00607235
-0.00457758
-0.00009055
0.00570701
0.00964726
0.00986691
0.00674217
0.00080476
-0.00642412
-0.01317768
-0.01875429
-0.02497692
-0.03138389
-0.03642320
-0.03864629
-0.03714193
-0.03235332
-0.02536630
-0.01830930
-0.01286823
-0.01006240
-0.01023766
-0.01143754
-0.01310434
-0.01577276
-0.02010679
-0.02627226
-0.03229692
-0.03741379
-0.04137710
-0.04440979
-0.04682498
-0.04856439
-0.04918777
-0.04849148
-0.04708740
-0.04558637
-0.04359027
-0.03993763
-0.03414916
-0.02783394
-0.02336859
-0.02105601
-0.02097126
-0.02245463
-0.02478859
-0.02744638
-0.02893937
-0.02967601
-0.02980940
-0.02943621
-0.02775639
-0.02249491
-0.01200173
0.00194023
0.01571439
0.02822594
0.03870221
0.04609087
0.04910587
0.04803313
0.04318599
0.03538910
0.02593468
0.01706219
0.00791754
-0.00210935
-0.01249155
-0.02177062
-0.02641001
-0.02570321
-0.02134761
-0.01610963
-0.01194035
-0.00979974
-0.00942225
-0.00936204
-0.00816270
-0.00450277
0.00151457
0.01113773
0.02412568
0.03676524
0.04589876
0.05159739
0.05373593
0.05395049
0.05376262
0.05348908
0.05242291
0.04846491
0.04026698
0.02754727
0.01309360
0.00041246
-0.01245916
-0.02483185
-0.03364930
-0.03983526
-0.04229268
-0.04039377
-0.03466899
-0.02567853
-0.01455013
-0.00457908
0.00234166
0.00629975
0.00846765
0.00866755
0.00559101
-0.00180693
-0.01320528
-0.02596733
-0.03738228
-0.04680351
-0.05243279
-0.05319484
-0.04944368
-0.04231766
-0.03446856
-0.02919425
-0.02677747
-0.02627264
-0.02573819
-0.02326197
-0.01825122
-0.01002905
0.00107003
0.01408956
0.02634861
0.03627370
0.04495481
0.05150736
0.05592468
0.05921323
0.06067350
0.05929379
0.05278552
0.03923927
0.02061975
0.00296949
-0.01162612
-0.02100431
-0.02387153
-0.02159951
-0.01648586
-0.01040509
-0.00434526
0.00258222
0.01052705
0.02066636
0.03292363
0.04383909
0.05134168
0.05489671
0.05559972
0.05470496
0.05209328
0.04614910
0.03567884
0.02052339
0.00363212
-0.01220149
-0.02157266
-0.02581483
-0.02550996
-0.02272434
-0.01819223
-0.01322814
-0.00929699
-0.00781427
-0.00919701
-0.01222469
-0.01588089
-0.01774009
-0.01557297
-0.00779659
0.00532544
0.02111832
0.03644752
0.04914363
0.05890492
0.06528193
0.06914622
0.07104670
0.07119456
0.06851290
0.06212757
0.05138894
0.03661598
0.01890791
0.00160872
-0.01004905
-0.01446838
-0.01299316
-0.00972026
-0.00868670
-0.01102489
-0.01662349
-0.02478619
-0.03308588
-0.03833097
-0.04138794
-0.04354768
-0.04618051
-0.04906901
-0.05045609
-0.04984015
-0.04737943
-0.04417267
-0.04056138
-0.03773266
-0.03690728
-0.03776313
-0.03883424
-0.03875141
-0.03657901
-0.03312585
-0.02878142
-0.02428534
-0.02243628
-0.02401643
-0.02726673
-0.03150735
-0.03575406
-0.03877709
-0.03967373
-0.03930726
-0.03826915
-0.03717611
-0.03604614
-0.03424969
-0.03141467
-0.02747673
-0.02237800
-0.01584207
-0.00815042
0.00003556
0.00701119
0.01252078
0.01693593
0.02002564
0.02130057
0.02066248
0.01833125
0.01420470
0.00781477
-0.00011016
-0.00548293
-0.00604761
-0.00242788
0.00573863
0.01585739
0.02426443
0.02936031
0.03251185
0.03503352
0.03665796
0.03668206
0.03499345
0.03230019
0.03032597
0.03025276
0.03190158
0.03520886
0.03956524
0.04345282
0.04519746
0.04402204
0.04063518
0.03578515
0.02985230
0.02332221
0.01622827
0.01015718
0.00700698
0.00685908
0.00915753
0.01286704
0.01767641
0.02289549
0.02827247
0.03514806
0.04274302
0.04907846
0.05371381
0.05851255
0.06444404
0.06968312
0.07300870
0.07362552
0.07159258
0.06849337
0.06547512
0.06221179
0.05825356
0.05094391
0.03869889
0.02360784
0.00950475
-0.00173584
-0.00994739
-0.01619376
-0.02062744
-0.02464746
-0.02756272
-0.02967162
-0.03022645
-0.02822097
-0.02482130
-0.02230775
-0.02193518
-0.02270361
-0.02326885
-0.02392813
-0.02421712
-0.02490004
-0.02692114
-0.03000253
-0.03341297
-0.03580231
-0.03612194
-0.03367099
-0.02793738
-0.02085439
-0.01560438
-0.01317009
-0.01295288
-0.01430532
-0.01767096
-0.02343792
-0.03160226
-0.03991065
-0.04760338
-0.05652405
-0.06360273
-0.06741123
-0.06923625
-0.06925685
-0.06634809
-0.06240097
-0.05815994
-0.05244215
-0.04505788
-0.03704761
-0.03017605
-0.02557173
-0.02368836
-0.02337427
-0.02384346
-0.02553173
-0.02940580
-0.03618613
-0.04432543
-0.05223590
-0.05774586
-0.05863246
-0.05367520
-0.04473975
-0.03533392
-0.02886542
-0.02681593
-0.02726381
-0.02850509
-0.03055672
-0.03371103
-0.03790262
-0.04271719
-0.04836939
-0.05305139
-0.05490070
-0.05324939
-0.04755039
-0.03881900
-0.02991416
-0.02392993
-0.01984557
-0.01647192
-0.01259062
-0.00806357
-0.00421892
-0.00173264
-0.00047389
0.00090115
0.00337625
0.00721433
0.01233469
0.01850751
0.02499659
0.03105777
0.03694632
0.04229638
0.04726505
0.05153192
0.05441919
0.05520981
0.05368053
0.04998051
0.04491291
0.03973118
0.03474870
0.03226241
0.03098119
0.03118636
0.03241183
0.03378013
0.03537693
0.03725297
0.03910572
0.03978550
0.03812734
0.03417220
0.02829387
0.02173625
0.01657505
0.01556551
0.01641485
0.01952764
0.02613143
0.03637324
0.04594299
0.05425233
0.06051103
0.06430635
0.06504965
0.06281664
0.05745065
0.04839136
0.03947404
0.03431008
0.03382319
0.03554600
0.03726973
0.03743149
0.03555039
0.03191919
0.02732670
0.02097564
0.01383837
0.00727630
0.00396711
0.00187466
-0.00109608
-0.00591871
-0.01232131
-0.01888683
-0.02448511
-0.02937362
-0.03299408
-0.03528659
-0.03679812
-0.03853860
-0.04088110
-0.04208113
-0.04057430
-0.03526799
-0.02674079
-0.01659593
-0.00676617
0.00078806
0.00522323
0.00673874
0.00618240
0.00522509
0.00428932
0.00227222
-0.00189450
-0.00806194
-0.01471171
-0.01994434
-0.02243878
-0.02226013
-0.01986467
-0.01650525
-0.01270833
-0.01018543
-0.00957667
-0.01009661
-0.01133349
-0.01198089
-0.01146499
-0.01066158
-0.01002131
-0.01045745
-0.01184919
-0.01382953
-0.01533240
-0.01454492
-0.01186533
-0.00821788
-0.00473215
-0.00217339
-0.00175447
-0.00242141
-0.00332881
-0.00404344
-0.00476976
-0.00621735
-0.00933901
-0.01390101
-0.01814014
-0.02027361
-0.01871409
-0.01320717
-0.00395920
0.00726823
0.01729279
0.02310874
0.02544554
0.02503050
0.02274803
0.01941771
0.01587167
0.01227036
0.00837991
0.00371574
-0.00085208
-0.00506222
-0.00807778
-0.00831702
-0.00539433
0.00059230
0.00738380
0.01297519
0.01586259
0.01759910
0.01951261
0.02212806
0.02553900
0.02930577
0.03211510
0.03263138
0.03072434
0.02665524
0.02003655
0.01197064
0.00566247
0.00299282
0.00221045
0.00115128
-0.00082581
-0.00265578
-0.00341957
-0.00368566
-0.00364257
-0.00391716
-0.00456415
-0.00527769
-0.00499996
-0.00243634
0.00242796
0.00829585
0.01350348
0.01541787
0.01364254
0.00869630
0.00171925
-0.00693651
-0.01453561
-0.01868535
-0.02100505
-0.02133445
-0.02154252
-0.02242035
-0.02357353
-0.02485437
-0.02575326
-0.02596344
-0.02546157
-0.02448185
-0.02319808
-0.02264977
-0.02246844
-0.02198349
-0.02080064
-0.01947491
-0.01827683
-0.01647577
-0.01399386
-0.01132233
-0.00817750
-0.00475575
-0.00095257
0.00286290
0.00635065
0.00964143
0.01291044
0.01560435
0.01630747
0.01504857
0.01175850
0.00712014
0.00132192
-0.00450207
-0.01070191
-0.01703876
-0.02241728
-0.02558139
-0.02641038
-0.02654834
-0.02571790
-0.02310876
-0.01889572
-0.01337356
-0.00716859
-0.00122651
0.00386478
0.00822489
0.01372984
0.01996755
0.02474194
0.02666026
0.02621144
0.02448617
0.02250601
0.02054564
0.01909598
0.01677144
0.01355055
0.00984413
0.00578142
0.00052357
-0.00586258
-0.01196205
-0.01757342
-0.02045774
-0.02022376
-0.01811627
-0.01397782
-0.00875665
-0.00280116
0.00363707
0.00928173
0.01488423
0.01970312
0.02238031
0.02272331
0.02082728
0.01681411
0.01121411
0.00585971
0.00054642
-0.00441249
-0.00840710
-0.01126897
-0.01223433
-0.01176329
-0.01077978
-0.00950009
-0.00698490
-0.00260520
0.00334264
0.01010792
0.01669211
0.02176108
0.02504854
0.02726585
0.02749547
0.02470101
0.02014339
0.01621354
0.01447258
0.01547020
0.01790653
0.01930966
0.01875570
0.01655525
0.01411083
0.01301737
0.01352063
0.01488826
0.01599721
0.01558807
0.01225806
0.00607150
-0.00034921
-0.00374943
-0.00405967
-0.00283201
-0.00091736
0.00069777
0.00051035
-0.00239459
-0.00747393
-0.01294537
-0.01709408
-0.01901884
-0.01854172
-0.01670873
-0.01410576
-0.01234556
-0.01236185
-0.01321481
-0.01377643
-0.01344487
-0.01248315
-0.01085500
-0.00881330
-0.00609687
-0.00280875
0.00056860
0.00356005
0.00643447
0.00901966
0.01056907
0.01044461
0.00816959
0.00343687
-0.00279435
-0.00959044
-0.01660143
-0.02334532
-0.02982199
-0.03437727
-0.03653955
-0.03746754
-0.03736885
-0.03594342
-0.03181780
-0.02313889
-0.00908152
0.00792260
0.02248090
0.03220874
0.03654733
0.03614565
0.03250448
0.02559020
0.01708069
0.00991181
0.00547725
0.00018778
-0.00670191
-0.01280218
-0.01606632
-0.01655971
-0.01481906
-0.01178121
-0.00900130
-0.00799556
-0.00856643
-0.00997513
-0.01168091
-0.01291226
-0.01359240
-0.01307786
-0.01182008
-0.01019366
-0.00828263
-0.00647582
-0.00449042
-0.00124771
0.00330930
0.00844587
0.01218600
0.01357630
0.01312843
0.01275664
0.01341070
0.01487537
0.01703840
0.01923560
0.02127082
0.02281618
0.02363940
0.02365484
0.02322022
0.02320475
0.02382086
0.02455824
0.02461389
0.02333629
0.02048513
0.01684520
0.01314230
0.00939649
0.00517713
0.00119437
-0.00251598
-0.00534938
-0.00771970
-0.01004666
-0.01285192
-0.01636623
-0.01950984
-0.02203450
-0.02355641
-0.02344121
-0.02172977
-0.01902069
-0.01613932
-0.01340568
-0.01055230
-0.00730470
-0.00356530
0.00035053
0.00368418
0.00566575
0.00590387
0.00556060
0.00501480
0.00477578
0.00507427
0.00539757
0.00527099
0.00411352
0.00238895
0.00080016
-0.00047325
-0.00208768
-0.00508098
-0.01046289
-0.01726673
-0.02317667
-0.02562135
-0.02625616
-0.02486641
-0.02143600
-0.01704513
-0.01289086
-0.00918910
-0.00616865
-0.00402712
-0.00341804
-0.00418406
-0.00511040
-0.00524357
-0.00382844
-0.00055033
0.00410273
0.00912444
0.01297405
0.01428360
0.01327249
0.01061343
0.00681927
0.00336567
0.00052478
-0.00176001
-0.00316858
-0.00396817
-0.00434626
-0.00465542
-0.00535675
-0.00681320
-0.00855846
-0.01008292
-0.01077685
-0.01042640
-0.00873402
-0.00574140
-0.00187053
0.00173138
0.00463442
0.00662333
0.00720972
0.00657985
0.00505388
0.00252084
-0.00067971
-0.00338312
-0.00404258
-0.00224590
0.00180578
0.00683188
0.01045324
0.01109444
0.00995395
0.00810254
0.00651625
0.00545500
0.00512747
0.00568505
0.00597519
0.00541701
0.00392846
0.00172941
-0.00089432
-0.00363699
-0.00655893
-0.00946549
-0.01212990
-0.01449114
-0.01596986
-0.01627080
-0.01456748
-0.01019210
-0.00356323
0.00357151
0.00915899
0.01156766
0.01127674
0.00958192
0.00721070
0.00497530
0.00334845
0.00203913
0.00006785
-0.00200206
-0.00300264
-0.00166730
0.00155724
0.00504282
0.00767215
0.00955101
0.01093372
0.01096107
0.00938831
0.00707391
0.00510406
0.00352134
0.00153663
-0.00072464
-0.00283028
-0.00406874
-0.00464216
-0.00472032
-0.00442024
-0.00380002
-0.00254792
-0.00003812
0.00367654
0.00767211
0.01088796
0.01339892
0.01554908
0.01628973
0.01497382
0.01251926
0.00984328
0.00786945
0.00625155
0.00405536
0.00120017
-0.00136824
-0.00321477
-0.00486919
-0.00585325
-0.00508431
-0.00225090
0.00141437
0.00408012
0.00515788
0.00539799
0.00497550
0.00445957
0.00438795
0.00475496
0.00522660
0.00581454
0.00639748
0.00710035
0.00845978
0.01040098
0.01227225
0.01393598
0.01533047
0.01594321
0.01478151
0.01147476
0.00637940
0.00121141
-0.00111420
-0.00018541
0.00310655
0.00706594
0.01015128
0.01219810
0.01383253
0.01533937
0.01676047
0.01806153
0.01831092
0.01681664
0.01265055
0.00550342
-0.00365349
-0.01319968
-0.02139859
-0.02591984
-0.02810335
-0.02855171
-0.02738569
-0.02405070
-0.01871877
-0.01171979
-0.00450032
0.00287088
0.00887372
0.01324112
0.01561269
0.01612136
0.01494685
0.01197193
0.00765254
0.00213192
-0.00301984
-0.00812906
-0.01303469
-0.01731178
-0.02020172
-0.02225903
-0.02360069
-0.02344986
-0.02259386
-0.02126497
-0.01949912
-0.01711790
-0.01398478
-0.01059890
-0.00752415
-0.00566768
-0.00477475
-0.00342732
-0.00098555
0.00318045
0.00880089
0.01393807
0.01705877
0.01777603
0.01636669
0.01381589
0.01044157
0.00708182
0.00355159
0.00004991
-0.00316183
-0.00545550
-0.00517613
-0.00256716
0.00188707
0.00732139
0.01173696
0.01465682
0.01752034
0.02130018
0.02505222
0.02771372
0.02888687
0.02831876
0.02624831
0.02325204
0.01940396
0.01512436
0.01040314
0.00617066
0.00300060
0.00056309
-0.00148369
-0.00298452
-0.00331672
-0.00300442
-0.00213721
-0.00113141
-0.00077181
-0.00143773
-0.00328686
-0.00605381
-0.00942969
-0.01314481
-0.01608146
-0.01807688
-0.01908425
-0.01902957
-0.01852554
-0.01769773
-0.01652346
-0.01500213
-0.01305488
-0.01043874
-0.00754657
-0.00503008
-0.00329611
-0.00239829
-0.00289329
-0.00451782
-0.00677325
-0.00893914
-0.01090080
-0.01286552
-0.01516746
-0.01772041
-0.02001374
-0.02173807
-0.02199622
-0.02029023
-0.01722887
-0.01358660
-0.00948255
-0.00533493
-0.00148283
0.00215367
0.00608410
0.01020588
0.01428528
0.01783553
0.02002828
0.02005241
0.01715918
0.01080393
0.00197429
-0.00644864
-0.01254579
-0.01578016
-0.01655932
-0.01552635
-0.01320191
-0.01043254
-0.00872518
-0.00872051
-0.00979721
-0.01141178
-0.01242269
-0.01252744
-0.01164170
-0.00973653
-0.00727742
-0.00484512
-0.00281728
-0.00211644
-0.00287010
-0.00455459
-0.00643796
-0.00794797
-0.00880175
-0.00904917
-0.00903753
-0.00864058
-0.00772373
-0.00582522
-0.00278428
-0.00013109
0.00058374
-0.00018990
-0.00192443
-0.00393405
-0.00509378
-0.00422389
-0.00188023
0.00071372
0.00231522
0.00290871
0.00288612
0.00316670
0.00442921
0.00642897
0.00944182
0.01294426
0.01622987
0.01868424
0.01955349
0.01891021
0.01658223
0.01387558
0.01113730
0.00836090
0.00571058
0.00316231
0.00046420
-0.00261417
-0.00561776
-0.00789770
-0.00945334
-0.01025275
-0.00976866
-0.00778115
-0.00455532
-0.00092179
0.00266691
0.00607002
0.00954093
0.01301524
0.01584797
0.01666139
0.01528579
0.01196147
0.00746425
0.00257736
-0.00141362
-0.00375252
-0.00427315
-0.00424570
-0.00468465
-0.00526834
-0.00548163
-0.00542473
-0.00501664
-0.00397912
-0.00195427
0.00110541
0.00451230
0.00824720
0.01102776
0.01253982
0.01441118
0.01558858
0.01589855
0.01569526
0.01480910
0.01322748
0.01135361
0.00964532
0.00807848
0.00650201
0.00458784
0.00227965
-0.00010439
-0.00267469
-0.00458005
-0.00577335
-0.00598275
-0.00453607
-0.00159094
0.00209190
0.00580109
0.00926026
0.01267266
0.01532605
0.01774943
0.01978059
0.02050759
0.01980746
0.01765619
0.01416460
0.00950421
0.00455604
0.00034867
-0.00194126
-0.00134138
0.00180912
0.00669242
0.01074130
0.01232977
0.01247644
0.01141309
0.00872722
0.00437053
-0.00104027
-0.00676591
-0.01177239
-0.01557171
-0.01759055
-0.01808283
-0.01727040
-0.01582877
-0.01411248
-0.01279923
-0.01201466
-0.01198976
-0.01146883
-0.00938313
-0.00597620
-0.00138005
0.00324892
0.00659678
0.00808613
0.00862577
0.00966262
0.01146513
0.01362331
0.01516753
0.01488486
0.01211159
0.00682969
-0.00059674
-0.00850679
-0.01534672
-0.01929069
-0.02126026
-0.02236386
-0.02333006
-0.02423941
-0.02433368
-0.02303260
-0.02030125
-0.01651988
-0.01223024
-0.00816085
-0.00542793
-0.00397492
-0.00356210
-0.00393126
-0.00481996
-0.00577831
-0.00675337
-0.00787096
-0.00915484
-0.01056024
-0.01143622
-0.01085342
-0.00864873
-0.00537612
-0.00148749
0.00209249
0.00466054
0.00562247
0.00484769
0.00224983
-0.00143575
-0.00500003
-0.00751060
-0.00828106
-0.00731641
-0.00571376
-0.00382623
-0.00210378
-0.00086709
0.00000814
0.00052315
0.00086329
0.00074475
0.00000708
-0.00116959
-0.00242663
-0.00287128
-0.00245262
-0.00146643
-0.00079617
-0.00096727
-0.00162608
-0.00235646
-0.00247635
-0.00178158
-0.00056653
0.00069844
0.00243108
0.00399452
0.00500466
0.00524621
0.00507418
0.00471367
0.00473112
0.00502662
0.00544932
0.00554752
0.00541114
0.00553326
0.00577899
0.00551524
0.00415512
0.00202030
-0.00011101
-0.00158032
-0.00184635
-0.00104112
0.00073122
0.00213622
0.00220720
0.00086237
-0.00154806
-0.00412425
-0.00609982
-0.00674058
-0.00589620
-0.00404613
-0.00155488
0.00159080
0.00616275
0.01015781
0.01314173
0.01514552
0.01616366
0.01632696
0.01531443
0.01295732
0.00976649
0.00596707
0.00211248
-0.00059710
-0.00100592
0.00139929
0.00586555
0.01034834
0.01288257
0.01249007
0.00954274
0.00498048
-0.00011469
-0.00412037
-0.00656517
-0.00803881
-0.00951410
-0.01019644
-0.00994202
-0.00891303
-0.00738488
-0.00611232
-0.00491534
-0.00439789
-0.00473595
-0.00665802
-0.00951513
-0.01109099
-0.01032806
-0.00832990
-0.00598677
-0.00378015
-0.00256636
-0.00180519
-0.00126781
-0.00095779
-0.00108171
-0.00106092
-0.00063082
0.00011201
0.00082385
0.00092094
0.00045901
-0.00064770
-0.00257189
-0.00511369
-0.00826488
-0.01076835
-0.01211561
-0.01185457
-0.00986795
-0.00646902
-0.00207209
0.00203489
0.00469122
0.00587515
0.00617207
0.00560628
0.00358776
0.00011496
-0.00450871
-0.00915890
-0.01274128
-0.01456990
-0.01435665
-0.01275552
-0.01030998
-0.00794548
-0.00591164
-0.00483887
-0.00441486
-0.00481655
-0.00631342
-0.00808906
-0.00902429
-0.00846126
-0.00627931
-0.00256996
0.00169725
0.00623752
0.01105402
0.01586940
0.02065312
0.02414358
0.02617983
0.02696024
0.02698193
0.02652729
0.02535763
0.02344339
0.02115847
0.01804608
0.01389695
0.00832094
0.00240958
-0.00251505
-0.00428310
-0.00288295
-0.00005739
0.00345692
0.00640757
0.00815446
0.00879900
0.00937762
0.00996323
0.01062723
0.01155834
0.01221719
0.01180663
0.01041269
0.00852980
0.00642312
0.00461932
0.00311414
0.00163565
0.00015728
-0.00087103
-0.00148098
-0.00219339
-0.00294576
-0.00337085
-0.00318875
-0.00259817
-0.00186384
-0.00102669
-0.00053421
-0.00035784
-0.00093450
-0.00192500
-0.00269763
-0.00258680
-0.00082710
0.00130556
0.00249058
0.00245176
0.00045046
-0.00324810
-0.00761009
-0.01043015
-0.01114877
-0.01009284
-0.00789044
-0.00535535
-0.00287609
-0.00060591
0.00090618
0.00173655
0.00187704
0.00182666
0.00202718
0.00212153
0.00228937
0.00258112
0.00303481
0.00300769
0.00233434
0.00106231
-0.00083322
-0.00244699
-0.00315058
-0.00312454
-0.00243104
-0.00151860
0.00019300
0.00283687
0.00568981
0.00833896
0.01006231
0.01058785
0.01044604
0.00955143
0.00818279
0.00653720
0.00503426
0.00374222
0.00165665
-0.00176724
-0.00558426
-0.00947283
-0.01282319
-0.01521271
-0.01591046
-0.01436095
-0.01184160
-0.00881698
-0.00585561
-0.00326854
-0.00107777
0.00036791
0.00139742
0.00183595
0.00197808
0.00187923
0.00134492
0.00014857
-0.00171754
-0.00438008
-0.00762344
-0.01055901
-0.01353353
-0.01566661
-0.01723036
-0.01747124
-0.01646793
-0.01435970
-0.01099358
-0.00663556
-0.00212434
0.00196019
0.00495669
0.00682592
0.00776801
0.00725679
0.00535014
0.00291573
0.00074371
-0.00043247
-0.00033571
0.00069500
0.00203595
0.00346138
0.00515176
0.00713216
0.00924805
0.01170598
0.01444388
0.01697688
0.01851136
0.01945525
0.01961336
0.01891770
0.01749644
0.01487008
0.01071354
0.00518684
-0.00103306
-0.00696677
-0.01155489
-0.01410344
-0.01443601
-0.01315086
-0.01052466
-0.00731207
-0.00436795
-0.00186180
0.00047047
0.00274560
0.00485951
0.00640511
0.00726756
0.00723146
0.00661769
0.00586206
0.00497252
0.00395533
0.00244541
0.00011386
-0.00331547
-0.00711391
-0.01052628
-0.01343330
-0.01462359
-0.01460271
-0.01333772
-0.01093967
-0.00829642
-0.00661256
-0.00663618
-0.00640714
-0.00639487
-0.00654923
-0.00631587
-0.00583605
-0.00561552
-0.00622396
-0.00753349
-0.00918706
-0.01076905
-0.01201512
-0.01306470
-0.01358491
-0.01408402
-0.01465094
-0.01527021
-0.01554788
-0.01441170
-0.01188893
-0.00834833
-0.00410113
-0.00013253
0.00244130
0.00388334
0.00491863
0.00587617
0.00650500
0.00666030
0.00645047
0.00594634
0.00557489
0.00552707
0.00534939
0.00504120
0.00499049
0.00525478
0.00578908
0.00617561
0.00531444
0.00375250
0.00254571
0.00225965
0.00287509
0.00381295
0.00488653
0.00563416
0.00567290
0.00474605
0.00327715
0.00195438
0.00092125
0.00000603
-0.00121721
-0.00262880
-0.00358590
-0.00393596
-0.00381590
-0.00259627
-0.00113867
-0.00011590
0.00035337
0.00036760
-0.00003875
-0.00099501
-0.00233721
-0.00406667
-0.00594935
-0.00762167
-0.00862576
-0.00854841
-0.00756947
-0.00626119
-0.00539952
-0.00491363
-0.00438541
-0.00376868
-0.00298948
-0.00170866
-0.00001711
0.00195344
0.00410313
0.00601632
0.00752609
0.00877571
0.00936714
0.00873751
0.00662995
0.00400883
0.00215151
0.00124155
0.00100245
0.00116802
0.00170489
0.00254978
0.00329407
0.00403966
0.00500237
0.00601253
0.00695280
0.00744701
0.00719815
0.00642645
0.00567593
0.00495326
0.00415665
0.00394244
0.00421457
0.00400327
0.00353499
0.00318988
0.00346826
0.00449339
0.00563941
0.00638792
0.00645815
0.00526128
0.00316806
0.00063767
-0.00178500
-0.00359263
-0.00430876
-0.00441205
-0.00447452
-0.00457961
-0.00455634
-0.00398939
-0.00222360
0.00035672
0.00296388
0.00493513
0.00604844
0.00583371
0.00472505
0.00335558
0.00192998
0.00149455
0.00118019
0.00076529
0.00057096
0.00100172
0.00161993
0.00193936
0.00242028
0.00305304
0.00370831
0.00388242
0.00304365
0.00132359
-0.00055490
-0.00255075
-0.00419108
-0.00575395
-0.00673132
-0.00738267
-0.00799441
-0.00905220
-0.01060732
-0.01251960
-0.01482360
-0.01631230
-0.01742464
-0.01855647
-0.01859434
-0.01768272
-0.01608001
-0.01428249
-0.01196632
-0.00983463
-0.00751209
-0.00527066
-0.00408090
-0.00425689
-0.00475752
-0.00466347
-0.00307948
-0.00025310
0.00264747
0.00497041
0.00595205
0.00632194
0.00674651
0.00754871
0.00886642
0.01021578
0.01118524
0.01144560
0.01121333
0.01017419
0.00826452
0.00650836
0.00548850
0.00564290
0.00681723
0.00836131
0.00991274
0.01138961
0.01237150
0.01297128
0.01320808
0.01310848
0.01274285
0.01159291
0.01005793
0.00874050
0.00809518
0.00768941
0.00692969
0.00542367
0.00314285
0.00027484
-0.00232162
-0.00345966
-0.00332724
-0.00236455
-0.00109692
0.00025599
0.00127840
0.00179241
0.00190785
0.00178055
0.00191251
0.00254417
0.00370699
0.00528921
0.00742728
0.00932435
0.01047731
0.01064926
0.01022361
0.00975940
0.00937841
0.00905470
0.00830984
0.00740508
0.00693007
0.00652443
0.00630780
0.00608847
0.00524956
0.00352326
0.00138940
0.00029059
-0.00001457
0.00040076
0.00142757
0.00232707
0.00260605
0.00241122
0.00201911
0.00178701
0.00176753
0.00139003
0.00021384
-0.00192364
-0.00451001
-0.00721234
-0.00909672
-0.00968461
-0.00907104
-0.00747649
-0.00552478
-0.00350885
-0.00197957
-0.00089198
-0.00015543
0.00012714
-0.00024844
-0.00172307
-0.00435804
-0.00775835
-0.01114854
-0.01373767
-0.01532760
-0.01537865
-0.01466332
-0.01287414
-0.00989593
-0.00590774
-0.00176473
0.00163760
0.00339399
0.00384219
0.00333818
0.00223342
0.00087258
-0.00038624
-0.00139888
-0.00224071
-0.00252725
-0.00250651
-0.00203301
-0.00088613
0.00010895
0.00071181
0.00105881
0.00172970
0.00258468
0.00384733
0.00551746
0.00669877
0.00712725
0.00652187
0.00478699
0.00247219
0.00059679
-0.00034107
-0.00114106
-0.00216433
-0.00332934
-0.00475685
-0.00608092
-0.00740116
-0.00882686
-0.01082012
-0.01345645
-0.01644926
-0.01949762
-0.02144997
-0.02179128
-0.02032916
-0.01731011
-0.01376138
-0.01017100
-0.00593560
-0.00075720
0.00391452
0.00729186
0.00941133
0.01011592
0.00970716
0.00852593
0.00696457
0.00570003
0.00441296
0.00288998
0.00123603
0.00036858
0.00080023
0.00213856
0.00333476
0.00398556
0.00527306
0.00728475
0.00865291
0.00876794
0.00753900
0.00580183
0.00441453
0.00366467
0.00373724
0.00399142
0.00433090
0.00438269
0.00359442
0.00221580
0.00054246
-0.00080082
-0.00136749
-0.00051803
0.00117189
0.00323593
0.00437777
0.00358785
0.00117268
-0.00185385
-0.00393421
-0.00517323
-0.00656030
-0.00710081
-0.00746958
-0.00788353
-0.00783675
-0.00715639
-0.00552869
-0.00314131
-0.00075637
0.00026939
0.00117846
0.00185409
0.00188857
0.00154664
0.00152769
0.00136134
0.00046032
-0.00111385
-0.00301331
-0.00454729
-0.00644018
-0.00798044
-0.00923983
-0.00987839
-0.00889854
-0.00634743
-0.00301126
0.00051147
0.00353288
0.00554321
0.00598356
0.00524434
0.00331608
0.00018645
-0.00287183
-0.00516734
-0.00628467
-0.00577217
-0.00474035
-0.00405269
-0.00415960
-0.00510327
-0.00655190
-0.00862646
-0.01069495
-0.01211128
-0.01231804
-0.01153541
-0.00980137
-0.00757912
-0.00594177
-0.00496059
-0.00468704
-0.00514389
-0.00629826
-0.00813139
-0.01010831
-0.01121032
-0.01082578
-0.00969548
-0.00870604
-0.00860582
-0.00928712
-0.01027274
-0.01097645
-0.01143123
-0.01162253
-0.01119505
-0.00998056
-0.00759930
-0.00448306
-0.00154000
0.00106267
0.00256953
0.00279481
0.00235489
0.00148131
0.00051727
-0.00007737
0.00009490
0.00127166
0.00366730
0.00621489
0.00813054
0.00922304
0.00958253
0.00914584
0.00746809
0.00502819
0.00269172
0.00152694
0.00143875
0.00154092
0.00186211
0.00285677
0.00467788
0.00642349
0.00753452
0.00779559
0.00747255
0.00659086
0.00587068
0.00580265
0.00624803
0.00715712
0.00837106
0.00937037
0.00977392
0.00979747
0.00977655
0.00960825
0.00925189
0.00895068
0.00903751
0.00956148
0.01041190
0.01138700
0.01209456
0.01229623
0.01160350
0.01005340
0.00818120
0.00624814
0.00454224
0.00363258
0.00361747
0.00428757
0.00636740
0.00896348
0.01070193
0.01167038
0.01185094
0.01127792
0.01013686
0.00856415
0.00624167
0.00322367
0.00034620
-0.00171724
-0.00287200
-0.00337259
-0.00317474
-0.00210221
-0.00006524
0.00232318
0.00503407
0.00726587
0.00892115
0.00958853
0.00902364
0.00733680
0.00448931
0.00095594
-0.00255721
-0.00528723
-0.00659165
-0.00695668
-0.00664771
-0.00560713
-0.00447976
-0.00423926
-0.00468107
-0.00550697
-0.00650692
-0.00741789
-0.00799873
-0.00890276
-0.00946026
-0.00821406
-0.00507123
-0.00136074
0.00073650
0.00084657
0.00015954
-0.00079347
-0.00125547
-0.00141961
-0.00210490
-0.00339021
-0.00489996
-0.00585892
-0.00665785
-0.00725760
-0.00704619
-0.00611357
-0.00507946
-0.00422099
-0.00347901
-0.00294690
-0.00269287
-0.00285786
-0.00322716
-0.00372460
-0.00410416
-0.00446219
-0.00494936
-0.00550273
-0.00602576
-0.00613333
-0.00586652
-0.00553229
-0.00525267
-0.00512100
-0.00517025
-0.00502213
-0.00508224
-0.00539580
-0.00547401
-0.00460474
-0.00181383
0.00229926
0.00596129
0.00773838
0.00772938
0.00670400
0.00453906
0.00165442
-0.00099388
-0.00255037
-0.00341835
-0.00414056
-0.00442835
-0.00409372
-0.00333422
-0.00253095
-0.00191386
-0.00117799
-0.00024614
0.00097391
0.00282874
0.00536981
0.00882311
0.01177066
0.01303346
0.01314804
0.01280840
0.01224137
0.01116190
0.01019706
0.00945871
0.00903582
0.00904773
0.00941559
0.00987296
0.01030246
0.01060031
0.01078688
0.01034497
0.00908690
0.00709245
0.00559776
0.00390339
0.00174195
-0.00075819
-0.00289462
-0.00442439
-0.00492498
-0.00493136
-0.00436999
-0.00333162
-0.00339915
-0.00303215
-0.00258531
-0.00326989
-0.00437388
-0.00518033
-0.00591823
-0.00662946
-0.00688725
-0.00656897
-0.00522352
-0.00257523
0.00086197
0.00403087
0.00583412
0.00568880
0.00547968
0.00538932
0.00527077
0.00500512
0.00444635
0.00367379
0.00261302
0.00148646
0.00033412
-0.00056816
-0.00140122
-0.00201080
-0.00269838
-0.00331593
-0.00361371
-0.00374717
-0.00382367
-0.00381208
-0.00304005
-0.00201416
-0.00143519
-0.00117351
-0.00094387
-0.00066572
-0.00038503
0.00012600
0.00070547
0.00080394
-0.00009638
-0.00172132
-0.00411113
-0.00618008
-0.00760475
-0.00810836
-0.00795005
-0.00739621
-0.00694307
-0.00666398
-0.00624255
-0.00551244
-0.00468558
-0.00408409
-0.00360462
-0.00322059
-0.00215590
-0.00038958
0.00095034
0.00194257
0.00296573
0.00388098
0.00445516
0.00470875
0.00410661
0.00314449
0.00207585
0.00082481
0.00007724
-0.00058567
-0.00135419
-0.00215630
-0.00291214
-0.00327368
-0.00322623
-0.00293563
-0.00259738
-0.00209058
-0.00122075
-0.00002528
0.00103897
0.00179579
0.00267525
0.00388475
0.00524409
0.00665695
0.00788317
0.00896208
0.00992991
0.01072898
0.01126017
0.01132817
0.01102862
0.01057371
0.01003011
0.00941721
0.00822182
0.00663267
0.00490861
0.00305880
0.00182281
0.00101778
0.00040007
-0.00001668
-0.00015326
0.00005766
0.00077539
0.00182149
0.00305894
0.00429432
0.00551602
0.00655657
0.00780915
0.00938437
0.01087381
0.01142567
0.01132423
0.01084616
0.00975049
0.00816661
0.00655170
0.00533168
0.00415123
0.00243534
0.00036506
-0.00135434
-0.00308055
-0.00482323
-0.00606306
-0.00685641
-0.00753493
-0.00826462
-0.00894091
-0.00967223
-0.01031003
-0.01022071
-0.00924818
-0.00718445
-0.00478181
-0.00338958
-0.00224257
-0.00141679
-0.00115823
-0.00156119
-0.00249058
-0.00318496
-0.00311923
-0.00220898
-0.00126166
-0.00086303
-0.00074455
-0.00087002
-0.00130296
-0.00195770
-0.00272280
-0.00353376
-0.00437821
-0.00493789
-0.00562465
-0.00668641
-0.00820689
-0.01004158
-0.01111011
-0.01115622
-0.01035656
-0.00940533
-0.00852897
-0.00731551
-0.00583741
-0.00466181
-0.00346969
-0.00228159
-0.00136849
-0.00057012
0.00042975
0.00161691
0.00258683
0.00284469
0.00211421
0.00073427
-0.00110878
-0.00263341
-0.00375132
-0.00487012
-0.00533695
-0.00508375
-0.00449938
-0.00399309
-0.00409175
-0.00449291
-0.00443806
-0.00320504
-0.00147594
-0.00025166
0.00045211
0.00099046
0.00152867
0.00205141
0.00238889
0.00237696
0.00254632
0.00310407
0.00340255
0.00314981
0.00241899
0.00193608
0.00213153
0.00255684
0.00296426
0.00309850
0.00285220
0.00250067
0.00230704
0.00238371
0.00273111
0.00331747
0.00390674
0.00416753
0.00414523
0.00379617
0.00302134
0.00219121
0.00137933
0.00038374
-0.00055086
-0.00093449
-0.00045500
0.00073027
0.00183201
0.00225999
0.00192818
0.00103139
0.00028957
-0.00007374
-0.00059218
-0.00116029
-0.00170886
-0.00229096
-0.00295333
-0.00375492
-0.00436771
-0.00463941
-0.00476626
-0.00470215
-0.00418890
-0.00318054
-0.00179375
-0.00046764
0.00088165
0.00197036
0.00265891
0.00297753
0.00324544
0.00334323
0.00279754
0.00180938
0.00070930
0.00052463
0.00163798
0.00362454
0.00544391
0.00633206
0.00638843
0.00640663
0.00656535
0.00647732
0.00583173
0.00483206
0.00365249
0.00237723
0.00101940
-0.00021107
-0.00146686
-0.00300216
-0.00405793
-0.00463173
-0.00465514
-0.00467007
-0.00462589
-0.00445212
-0.00417028
-0.00386165
-0.00376537
-0.00370260
-0.00352695
-0.00329836
-0.00309006
-0.00285664
-0.00265514
-0.00246452
-0.00227967
-0.00224595
-0.00233953
-0.00246068
-0.00253173
-0.00263464
-0.00255927
-0.00232989
-0.00188230
-0.00128587
-0.00062155
0.00017319
0.00107796
0.00205700
0.00296103
0.00330015
0.00316392
0.00264728
0.00173731
0.00051586
-0.00085400
-0.00207497
-0.00304849
-0.00367003
-0.00429530
-0.00465487
-0.00495488
-0.00515815
-0.00507449
-0.00487152
-0.00469235
-0.00445305
-0.00398537
-0.00305339
-0.00179012
-0.00053044
0.00034563
0.00078372
0.00078454
0.00038192
-0.00018006
-0.00079735
-0.00142417
-0.00172665
-0.00174393
-0.00164009
-0.00141163
-0.00111996
-0.00090451
-0.00080795
-0.00081842
-0.00102579
-0.00138022
-0.00175313
-0.00205491
-0.00209186
-0.00201049
-0.00162496
-0.00108924
-0.00056511
-0.00008779
0.00026839
0.00043263
0.00038505
0.00028094
0.00017789
-0.00003960
-0.00036032
-0.00043518
-0.00006680
0.00051085
0.00106139
0.00144377
0.00161257
0.00169588
0.00179206
0.00187857
0.00195489
0.00203719
0.00201286
0.00186004
0.00167847
0.00157281
0.00158126
0.00166972
0.00169773
0.00161064
0.00156445
0.00169187
0.00186823
0.00202252
0.00215001
0.00226709
0.00237920
0.00244783
0.00243828
0.00231305
0.00213242
0.00199333
0.00195272
0.00186373
0.00167012
0.00140955
0.00112176
0.00086581
0.00070231
0.00061572
0.00063062
0.00072756
0.00078864
0.00077712
0.00075539
0.00075402
0.00077035
0.00078570
0.00079839
0.00081665
0.00082826
0.00085033
0.00084642
0.00081262
0.00075657
0.00070202
0.00067159
0.00068180
0.00073219
0.00076669
0.00075582
0.00072090
0.00066366
0.00059874
0.00052550
0.00043794
0.00037106
0.00035025
0.00034089
0.00031298
0.00026919
0.00022911
0.00021029
0.00020039
0.00018648
0.00017314
0.00016794
0.00017045
0.00017056
0.00015164
0.00010980
0.00005997
0.00001619
-0.00001837
-0.00003900
-0.00004942
-0.00006217
-0.00008460
-0.00010937
-0.00013217
-0.00014998
-0.00015616
-0.00015049
-0.00013832
-0.00012649
-0.00011612
-0.00010543
-0.00009545
-0.00008545
-0.00007701
-0.00007288
-0.00007230
-0.00007215
-0.00007028
-0.00006711
-0.00006584
-0.00006642
-0.00006737
-0.00006752
-0.00006729
-0.00006690
-0.00006637
-0.00006702
-0.00006905
-0.00007205
-0.00007461
-0.00007584
-0.00007592
-0.00007451
-0.00007250
-0.00007036
-0.00006844
-0.00006694
-0.00006544
-0.00006378
-0.00006183
-0.00005969
-0.00005758
-0.00005536
-0.00005301
-0.00005064
-0.00004830
-0.00004606
-0.00004392
-0.00004190
-0.00003993
-0.00003798
-0.00003600
-0.00003396
-0.00003190
-0.00002983
-0.00002774
-0.00002563
-0.00002350
-0.00002135
-0.00001919
-0.00001701
-0.00001480
-0.00001257
-0.00001031
-0.00000803
-0.00000573
-0.00000340
