-0.00018276
-0.00018556
-0.00018173
-0.00018070
-0.00017143
-0.00016655
-0.00015814
-0.00016295
-0.00017676
-0.00020913
-0.00024047
-0.00028878
-0.00032755
-0.00035504
-0.00036884
-0.00037111
-0.00034405
-0.00028533
-0.00017641
-0.00003177
0.00013293
0.00031237
0.00045672
0.00053928
0.00059165
0.00061448
0.00060469
0.00051964
0.00037824
0.00017363
-0.00014712
-0.00066366
-0.00115956
-0.00151976
-0.00148647
-0.00097152
-0.00011702
0.00063042
0.00111430
0.00134709
0.00134308
0.00112410
0.00078813
0.00039943
-0.00003884
-0.00074046
-0.00168525
-0.00248131
-0.00306638
-0.00331694
-0.00318982
-0.00286304
-0.00240735
-0.00202929
-0.00196892
-0.00227703
-0.00284749
-0.00325695
-0.00293047
-0.00185403
-0.00041903
0.00132872
0.00302587
0.00445550
0.00543704
0.00558992
0.00470427
0.00262957
0.00001148
-0.00211594
-0.00378640
-0.00490521
-0.00527670
-0.00426445
-0.00114107
0.00350596
0.00827367
0.01034006
0.01066162
0.00980961
0.00781251
0.00527422
0.00256238
-0.00078118
-0.00394159
-0.00721097
-0.00988578
-0.01200962
-0.01424140
-0.01523275
-0.01403008
-0.01054377
-0.00520691
0.00089075
0.00598782
0.00854266
0.00983250
0.01033276
0.00933827
0.00639032
0.00134385
-0.00415455
-0.00773644
-0.00825623
-0.00540940
-0.00006965
0.00534350
0.00846355
0.00832922
0.00656722
0.00424711
0.00163198
-0.00115892
-0.00400196
-0.00627435
-0.00786336
-0.00811098
-0.00629553
-0.00240880
0.00317240
0.00967719
0.01442238
0.01662143
0.01481069
0.00729399
-0.00596348
-0.02168404
-0.03330930
-0.03698414
-0.03577958
-0.02955256
-0.01754712
-0.00249902
0.01239840
0.02318667
0.02877795
0.02872250
0.02469279
0.01797655
0.01073810
0.00597392
0.00396615
0.00413207
0.00600066
0.00910561
0.01315048
0.01763779
0.02121713
0.02240468
0.02140885
0.01781550
0.01147885
0.00290175
-0.00548638
-0.01296039
-0.02024056
-0.02702229
-0.03124673
-0.03057289
-0.02501520
-0.01541160
-0.00477157
0.00349018
0.00847585
0.01010619
0.00936438
0.00736350
0.00457051
0.00159716
-0.00257498
-0.00775519
-0.01344117
-0.01889921
-0.02307673
-0.02324313
-0.01669942
-0.00267180
0.01582323
0.03239787
0.04288687
0.04791136
0.04402271
0.02986938
0.00941948
-0.00836742
-0.01928793
-0.02263293
-0.02231409
-0.02109790
-0.02148582
-0.02572612
-0.03273039
-0.03835956
-0.04000032
-0.03687076
-0.03000469
-0.02159963
-0.01398192
-0.00750163
-0.00283209
0.00076117
0.00323441
0.00464114
0.00495172
0.00270669
-0.00277507
-0.01187739
-0.02210278
-0.02978052
-0.03265567
-0.03163874
-0.02749498
-0.02021108
-0.01039267
-0.00057890
0.00797261
0.01505508
0.02045032
0.02575712
0.03203746
0.04062388
0.04959898
0.05561191
0.05713190
0.05350083
0.04497368
0.03139790
0.01433948
-0.00239893
-0.01509393
-0.02340154
-0.02846229
-0.02974433
-0.02680751
-0.01795502
-0.00446208
0.00766201
0.01455850
0.01771549
0.01754524
0.01404899
0.00754380
-0.00005609
-0.00428103
-0.00438876
-0.00263835
-0.00135246
-0.00278343
-0.00724729
-0.01366955
-0.02010544
-0.02343421
-0.02324268
-0.01946990
-0.01314514
-0.00789807
-0.00500812
-0.00249195
0.00087036
0.00563441
0.00978020
0.01110819
0.00975952
0.00507915
-0.00261246
-0.01097936
-0.01616716
-0.01501287
-0.00629055
0.00580821
0.01480385
0.01693182
0.01421363
0.00720526
-0.00172711
-0.00975171
-0.01426838
-0.01509820
-0.01229062
-0.00697188
0.00067528
0.01023995
0.02084913
0.03185908
0.04049725
0.04624101
0.04945403
0.04748725
0.03904348
0.02438554
0.00701583
-0.00946312
-0.02194689
-0.02936686
-0.03110193
-0.02833806
-0.02167167
-0.01253494
-0.00366419
0.00214713
0.00727900
0.01259210
0.01856292
0.02470970
0.02919748
0.02985991
0.02559459
0.01557679
0.00200777
-0.01018861
-0.01618216
-0.01643815
-0.01377019
-0.01174674
-0.01245205
-0.01475655
-0.01653263
-0.01709007
-0.01768711
-0.01915510
-0.02159759
-0.02457134
-0.02641499
-0.02512541
-0.01918870
-0.00946022
0.00016608
0.00542868
0.00561911
0.00190663
-0.00456567
-0.01333771
-0.02074763
-0.02433579
-0.02350695
-0.01776083
-0.00890927
-0.00116700
0.00156660
0.00144750
-0.00033998
-0.00143742
-0.00052321
0.00120118
0.00179583
-0.00010666
-0.00389251
-0.00818062
-0.01070738
-0.00939248
-0.00355625
0.00527189
0.01224116
0.01325323
0.00907250
0.00291918
-0.00210681
-0.00334779
-0.00052966
0.00450919
0.00847105
0.00970579
0.00838861
0.00555223
0.00241025
0.00101023
0.00236232
0.00717010
0.01457333
0.02166697
0.02561665
0.02544738
0.02259616
0.01892907
0.01684197
0.01728267
0.01931613
0.02148987
0.02195731
0.02009096
0.01819346
0.01789677
0.01983801
0.02286118
0.02434624
0.02280900
0.01732652
0.00821174
-0.00252234
-0.01184977
-0.01881899
-0.02152889
-0.02011325
-0.01710525
-0.01550596
-0.01628400
-0.01788753
-0.01839947
-0.01646687
-0.01327866
-0.01053415
-0.00985935
-0.01098491
-0.01248839
-0.01304864
-0.01198426
-0.00932619
-0.00516535
0.00093216
0.00759254
0.01381866
0.01584371
0.01420982
0.01113914
0.00828173
0.00627135
0.00533402
0.00517675
0.00424289
0.00262199
0.00109527
-0.00046269
-0.00233412
-0.00546073
-0.00960063
-0.01366712
-0.01599165
-0.01573389
-0.01282137
-0.00905568
-0.00694262
-0.00703482
-0.00709671
-0.00417167
0.00296298
0.01241659
0.01867649
0.02057962
0.01720864
0.00981764
0.00151741
-0.00436121
-0.00708376
-0.00778231
-0.00729821
-0.00657358
-0.00538225
-0.00371654
-0.00171419
0.00121844
0.00488059
0.00721935
0.00712583
0.00514580
0.00256301
0.00014499
-0.00143559
-0.00208621
-0.00175608
-0.00036782
0.00146103
0.00256372
0.00235095
0.00083337
-0.00115157
-0.00296054
-0.00444767
-0.00657637
-0.00991291
-0.01332010
-0.01525753
-0.01540160
-0.01517801
-0.01501384
-0.01401875
-0.01145793
-0.00610767
0.00138521
0.00857386
0.01262947
0.01190461
0.00566674
-0.00242681
-0.00809187
-0.00951449
-0.00678075
-0.00226012
0.00310529
0.00917408
0.01557553
0.02052470
0.02344793
0.02467495
0.02517678
0.02496629
0.02242333
0.01625682
0.00728694
-0.00163679
-0.00769078
-0.00865725
-0.00650421
-0.00288822
0.00183206
0.00708993
0.01162558
0.01373148
0.01237664
0.00669284
-0.00205449
-0.01070789
-0.01746241
-0.02001108
-0.01959758
-0.01797579
-0.01526207
-0.01118252
-0.00613910
-0.00055758
0.00361806
0.00496502
0.00373907
-0.00086865
-0.00821074
-0.01523410
-0.02055757
-0.02390201
-0.02565523
-0.02679351
-0.02697353
-0.02446381
-0.01798741
-0.00874050
0.00120637
0.01148482
0.02021984
0.02559683
0.02631653
0.02305306
0.01588942
0.00464027
-0.00853153
-0.02069619
-0.02839305
-0.03065128
-0.02795816
-0.02090004
-0.01063714
-0.00019900
0.00591118
0.00984528
0.01362856
0.01820307
0.02375371
0.02764840
0.02935383
0.02810998
0.02656870
0.02721702
0.03009205
0.03465569
0.03963978
0.04352079
0.04613133
0.04781122
0.04965285
0.05159771
0.05334420
0.05522442
0.05689489
0.05918219
0.06275686
0.06676182
0.06942548
0.07205648
0.07438832
0.07470692
0.07207242
0.06495429
0.05249433
0.03373670
0.01166493
-0.01047400
-0.03144636
-0.05200531
-0.06591968
-0.07201151
-0.06947045
-0.05733681
-0.03700866
-0.01436852
0.00870232
0.02902951
0.04258136
0.05321386
0.05971377
0.06317400
0.06480173
0.06283417
0.05423599
0.03847926
0.01830341
-0.00049559
-0.01459667
-0.02469824
-0.02783670
-0.02559096
-0.02257129
-0.02129081
-0.02366795
-0.02778384
-0.03033192
-0.02907752
-0.02316288
-0.01241603
0.00059756
0.01054280
0.01443481
0.01580074
0.01401049
0.01032909
0.00761198
0.00685970
0.00833814
0.01039577
0.01116934
0.00901037
0.00280456
-0.00583843
-0.01526667
-0.02174712
-0.02508276
-0.02725962
-0.03002115
-0.03398180
-0.03957526
-0.04588418
-0.05102377
-0.05496448
-0.05873172
-0.06410863
-0.07073232
-0.07791789
-0.08537052
-0.09121774
-0.09631577
-0.10021760
-0.10101370
-0.09741991
-0.08819755
-0.07220406
-0.05271165
-0.03459318
-0.01991789
-0.00956219
-0.00105227
0.00516862
0.01046674
0.01561111
0.02030954
0.02515968
0.02892316
0.03008367
0.02756620
0.02091718
0.00914893
-0.00706566
-0.02563135
-0.04226658
-0.05491731
-0.06169880
-0.06433262
-0.06583634
-0.06669279
-0.06575480
-0.06255773
-0.05686240
-0.04770640
-0.03683771
-0.02548640
-0.01682001
-0.01167657
-0.01000048
-0.01260516
-0.01766370
-0.02244243
-0.02447875
-0.02523928
-0.02400007
-0.01970341
-0.01145916
-0.00192023
0.00754815
0.01393175
0.01698856
0.01893323
0.02119569
0.02301184
0.02338855
0.02208891
0.01933668
0.01549560
0.01199879
0.00901919
0.00701005
0.00630418
0.00624633
0.00713361
0.00930410
0.01331430
0.01955683
0.02827218
0.03988916
0.05312758
0.06708757
0.08270089
0.09849724
0.11279010
0.12313180
0.12745410
0.12485700
0.11588710
0.10225640
0.08553566
0.06838826
0.05196604
0.03838523
0.02714253
0.01885566
0.01466301
0.01383906
0.01554005
0.01840572
0.02104908
0.02314437
0.02556038
0.02890080
0.03333137
0.03912277
0.04576299
0.05233563
0.05721340
0.05907657
0.05813654
0.05438933
0.04848851
0.04012691
0.02923132
0.01669584
0.00275693
-0.01092665
-0.02433930
-0.03765740
-0.04919004
-0.06185297
-0.07440732
-0.08435485
-0.09107548
-0.09300414
-0.09077609
-0.08384676
-0.06958622
-0.04793427
-0.02190356
0.00292597
0.02698338
0.04180510
0.04774784
0.04722702
0.04228438
0.03388580
0.02266082
0.01043609
-0.00197104
-0.01391595
-0.02561793
-0.03576568
-0.04514340
-0.05223513
-0.05834486
-0.06161698
-0.06078331
-0.05671976
-0.05107126
-0.04738376
-0.04722026
-0.04983169
-0.05404237
-0.05862549
-0.06238793
-0.06411999
-0.06269676
-0.05898056
-0.05352414
-0.04707390
-0.04009690
-0.03298762
-0.02660500
-0.02181226
-0.01981248
-0.02121107
-0.02578684
-0.03194990
-0.03813251
-0.04410788
-0.04945368
-0.05085628
-0.04820921
-0.04130524
-0.03303190
-0.02741237
-0.02643677
-0.02946047
-0.03547751
-0.04191470
-0.04655686
-0.04783176
-0.04433395
-0.03494327
-0.02078137
-0.00296162
0.01569769
0.03291585
0.04509793
0.05338259
0.05824253
0.05810794
0.05161867
0.03856677
0.02160690
0.00643963
-0.00195369
-0.00512492
-0.00651599
-0.00817416
-0.00951444
-0.00879626
-0.00406540
0.00511426
0.01632080
0.02555063
0.03344102
0.03838486
0.04054287
0.04122534
0.04004853
0.03712551
0.03261588
0.02730490
0.02031239
0.01297561
0.00846541
0.00694823
0.00728036
0.00844583
0.00958594
0.01160620
0.01528618
0.02072542
0.02836202
0.03661440
0.04524056
0.05332470
0.05962804
0.06406689
0.06492857
0.06325575
0.05942191
0.05373375
0.04494914
0.03637741
0.03140543
0.02982158
0.02995031
0.03035766
0.02999739
0.02907267
0.02803063
0.02641375
0.02314062
0.01801952
0.01152817
0.00572596
0.00391806
0.00759627
0.01545928
0.02405903
0.03105973
0.03418082
0.03407104
0.03355028
0.03322729
0.03213332
0.02924068
0.02465077
0.02075040
0.01940989
0.02272430
0.02969172
0.03769030
0.04297196
0.04271152
0.03551385
0.02234754
0.00667342
-0.00795002
-0.02011100
-0.03034539
-0.03968315
-0.04946115
-0.05962396
-0.07001459
-0.07943473
-0.08621023
-0.08595517
-0.07682883
-0.05951373
-0.03906198
-0.02137392
-0.00913252
-0.00362145
-0.00363053
-0.00736838
-0.01331076
-0.02032175
-0.02863273
-0.03812855
-0.04824651
-0.05546469
-0.05737264
-0.05249121
-0.04086033
-0.02510558
-0.01029167
0.00223296
0.01121815
0.01567928
0.01642404
0.01450375
0.01058032
0.00562120
0.00113402
-0.00179856
-0.00298722
-0.00331599
-0.00410546
-0.00680979
-0.01190461
-0.01826828
-0.02386288
-0.02958006
-0.03512266
-0.03970823
-0.04125100
-0.03967022
-0.03540405
-0.02884121
-0.02022117
-0.00974730
0.00016212
0.00656628
0.01092826
0.01241601
0.01052054
0.00448457
-0.00527372
-0.01540391
-0.02300205
-0.02636876
-0.02678231
-0.02774646
-0.02986077
-0.03309746
-0.03694425
-0.03819196
-0.03601879
-0.03112333
-0.02434232
-0.01720507
-0.01080983
-0.00433123
0.00271031
0.00998741
0.01620265
0.02044661
0.02326256
0.02480257
0.02555967
0.02550515
0.02489517
0.02386982
0.02280183
0.02142874
0.01935625
0.01706168
0.01539857
0.01449430
0.01426954
0.01531733
0.01865938
0.02418805
0.03097752
0.03823810
0.04531981
0.05039419
0.05336489
0.05336329
0.04929979
0.04160612
0.03153056
0.02134328
0.01326874
0.00647816
0.00189036
-0.00119380
-0.00276207
-0.00275555
-0.00153790
0.00132311
0.00571878
0.01057495
0.01488537
0.01796949
0.01911739
0.01812686
0.01587352
0.01282093
0.00957332
0.00646421
0.00324136
-0.00011050
-0.00411203
-0.00862576
-0.01347601
-0.01790406
-0.02075860
-0.02150433
-0.02049637
-0.01731778
-0.01173787
-0.00476209
0.00249713
0.00920949
0.01397837
0.01722605
0.01955492
0.02072722
0.02076813
0.01995827
0.01895027
0.01856880
0.01929346
0.02055963
0.02124725
0.02036668
0.01751609
0.01214636
0.00415148
-0.00550754
-0.01574702
-0.02303784
-0.02513000
-0.02224909
-0.01569363
-0.00749628
0.00022182
0.00531420
0.00697148
0.00657132
0.00569819
0.00519200
0.00477624
0.00373675
0.00101767
-0.00438102
-0.01256529
-0.02196375
-0.03058284
-0.03654213
-0.04019666
-0.04186223
-0.04292259
-0.04388236
-0.04473455
-0.04594258
-0.04721432
-0.04865227
-0.04891555
-0.04715247
-0.04430282
-0.04030060
-0.03619703
-0.03361689
-0.03130941
-0.02965234
-0.02672445
-0.02217917
-0.01747793
-0.01234176
-0.00691651
-0.00060178
0.00665009
0.01483776
0.02256240
0.02792764
0.03005858
0.02722825
0.01850679
0.00364148
-0.01454065
-0.02999011
-0.04062298
-0.04597966
-0.04815699
-0.04848072
-0.04755014
-0.04524725
-0.04090060
-0.03351545
-0.02346855
-0.01221920
-0.00105443
0.01122642
0.02325844
0.03270947
0.04126068
0.04878605
0.05484708
0.05958604
0.06312123
0.06542115
0.06481615
0.06016867
0.05029681
0.03511033
0.01782361
0.00293248
-0.00717480
-0.01409540
-0.01826131
-0.01935322
-0.01659437
-0.00980093
-0.00061046
0.00801587
0.01349279
0.01550904
0.01504837
0.01281758
0.01026772
0.00922862
0.01117355
0.01610764
0.02279813
0.02909593
0.03310976
0.03553353
0.03724096
0.03814372
0.03852790
0.03836627
0.03745588
0.03637849
0.03617602
0.03735040
0.03963350
0.04217245
0.04323614
0.04021920
0.03227662
0.02021269
0.00674062
-0.00289073
-0.00828989
-0.01056198
-0.01125016
-0.01199212
-0.01344611
-0.01523278
-0.01596274
-0.01481132
-0.01166897
-0.00747563
-0.00378722
-0.00022586
0.00376853
0.00814425
0.01251408
0.01521740
0.01561667
0.01422662
0.01157071
0.00797840
0.00421993
0.00034848
-0.00401254
-0.00992379
-0.01692841
-0.02436702
-0.03189907
-0.03868313
-0.04335617
-0.04621173
-0.04611103
-0.04216125
-0.03493765
-0.02619478
-0.01530562
-0.00576950
0.00256174
0.00731929
0.00833584
0.00717017
0.00480118
0.00223972
0.00052970
-0.00032690
-0.00072434
-0.00040580
0.00066481
0.00303240
0.00634300
0.00874578
0.00843748
0.00538299
-0.00003434
-0.00625287
-0.01112121
-0.01319479
-0.01134024
-0.00535395
0.00347971
0.01167099
0.01784829
0.02121110
0.02045643
0.01547183
0.00775174
-0.00153345
-0.00980463
-0.01585951
-0.02134723
-0.02666057
-0.03113713
-0.03371981
-0.03466072
-0.03441056
-0.03279125
-0.02917162
-0.02278128
-0.01382444
-0.00348524
0.00496624
0.00862369
0.00718036
0.00166300
-0.00560231
-0.01192934
-0.01634297
-0.01981743
-0.02401679
-0.02974643
-0.03655509
-0.04300758
-0.04732391
-0.04890827
-0.04617896
-0.03888374
-0.02698912
-0.01399167
-0.00328182
0.00317371
0.00389747
-0.00103804
-0.01058417
-0.02030338
-0.02562217
-0.02370667
-0.01604863
-0.00424709
0.00810512
0.01874774
0.02757098
0.03509134
0.04181305
0.04651759
0.04900207
0.04891016
0.04714492
0.04527240
0.04482729
0.04328440
0.03985943
0.03478423
0.02952216
0.02473821
0.02153615
0.01935206
0.01764260
0.01724146
0.01888613
0.02331279
0.02998487
0.03714749
0.04359146
0.04854247
0.05257890
0.05460043
0.05340563
0.04613892
0.03122624
0.01145525
-0.00592818
-0.01824763
-0.02594820
-0.02717186
-0.02450690
-0.01918117
-0.01256943
-0.00767966
-0.00339265
-0.00037680
0.00087107
0.00132203
0.00133376
-0.00019177
-0.00483110
-0.01261786
-0.02219665
-0.02952585
-0.03196337
-0.02997524
-0.02372327
-0.01497226
-0.00620016
0.00039124
0.00251399
0.00205659
0.00060727
-0.00148619
-0.00303976
-0.00387099
-0.00487826
-0.00624430
-0.00965109
-0.01610027
-0.02430265
-0.03299349
-0.04029554
-0.04640847
-0.05039946
-0.05178536
-0.05098223
-0.04793114
-0.04227113
-0.03363323
-0.02238448
-0.00992129
0.00326824
0.01555598
0.02246930
0.02594798
0.02486650
0.01978235
0.01263872
0.00529588
0.00014935
-0.00212087
-0.00141513
0.00101248
0.00375755
0.00636890
0.01011142
0.01529677
0.02231890
0.02934416
0.03416654
0.03582508
0.03468299
0.03177363
0.02839974
0.02537702
0.02275395
0.02012138
0.01665356
0.01297527
0.00934240
0.00384984
-0.00193884
-0.00665372
-0.00947178
-0.01038098
-0.00994548
-0.00898955
-0.00714240
-0.00384107
0.00141020
0.00871321
0.01579591
0.02002938
0.01968309
0.01580998
0.01057024
0.00588668
0.00270687
0.00199969
0.00441319
0.00992136
0.01804852
0.02643232
0.03280444
0.03637149
0.03622759
0.03256536
0.02611438
0.01753100
0.00840155
-0.00013318
-0.00843210
-0.01623898
-0.02240630
-0.02594607
-0.02583488
-0.02295983
-0.01778136
-0.01140680
-0.00669132
-0.00511164
-0.00549025
-0.00555537
-0.00341186
0.00085853
0.00687008
0.01362733
0.01852693
0.02175770
0.02388186
0.02371556
0.02224162
0.02083770
0.02011348
0.01989164
0.01938097
0.01782777
0.01435905
0.00890583
0.00145908
-0.00791239
-0.01865593
-0.02837775
-0.03761028
-0.04725891
-0.05669713
-0.06552840
-0.07224195
-0.07636015
-0.07725283
-0.07518441
-0.07011504
-0.06202175
-0.05266880
-0.04529544
-0.04162492
-0.04090717
-0.04269321
-0.04537956
-0.04672181
-0.04556114
-0.04228987
-0.03786651
-0.03313179
-0.02830862
-0.02278732
-0.01698707
-0.01078147
-0.00472572
-0.00073002
0.00186901
0.00380139
0.00586094
0.00806863
0.00945999
0.00982015
0.00925400
0.00858411
0.00852606
0.00944404
0.01106600
0.01286916
0.01448967
0.01586479
0.01762628
0.02075847
0.02599113
0.03269923
0.03754153
0.03928583
0.03848360
0.03576874
0.03279185
0.03035041
0.02858067
0.02778548
0.02786137
0.02825014
0.02873605
0.02960240
0.03040758
0.03026938
0.02820387
0.02410047
0.01902051
0.01431074
0.01109812
0.00998772
0.01020467
0.01125408
0.01277883
0.01450131
0.01654124
0.01803452
0.01808526
0.01617951
0.01356739
0.01195852
0.01184216
0.01280673
0.01338613
0.01256261
0.01039229
0.00805671
0.00290353
-0.00763476
-0.02142769
-0.03449239
-0.04683213
-0.05635333
-0.06199785
-0.05969752
-0.04797784
-0.02894819
-0.01014604
0.00399606
0.01267137
0.01872391
0.02351957
0.02790168
0.03236695
0.03343489
0.03004924
0.02164426
0.00922223
-0.00568290
-0.02032203
-0.03108792
-0.03676413
-0.03806744
-0.03547002
-0.02912880
-0.01975899
-0.00896718
0.00091711
0.00880774
0.01539273
0.02172849
0.02761928
0.03412645
0.03869950
0.04059868
0.04107412
0.04144181
0.04225134
0.04372809
0.04561263
0.04655455
0.04552954
0.04145360
0.03447237
0.02526519
0.01574182
0.00767132
-0.00002112
-0.00802801
-0.01470942
-0.01933004
-0.02131394
-0.02144056
-0.02061956
-0.01865646
-0.01565515
-0.01096721
-0.00412628
0.00335025
0.01043008
0.01615274
0.01901296
0.01881015
0.01601901
0.01232246
0.00720406
0.00089629
-0.00607390
-0.01334516
-0.02092978
-0.02906032
-0.03606467
-0.04340126
-0.05005237
-0.05595605
-0.06072332
-0.06360015
-0.06422295
-0.06262337
-0.05859785
-0.05219497
-0.04419498
-0.03589844
-0.02847348
-0.02145592
-0.01607386
-0.01219056
-0.00949258
-0.00752232
-0.00601155
-0.00418127
-0.00236012
-0.00196059
-0.00365300
-0.00741772
-0.01209170
-0.01578108
-0.01767733
-0.01788044
-0.01663735
-0.01415571
-0.01113877
-0.00834612
-0.00635795
-0.00452347
-0.00258581
-0.00096159
-0.00007712
-0.00022135
-0.00082286
-0.00074839
0.00123495
0.00566053
0.01203349
0.01872605
0.02461852
0.02939889
0.03303982
0.03397342
0.03271691
0.02957357
0.02481947
0.02024530
0.01604024
0.01404329
0.01339720
0.01401035
0.01590679
0.01906659
0.02350673
0.02811848
0.03176677
0.03254973
0.03151028
0.02931297
0.02618740
0.02213251
0.01815394
0.01480879
0.01135881
0.00862018
0.00749872
0.00840107
0.01040070
0.01275425
0.01508235
0.01640615
0.01656273
0.01605238
0.01530073
0.01432257
0.01303425
0.01076096
0.00652035
0.00098879
-0.00557484
-0.01178576
-0.01655650
-0.02035340
-0.02383050
-0.02716338
-0.02956583
-0.03086777
-0.03129650
-0.03092514
-0.03000028
-0.02843459
-0.02523282
-0.01959068
-0.01131473
-0.00109729
0.00652776
0.01115357
0.01420037
0.01595913
0.01565575
0.01186893
0.00586533
-0.00039305
-0.00598233
-0.01088661
-0.01434907
-0.01729388
-0.01962701
-0.02070625
-0.02056975
-0.01796340
-0.01249155
-0.00592016
-0.00000739
0.00452666
0.00759178
0.00764986
0.00522372
0.00230502
-0.00016618
-0.00221105
-0.00396153
-0.00553082
-0.00651848
-0.00693418
-0.00641054
-0.00555606
-0.00472066
-0.00372076
-0.00164402
0.00195230
0.00756925
0.01544994
0.02349516
0.02921015
0.03134805
0.03049354
0.02633329
0.01928321
0.01060719
0.00114890
-0.00681520
-0.01105151
-0.01241274
-0.01176780
-0.01007779
-0.00745187
-0.00483517
-0.00342266
-0.00288593
-0.00348353
-0.00469425
-0.00525027
-0.00486497
-0.00333880
-0.00070455
0.00255933
0.00570265
0.00786256
0.00943870
0.01166738
0.01463229
0.01780483
0.02004698
0.02084393
0.02063305
0.01981692
0.01829779
0.01556032
0.01142934
0.00668558
0.00246948
-0.00003418
0.00027524
0.00271118
0.00659984
0.01134090
0.01573020
0.01806618
0.01835417
0.01649133
0.01333259
0.00985571
0.00679481
0.00410552
0.00148376
-0.00079897
-0.00200006
-0.00209433
-0.00108563
0.00004432
0.00136342
0.00326209
0.00505256
0.00628815
0.00658987
0.00574951
0.00402121
0.00200891
0.00022213
-0.00080832
-0.00125541
-0.00226108
-0.00403726
-0.00639644
-0.00850050
-0.00887473
-0.00725351
-0.00518476
-0.00357617
-0.00383710
-0.00657841
-0.01134354
-0.01685286
-0.02070716
-0.02171382
-0.02062760
-0.01958246
-0.01864444
-0.01828314
-0.01851336
-0.01940683
-0.02077001
-0.02189717
-0.02246962
-0.02242915
-0.02191338
-0.02120771
-0.02129720
-0.02291078
-0.02605294
-0.02967011
-0.03262330
-0.03398568
-0.03344085
-0.03142748
-0.02784316
-0.02269104
-0.01628564
-0.00858673
-0.00064127
0.00587392
0.01106068
0.01449683
0.01651330
0.01714089
0.01670944
0.01602284
0.01539374
0.01464886
0.01348877
0.01144745
0.00813443
0.00474839
0.00133203
-0.00173392
-0.00385012
-0.00460964
-0.00381905
-0.00197659
0.00074686
0.00371377
0.00674913
0.00914101
0.01165329
0.01388199
0.01538840
0.01626116
0.01555440
0.01277768
0.00911348
0.00626585
0.00545187
0.00665433
0.00866817
0.01098406
0.01356949
0.01590321
0.01768324
0.01919973
0.02063548
0.02183387
0.02234344
0.02191484
0.01984559
0.01557550
0.00918771
0.00251129
-0.00330282
-0.00675124
-0.00741865
-0.00635860
-0.00341787
0.00151760
0.00760335
0.01310076
0.01786467
0.02163543
0.02443390
0.02605892
0.02682669
0.02701574
0.02610064
0.02474203
0.02258885
0.01914405
0.01453442
0.00998672
0.00649410
0.00541260
0.00684988
0.00981436
0.01271133
0.01405316
0.01311914
0.00962913
0.00395427
-0.00268416
-0.00933477
-0.01416106
-0.01654396
-0.01685582
-0.01675189
-0.01775314
-0.02067457
-0.02544706
-0.03172088
-0.03898757
-0.04609172
-0.05157480
-0.05611362
-0.05910094
-0.05951621
-0.05706199
-0.05069534
-0.04148653
-0.03287714
-0.02589861
-0.02186466
-0.02146988
-0.02269590
-0.02424785
-0.02474560
-0.02352454
-0.02130029
-0.01942301
-0.01876942
-0.01937197
-0.02095437
-0.02268948
-0.02404550
-0.02399890
-0.02230909
-0.01904266
-0.01414065
-0.00785001
-0.00161912
0.00403809
0.00885345
0.01282545
0.01560046
0.01720600
0.01782208
0.01757564
0.01652027
0.01490068
0.01300078
0.01054653
0.00798368
0.00588773
0.00449257
0.00379618
0.00334545
0.00320365
0.00367839
0.00494045
0.00758727
0.01186470
0.01643595
0.02121179
0.02623697
0.03018007
0.03357366
0.03624699
0.03839305
0.03983623
0.03984354
0.03744792
0.03241692
0.02398916
0.01434106
0.00554690
-0.00044681
-0.00343451
-0.00530230
-0.00598231
-0.00546285
-0.00278661
0.00322841
0.01225591
0.02232934
0.03085767
0.03657068
0.03921149
0.03877244
0.03567982
0.03114757
0.02611986
0.02178905
0.01862336
0.01586223
0.01268143
0.00879841
0.00424918
0.00002204
-0.00277114
-0.00400098
-0.00403450
-0.00356804
-0.00256365
-0.00144122
-0.00112734
-0.00206428
-0.00464620
-0.00809903
-0.01109932
-0.01281853
-0.01328324
-0.01295621
-0.01243818
-0.01141383
-0.00887005
-0.00426995
0.00195252
0.00842559
0.01388656
0.01831925
0.02101069
0.02295586
0.02379381
0.02324031
0.02105583
0.01683298
0.01012445
0.00224448
-0.00549264
-0.01259076
-0.01847924
-0.02249641
-0.02451892
-0.02469971
-0.02351698
-0.02193465
-0.02092811
-0.02090033
-0.02174920
-0.02254967
-0.02276832
-0.02230532
-0.02083876
-0.01856352
-0.01625466
-0.01465062
-0.01407879
-0.01417751
-0.01464070
-0.01516260
-0.01538005
-0.01539372
-0.01487374
-0.01361552
-0.01179924
-0.01005619
-0.00857467
-0.00713591
-0.00591086
-0.00506487
-0.00444565
-0.00373024
-0.00211370
0.00052210
0.00371757
0.00811023
0.01384552
0.01992242
0.02452601
0.02696179
0.02679318
0.02371167
0.01771626
0.00932801
0.00183746
-0.00159040
-0.00177381
-0.00032325
0.00089770
0.00093230
-0.00136885
-0.00639481
-0.01248842
-0.01748196
-0.02019796
-0.02006633
-0.01651555
-0.01074287
-0.00360227
0.00216750
0.00465359
0.00474358
0.00264267
-0.00139053
-0.00623119
-0.01042442
-0.01266164
-0.01246652
-0.01055686
-0.00687561
-0.00223520
0.00208694
0.00714994
0.01351572
0.01958656
0.02399099
0.02625653
0.02599908
0.02319857
0.01847949
0.01172025
0.00334258
-0.00631757
-0.01346238
-0.01907741
-0.02366286
-0.02680054
-0.02884945
-0.02977424
-0.02832987
-0.02393633
-0.01714669
-0.00900435
-0.00057011
0.00676178
0.01159129
0.01449935
0.01519449
0.01228358
0.00624560
-0.00232839
-0.01149991
-0.01896214
-0.02368007
-0.02635405
-0.02673853
-0.02486385
-0.02122533
-0.01679614
-0.01159865
-0.00640818
-0.00204987
0.00145537
0.00445789
0.00733579
0.01039065
0.01374613
0.01750930
0.02091444
0.02362434
0.02515524
0.02567827
0.02503651
0.02320388
0.02031746
0.01627653
0.01202009
0.00754362
0.00325114
-0.00071943
-0.00375816
-0.00556059
-0.00654497
-0.00726132
-0.00780545
-0.00794191
-0.00732686
-0.00581746
-0.00333310
0.00078562
0.00677716
0.01324401
0.01861608
0.02291844
0.02644220
0.02896918
0.03018643
0.02961603
0.02802369
0.02633427
0.02486970
0.02312520
0.02040600
0.01670728
0.01219081
0.00760018
0.00231121
-0.00331224
-0.00772050
-0.01173989
-0.01600800
-0.01989153
-0.02306108
-0.02539708
-0.02664177
-0.02683770
-0.02615819
-0.02485510
-0.02391713
-0.02412987
-0.02558938
-0.02758942
-0.02839773
-0.02770937
-0.02610873
-0.02412223
-0.02213450
-0.02011640
-0.01839428
-0.01734987
-0.01704400
-0.01695594
-0.01674188
-0.01619367
-0.01522558
-0.01443749
-0.01428384
-0.01484423
-0.01577364
-0.01663861
-0.01714761
-0.01673206
-0.01512105
-0.01233233
-0.00793822
-0.00190123
0.00495022
0.01246101
0.02047182
0.02698488
0.03192962
0.03501382
0.03603347
0.03557825
0.03333819
0.02969661
0.02387123
0.01567954
0.00736504
0.00027473
-0.00682274
-0.01185012
-0.01448578
-0.01475640
-0.01232675
-0.00759041
-0.00174935
0.00456437
0.01013940
0.01369178
0.01660724
0.01937297
0.02190431
0.02370724
0.02466514
0.02545802
0.02591299
0.02611462
0.02565834
0.02347748
0.01911340
0.01327769
0.00770126
0.00391415
0.00259524
0.00402049
0.00771361
0.01284073
0.01807439
0.02211787
0.02427647
0.02454766
0.02256191
0.01846820
0.01389157
0.01050820
0.00903157
0.00857185
0.00841406
0.00762967
0.00632595
0.00534084
0.00523515
0.00557606
0.00606352
0.00646328
0.00651902
0.00564403
0.00337450
0.00058457
-0.00251548
-0.00627500
-0.01034455
-0.01350798
-0.01538386
-0.01525410
-0.01242845
-0.00714470
0.00006925
0.00791839
0.01462088
0.01962581
0.02310557
0.02501076
0.02538677
0.02383582
0.01973728
0.01294519
0.00404000
-0.00661051
-0.01578073
-0.02297875
-0.02890454
-0.03312271
-0.03637142
-0.03807445
-0.03912500
-0.03960190
-0.03888367
-0.03669657
-0.03321363
-0.02826911
-0.02132275
-0.01348263
-0.00681973
-0.00191008
0.00153115
0.00353832
0.00483191
0.00533858
0.00466661
0.00256885
0.00006832
-0.00175082
-0.00268118
-0.00287593
-0.00310820
-0.00376514
-0.00430835
-0.00392782
-0.00234873
-0.00014542
0.00202967
0.00322234
0.00284897
0.00099021
-0.00176662
-0.00469416
-0.00759249
-0.01118886
-0.01426528
-0.01689917
-0.01819295
-0.01816755
-0.01753935
-0.01624942
-0.01441325
-0.01216276
-0.00956623
-0.00636125
-0.00286875
0.00046105
0.00355021
0.00588836
0.00711779
0.00753805
0.00752787
0.00704619
0.00628472
0.00570745
0.00620516
0.00765207
0.00937489
0.01060555
0.01100135
0.01096914
0.01081328
0.01087858
0.01114624
0.01169639
0.01230110
0.01292275
0.01334748
0.01317131
0.01217893
0.01097966
0.01051874
0.01127382
0.01293495
0.01512824
0.01690143
0.01657749
0.01658928
0.01618590
0.01375175
0.00852966
0.00146020
-0.00569560
-0.01122946
-0.01451707
-0.01669311
-0.01766021
-0.01686531
-0.01434595
-0.01079851
-0.00649157
-0.00208031
0.00269674
0.00758623
0.01203651
0.01554442
0.01701448
0.01649324
0.01420003
0.01052007
0.00595717
0.00154890
-0.00220801
-0.00487945
-0.00598666
-0.00550606
-0.00401351
-0.00180992
0.00059696
0.00271880
0.00427299
0.00532845
0.00621071
0.00705807
0.00788633
0.00855590
0.00841684
0.00691133
0.00402985
0.00059894
-0.00268041
-0.00503088
-0.00650193
-0.00731962
-0.00766300
-0.00734188
-0.00640150
-0.00506863
-0.00361100
-0.00211892
-0.00073602
0.00027726
0.00038044
-0.00092849
-0.00339374
-0.00658703
-0.00998558
-0.01232821
-0.01330240
-0.01302038
-0.01174394
-0.00995333
-0.00886697
-0.00853491
-0.00869978
-0.00963801
-0.01097806
-0.01212533
-0.01354158
-0.01517125
-0.01575375
-0.01477534
-0.01281970
-0.01030727
-0.00742708
-0.00465217
-0.00293802
-0.00201939
-0.00092888
0.00049805
0.00192122
0.00259406
0.00189524
-0.00001958
-0.00241159
-0.00479500
-0.00659317
-0.00748252
-0.00717620
-0.00643087
-0.00552757
-0.00411570
-0.00247259
-0.00154002
-0.00123562
-0.00144660
-0.00222426
-0.00340348
-0.00462295
-0.00618154
-0.00798378
-0.00971316
-0.01138218
-0.01248854
-0.01365150
-0.01530298
-0.01759643
-0.01981935
-0.02098124
-0.02078223
-0.01988747
-0.01851551
-0.01657762
-0.01409292
-0.01161635
-0.00942587
-0.00800057
-0.00679142
-0.00532912
-0.00385287
-0.00236432
-0.00053238
0.00152497
0.00340544
0.00443367
0.00391593
0.00197677
-0.00092002
-0.00337117
-0.00522748
-0.00667329
-0.00790407
-0.00901333
-0.00935758
-0.00807052
-0.00490330
-0.00105030
0.00176227
0.00385252
0.00548902
0.00641788
0.00657842
0.00576445
0.00449676
0.00334690
0.00328760
0.00424990
0.00560799
0.00701578
0.00859179
0.01036973
0.01174497
0.01269438
0.01375958
0.01504603
0.01645887
0.01740815
0.01739650
0.01621979
0.01430431
0.01207150
0.01006956
0.00887148
0.00850482
0.00893654
0.01023518
0.01191950
0.01365651
0.01541183
0.01686623
0.01808293
0.01903080
0.01964571
0.01932583
0.01783053
0.01592556
0.01336503
0.01011275
0.00662025
0.00347600
0.00086401
-0.00068093
-0.00155440
-0.00232374
-0.00324126
-0.00397469
-0.00364949
-0.00201267
0.00085136
0.00425524
0.00708525
0.00843690
0.00918563
0.00969667
0.01017537
0.01079777
0.01109629
0.01033304
0.00817301
0.00522179
0.00218439
-0.00085734
-0.00323750
-0.00527685
-0.00737086
-0.00948483
-0.01109669
-0.01183869
-0.01209345
-0.01245197
-0.01344198
-0.01501970
-0.01664436
-0.01747419
-0.01749818
-0.01616245
-0.01248286
-0.00810702
-0.00454451
-0.00209533
-0.00046935
0.00113868
0.00314999
0.00542988
0.00708970
0.00752523
0.00788921
0.00852377
0.00842248
0.00728326
0.00484013
0.00162094
-0.00159545
-0.00356030
-0.00364724
-0.00202601
0.00094428
0.00491747
0.00880956
0.01196846
0.01312581
0.01225873
0.00985349
0.00632448
0.00269608
-0.00010057
-0.00155629
-0.00185203
-0.00136783
-0.00032134
0.00120982
0.00265515
0.00361354
0.00373129
0.00291296
0.00130182
-0.00053559
-0.00276403
-0.00532007
-0.00713384
-0.00725817
-0.00628152
-0.00515540
-0.00444185
-0.00492593
-0.00717386
-0.01005442
-0.01208535
-0.01309604
-0.01295669
-0.01186852
-0.01054480
-0.00952716
-0.00887108
-0.00851051
-0.00873030
-0.00929760
-0.00956659
-0.00890590
-0.00711250
-0.00402001
-0.00048219
0.00282827
0.00520116
0.00670679
0.00707052
0.00654676
0.00532039
0.00379284
0.00232621
0.00112469
0.00071540
0.00051760
0.00032106
0.00025407
0.00054530
0.00140148
0.00312421
0.00565992
0.00831495
0.01076252
0.01289426
0.01449710
0.01560105
0.01610252
0.01564204
0.01406683
0.01198095
0.00998824
0.00786911
0.00583030
0.00457133
0.00413649
0.00453633
0.00530033
0.00607185
0.00657594
0.00661788
0.00633420
0.00603092
0.00664512
0.00773389
0.00912780
0.01046047
0.01140314
0.01117478
0.00979745
0.00764662
0.00460731
0.00089610
-0.00326792
-0.00761997
-0.01185793
-0.01533666
-0.01744540
-0.01776997
-0.01698143
-0.01512432
-0.01203643
-0.00900663
-0.00641033
-0.00379269
-0.00131640
0.00080742
0.00262360
0.00423756
0.00552633
0.00697276
0.00816141
0.00860648
0.00831269
0.00773336
0.00729303
0.00730948
0.00809372
0.00880683
0.00863160
0.00697488
0.00397215
0.00006807
-0.00432564
-0.00772365
-0.00972184
-0.00988620
-0.00967093
-0.00915258
-0.00844335
-0.00784672
-0.00683447
-0.00545221
-0.00365338
-0.00096841
0.00226120
0.00511025
0.00771239
0.00974315
0.01006066
0.00870862
0.00607200
0.00307788
0.00026689
-0.00166333
-0.00294646
-0.00365752
-0.00341439
-0.00296280
-0.00300269
-0.00397018
-0.00543331
-0.00650143
-0.00668519
-0.00606689
-0.00517052
-0.00451508
-0.00422106
-0.00417768
-0.00466363
-0.00588795
-0.00787777
-0.00991972
-0.01140760
-0.01175540
-0.01089228
-0.00977645
-0.00881243
-0.00819003
-0.00742936
-0.00603138
-0.00433066
-0.00306542
-0.00196527
-0.00049539
0.00150075
0.00408272
0.00657298
0.00929940
0.01201761
0.01327355
0.01301242
0.01136755
0.00839569
0.00512288
0.00201644
-0.00085774
-0.00414968
-0.00730559
-0.00964521
-0.01128567
-0.01152259
-0.01129070
-0.01097405
-0.00990754
-0.00823509
-0.00647362
-0.00487450
-0.00356742
-0.00304821
-0.00356645
-0.00485706
-0.00647350
-0.00829297
-0.01017943
-0.01193319
-0.01306802
-0.01353885
-0.01353111
-0.01299454
-0.01203036
-0.01073191
-0.00906693
-0.00715301
-0.00505072
-0.00265190
-0.00021366
0.00220285
0.00498333
0.00821453
0.01122649
0.01381561
0.01628323
0.01846126
0.01983423
0.02028882
0.01957761
0.01769697
0.01533757
0.01347538
0.01261965
0.01304232
0.01429255
0.01578285
0.01735541
0.01930578
0.02146209
0.02308904
0.02361539
0.02330421
0.02169172
0.01980200
0.01775244
0.01580979
0.01383927
0.01202207
0.01007580
0.00777616
0.00542788
0.00325309
0.00197835
0.00154000
0.00173092
0.00248331
0.00353683
0.00407558
0.00380868
0.00328526
0.00245255
0.00139360
0.00001135
-0.00141789
-0.00228528
-0.00265997
-0.00319122
-0.00351801
-0.00361992
-0.00352773
-0.00340348
-0.00308988
-0.00234766
-0.00110014
0.00039390
0.00143292
0.00113448
-0.00037993
-0.00228055
-0.00468572
-0.00717250
-0.00910077
-0.01057993
-0.01135789
-0.01096236
-0.00982217
-0.00882690
-0.00824393
-0.00804107
-0.00806074
-0.00822025
-0.00829139
-0.00826569
-0.00808599
-0.00762575
-0.00715311
-0.00664447
-0.00581913
-0.00473982
-0.00394789
-0.00339776
-0.00262376
-0.00146287
-0.00001256
0.00198099
0.00427430
0.00639251
0.00729393
0.00692359
0.00502430
0.00157609
-0.00253847
-0.00651506
-0.01002051
-0.01326704
-0.01585113
-0.01753460
-0.01823543
-0.01768336
-0.01607441
-0.01375970
-0.01124596
-0.00921364
-0.00778989
-0.00729960
-0.00703434
-0.00669643
-0.00626352
-0.00614007
-0.00705996
-0.00906098
-0.01132125
-0.01326865
-0.01454690
-0.01534749
-0.01525771
-0.01462309
-0.01446003
-0.01430840
-0.01358679
-0.01239047
-0.01092816
-0.00920866
-0.00715619
-0.00541430
-0.00367483
-0.00176584
-0.00083722
-0.00123975
-0.00283135
-0.00518428
-0.00707854
-0.00780479
-0.00708689
-0.00531187
-0.00286471
-0.00001551
0.00288901
0.00516579
0.00668849
0.00764155
0.00782576
0.00728374
0.00623845
0.00449189
0.00247942
-0.00006790
-0.00291564
-0.00500855
-0.00597124
-0.00642288
-0.00649618
-0.00615217
-0.00542014
-0.00450016
-0.00324790
-0.00136249
0.00138046
0.00468243
0.00778768
0.01028943
0.01163468
0.01209238
0.01173843
0.01022423
0.00792944
0.00571707
0.00401206
0.00278407
0.00208718
0.00118865
0.00051984
0.00028314
-0.00007133
-0.00037969
-0.00031141
-0.00015015
0.00038931
0.00139694
0.00288101
0.00496790
0.00725938
0.00985501
0.01232936
0.01403338
0.01454431
0.01421383
0.01330330
0.01175224
0.01027927
0.00882141
0.00779645
0.00727582
0.00674861
0.00615435
0.00545769
0.00480371
0.00401514
0.00306324
0.00212031
0.00119562
0.00006736
-0.00123294
-0.00219919
-0.00281223
-0.00332161
-0.00328251
-0.00285139
-0.00225816
-0.00098846
0.00068739
0.00221736
0.00337507
0.00462371
0.00563723
0.00557352
0.00434413
0.00228473
-0.00067176
-0.00368495
-0.00606911
-0.00697655
-0.00702225
-0.00653508
-0.00540729
-0.00359112
-0.00115398
0.00162588
0.00363647
0.00481793
0.00530715
0.00479423
0.00327288
0.00173836
0.00044966
-0.00076276
-0.00172789
-0.00254263
-0.00328787
-0.00372135
-0.00402406
-0.00412112
-0.00399641
-0.00376805
-0.00352480
-0.00281961
-0.00195539
-0.00083261
0.00052270
0.00155279
0.00148864
0.00104565
0.00062171
0.00052043
0.00091351
0.00184614
0.00326636
0.00497623
0.00654476
0.00777131
0.00829031
0.00793011
0.00636959
0.00416607
0.00198137
-0.00051835
-0.00363551
-0.00736474
-0.01057064
-0.01210916
-0.01213649
-0.01098401
-0.00907789
-0.00701908
-0.00490627
-0.00313173
-0.00159827
-0.00014394
0.00143227
0.00325578
0.00522751
0.00702029
0.00778577
0.00767819
0.00629861
0.00421273
0.00194417
0.00017162
-0.00155014
-0.00314052
-0.00402349
-0.00400745
-0.00370347
-0.00308872
-0.00183522
-0.00027075
0.00082687
0.00139375
0.00159192
0.00138297
0.00131269
0.00159454
0.00221352
0.00293889
0.00340127
0.00316713
0.00209014
0.00039937
-0.00137732
-0.00296354
-0.00412751
-0.00485466
-0.00560920
-0.00628210
-0.00603669
-0.00469190
-0.00243360
0.00010899
0.00256145
0.00394119
0.00480269
0.00520067
0.00467839
0.00317392
0.00131510
-0.00057659
-0.00195104
-0.00199921
-0.00104234
0.00054065
0.00259312
0.00512481
0.00769647
0.00970410
0.01073662
0.01043027
0.00900254
0.00723042
0.00572405
0.00419128
0.00264396
0.00099001
-0.00035392
-0.00167227
-0.00293145
-0.00333625
-0.00306804
-0.00220344
-0.00100726
0.00010315
0.00041629
-0.00052028
-0.00223665
-0.00407445
-0.00487049
-0.00480640
-0.00443466
-0.00421310
-0.00445548
-0.00533083
-0.00683478
-0.00901284
-0.01171679
-0.01442204
-0.01632583
-0.01745237
-0.01807839
-0.01826728
-0.01803188
-0.01729735
-0.01594632
-0.01405230
-0.01231284
-0.01080326
-0.00974140
-0.00900832
-0.00851564
-0.00788150
-0.00658745
-0.00510821
-0.00405176
-0.00330526
-0.00290010
-0.00230279
-0.00139448
-0.00054655
0.00058048
0.00202051
0.00398430
0.00621355
0.00819286
0.00935688
0.00994212
0.00967134
0.00879291
0.00745403
0.00564712
0.00402095
0.00328753
0.00316846
0.00395992
0.00515852
0.00613091
0.00689333
0.00756963
0.00809867
0.00784424
0.00683885
0.00604383
0.00607922
0.00673074
0.00759522
0.00846328
0.00938110
0.01032036
0.01131904
0.01233970
0.01310540
0.01377600
0.01430147
0.01431993
0.01422850
0.01366466
0.01257796
0.01041456
0.00778769
0.00491404
0.00217243
-0.00042394
-0.00268688
-0.00388159
-0.00388470
-0.00318649
-0.00232020
-0.00165834
-0.00100661
-0.00011760
0.00023970
0.00026153
-0.00003921
-0.00060326
-0.00141555
-0.00254150
-0.00340141
-0.00385628
-0.00320475
-0.00191652
-0.00008527
0.00241270
0.00531524
0.00743035
0.00877673
0.00935990
0.00892872
0.00791239
0.00654957
0.00535469
0.00424883
0.00334306
0.00254388
0.00188036
0.00155534
0.00190808
0.00272751
0.00347975
0.00392670
0.00431862
0.00484109
0.00569002
0.00642683
0.00687813
0.00682937
0.00571831
0.00357563
0.00110965
-0.00072696
-0.00199070
-0.00318269
-0.00350692
-0.00258260
-0.00062891
0.00149540
0.00329635
0.00493289
0.00557107
0.00551262
0.00499490
0.00427844
0.00381547
0.00352523
0.00315454
0.00297622
0.00323671
0.00398255
0.00503059
0.00591860
0.00606101
0.00548870
0.00463792
0.00388907
0.00361588
0.00388080
0.00429858
0.00463598
0.00463200
0.00418737
0.00325551
0.00230451
0.00120495
-0.00010564
-0.00130278
-0.00226835
-0.00288167
-0.00310757
-0.00325296
-0.00312935
-0.00288379
-0.00236677
-0.00168664
-0.00096698
-0.00040197
-0.00055210
-0.00166156
-0.00352355
-0.00566401
-0.00694937
-0.00726169
-0.00694430
-0.00636260
-0.00576673
-0.00566761
-0.00576054
-0.00542231
-0.00520838
-0.00554889
-0.00661558
-0.00799391
-0.00897413
-0.00994421
-0.01029676
-0.01008997
-0.00946002
-0.00810557
-0.00614111
-0.00404441
-0.00249047
-0.00136914
-0.00039941
0.00029886
0.00096831
0.00077969
-0.00033640
-0.00142065
-0.00249051
-0.00333412
-0.00359225
-0.00363724
-0.00340683
-0.00312506
-0.00305151
-0.00326976
-0.00382316
-0.00451048
-0.00499228
-0.00546276
-0.00557512
-0.00528100
-0.00488953
-0.00464421
-0.00455039
-0.00465740
-0.00505965
-0.00590323
-0.00656582
-0.00675564
-0.00655891
-0.00580380
-0.00478635
-0.00343269
-0.00168349
0.00016283
0.00179969
0.00295924
0.00345674
0.00317704
0.00183811
-0.00017888
-0.00244506
-0.00482348
-0.00691503
-0.00794061
-0.00788450
-0.00680164
-0.00509118
-0.00301097
-0.00029663
0.00254263
0.00481687
0.00647342
0.00755717
0.00813562
0.00806000
0.00729779
0.00616304
0.00476297
0.00303893
0.00117890
-0.00024544
-0.00100461
-0.00091052
-0.00009418
0.00109473
0.00209143
0.00278041
0.00330205
0.00378715
0.00399115
0.00413443
0.00421464
0.00414204
0.00394286
0.00356411
0.00293768
0.00168899
0.00018014
-0.00114874
-0.00215795
-0.00350764
-0.00516513
-0.00705122
-0.00861294
-0.00966875
-0.01015927
-0.00991177
-0.00887145
-0.00712063
-0.00490520
-0.00247770
0.00014812
0.00267811
0.00485626
0.00639859
0.00715270
0.00710654
0.00679095
0.00658069
0.00592252
0.00498073
0.00390508
0.00286955
0.00187526
0.00096943
0.00009042
-0.00063327
-0.00092258
-0.00054443
0.00018790
0.00092339
0.00184761
0.00297095
0.00409671
0.00502426
0.00577651
0.00577552
0.00530488
0.00474399
0.00442486
0.00446191
0.00455040
0.00433584
0.00366738
0.00314740
0.00283573
0.00278023
0.00291097
0.00274534
0.00250251
0.00218417
0.00172591
0.00117605
0.00065061
0.00021690
-0.00056258
-0.00191570
-0.00273171
-0.00324810
-0.00360421
-0.00337088
-0.00266079
-0.00168342
-0.00079344
0.00013937
0.00115449
0.00215557
0.00296407
0.00379747
0.00491330
0.00616901
0.00702084
0.00820432
0.00886299
0.00876338
0.00788733
0.00585319
0.00294396
-0.00021164
-0.00363081
-0.00702562
-0.00983498
-0.01156324
-0.01271738
-0.01279920
-0.01230373
-0.01184329
-0.01109827
-0.01016686
-0.00924209
-0.00783844
-0.00588490
-0.00343797
-0.00114913
0.00055460
0.00147594
0.00173135
0.00112845
-0.00010357
-0.00176377
-0.00430916
-0.00739594
-0.01086682
-0.01331437
-0.01464777
-0.01500769
-0.01419688
-0.01267687
-0.01070592
-0.00824169
-0.00517015
-0.00227896
0.00015797
0.00152084
0.00234672
0.00280567
0.00294216
0.00293835
0.00275215
0.00221689
0.00149673
0.00116186
0.00094194
0.00030192
-0.00049462
-0.00118173
-0.00154300
-0.00123920
-0.00045469
0.00054530
0.00114423
0.00176229
0.00198633
0.00181879
0.00163829
0.00152448
0.00163930
0.00182237
0.00201010
0.00194371
0.00180860
0.00158951
0.00122299
0.00102557
0.00141640
0.00238793
0.00406040
0.00624179
0.00855265
0.01021620
0.01080072
0.01045189
0.00917758
0.00745432
0.00591507
0.00498463
0.00467617
0.00465388
0.00500710
0.00595002
0.00725431
0.00844043
0.00935738
0.00971110
0.00932404
0.00803048
0.00598183
0.00362398
0.00185571
0.00018289
-0.00133128
-0.00224325
-0.00275222
-0.00305594
-0.00303582
-0.00240992
-0.00124144
0.00001020
0.00143237
0.00257086
0.00315283
0.00306300
0.00225689
0.00074171
-0.00131106
-0.00358965
-0.00556328
-0.00712072
-0.00811058
-0.00844578
-0.00788479
-0.00660342
-0.00492084
-0.00316129
-0.00098070
0.00146156
0.00346062
0.00469962
0.00568590
0.00623193
0.00612871
0.00527669
0.00392782
0.00252640
0.00152092
0.00111209
0.00098670
0.00081669
0.00051743
0.00050521
0.00049345
0.00055716
0.00097405
0.00169392
0.00258662
0.00352076
0.00451263
0.00549540
0.00679356
0.00818796
0.00927533
0.00994634
0.00981705
0.00863196
0.00675527
0.00469792
0.00283398
0.00140301
0.00053117
0.00008365
0.00010169
0.00045159
0.00109797
0.00167796
0.00175674
0.00123784
0.00031715
-0.00070516
-0.00147156
-0.00178902
-0.00165129
-0.00135285
-0.00116092
-0.00136834
-0.00210798
-0.00265378
-0.00231228
-0.00195959
-0.00153382
-0.00101907
-0.00058290
-0.00024298
0.00004936
0.00010924
-0.00020354
-0.00115555
-0.00250005
-0.00382267
-0.00496556
-0.00556958
-0.00561229
-0.00514772
-0.00441023
-0.00368213
-0.00313824
-0.00279005
-0.00248092
-0.00238294
-0.00248139
-0.00270565
-0.00310556
-0.00362107
-0.00388869
-0.00387707
-0.00374815
-0.00335738
-0.00276309
-0.00202478
-0.00115504
-0.00026647
0.00049607
0.00099770
0.00122188
0.00115648
0.00086953
0.00058067
0.00025849
-0.00025020
-0.00109147
-0.00213419
-0.00304363
-0.00350150
-0.00384290
-0.00409630
-0.00428680
-0.00450438
-0.00478464
-0.00499887
-0.00505591
-0.00487595
-0.00433293
-0.00336360
-0.00226690
-0.00131382
-0.00063117
-0.00042512
-0.00064092
-0.00112278
-0.00161434
-0.00203865
-0.00251698
-0.00312590
-0.00390987
-0.00464980
-0.00517258
-0.00551560
-0.00572541
-0.00558600
-0.00511469
-0.00441340
-0.00365648
-0.00284955
-0.00201195
-0.00133607
-0.00114570
-0.00112087
-0.00118968
-0.00128243
-0.00138976
-0.00150130
-0.00150551
-0.00137139
-0.00133713
-0.00120185
-0.00079298
-0.00021631
0.00026294
0.00064487
0.00089042
0.00098269
0.00101081
0.00086638
0.00051772
0.00003513
-0.00034886
-0.00057720
-0.00072096
-0.00075985
-0.00067614
-0.00053521
-0.00030668
-0.00019210
-0.00032767
-0.00075948
-0.00123689
-0.00176748
-0.00214077
-0.00231180
-0.00231868
-0.00208119
-0.00163173
-0.00106197
-0.00055165
-0.00021779
-0.00002513
0.00012400
0.00025311
0.00026330
0.00016131
0.00011702
0.00012663
0.00017597
0.00036847
0.00062960
0.00090699
0.00106704
0.00099247
0.00082133
0.00066177
0.00056152
0.00052121
0.00053562
0.00061400
0.00070760
0.00078079
0.00084955
0.00096830
0.00113512
0.00129428
0.00142871
0.00149679
0.00158078
0.00169896
0.00179379
0.00185927
0.00193577
0.00193062
0.00181700
0.00176699
0.00184554
0.00188173
0.00187318
0.00183980
0.00175738
0.00165558
0.00159405
0.00155357
0.00147614
0.00130957
0.00112857
0.00097145
0.00082303
0.00067432
0.00056855
0.00050828
0.00053115
0.00059664
0.00064994
0.00072838
0.00082834
0.00093565
0.00102436
0.00110414
0.00117241
0.00121105
0.00121153
0.00117927
0.00113297
0.00107080
0.00100729
0.00094122
0.00086814
0.00080172
0.00075207
0.00072633
0.00071565
0.00069064
0.00063777
0.00057110
0.00049398
0.00041835
0.00035351
0.00029379
0.00024120
0.00021351
0.00021667
0.00023481
0.00026231
0.00028860
0.00030205
0.00030880
0.00030809
0.00030215
0.00028399
0.00026440
0.00024989
0.00024685
0.00025055
0.00025966
0.00027175
0.00028125
0.00027889
0.00027210
0.00026524
0.00025233
0.00023473
0.00021496
0.00019811
0.00018340
0.00017327
0.00016545
0.00015742
0.00014880
0.00013806
0.00013021
0.00012197
0.00011471
0.00010892
0.00010452
0.00010099
0.00009566
0.00009048
0.00008542
0.00007955
0.00007351
0.00006825
0.00006450
0.00006248
0.00006136
0.00006112
0.00006029
0.00005920
0.00005770
0.00005571
0.00005326
0.00005104
0.00004889
0.00004675
0.00004488
0.00004369
0.00004284
0.00004209
0.00004110
0.00003973
0.00003811
0.00003636
0.00003445
0.00003250
0.00003052
0.00002864
0.00002681
0.00002495
0.00002305
0.00002112
0.00001917
0.00001720
0.00001522
0.00001327
0.00001136
0.00000950
0.00000767
0.00000588
0.00000412
0.00000239
0.00000069
-0.00000098
-0.00000262
-0.00000423
-0.00000581
-0.00000737
-0.00000890
