0.00039523
0.00039541
0.00039555
0.00039567
0.00039576
0.00039582
0.00039584
0.00039581
0.00039571
0.00039554
0.00039533
0.00039504
0.00039469
0.00039437
0.00039422
0.00039426
0.00039433
0.00039430
0.00039421
0.00039403
0.00039376
0.00039342
0.00039308
0.00039274
0.00039239
0.00039201
0.00039169
0.00039223
0.00039478
0.00039883
0.00040217
0.00040258
0.00040148
0.00040399
0.00041168
0.00042023
0.00042314
0.00041657
0.00040213
0.00038426
0.00036596
0.00034795
0.00033625
0.00033948
0.00035328
0.00036627
0.00038116
0.00040115
0.00042004
0.00043579
0.00044289
0.00043852
0.00043247
0.00044167
0.00046775
0.00049733
0.00052726
0.00055659
0.00057878
0.00059112
0.00059986
0.00062344
0.00066517
0.00071029
0.00075732
0.00080483
0.00084223
0.00086861
0.00090641
0.00096342
0.00101619
0.00102723
0.00099320
0.00093469
0.00087970
0.00083430
0.00079299
0.00073865
0.00065364
0.00054520
0.00040156
0.00022320
0.00002766
-0.00019740
-0.00045664
-0.00069695
-0.00091215
-0.00111445
-0.00128271
-0.00140849
-0.00145386
-0.00137578
-0.00117022
-0.00090944
-0.00067051
-0.00045919
-0.00027880
-0.00009935
0.00007289
0.00020399
0.00024876
0.00024045
0.00021423
0.00022296
0.00029521
0.00042822
0.00056142
0.00062750
0.00060520
0.00049771
0.00037147
0.00030534
0.00031403
0.00035362
0.00037463
0.00036501
0.00031532
0.00020424
0.00005127
-0.00008951
-0.00011408
0.00000481
0.00024251
0.00051851
0.00070960
0.00082798
0.00101664
0.00122786
0.00128735
0.00114804
0.00082603
0.00031598
-0.00028528
-0.00075814
-0.00100761
-0.00107347
-0.00102341
-0.00089346
-0.00069239
-0.00037695
0.00002178
0.00046934
0.00090155
0.00131859
0.00163824
0.00178216
0.00182931
0.00194959
0.00220073
0.00262478
0.00320689
0.00380357
0.00434625
0.00472748
0.00488184
0.00478553
0.00433636
0.00352056
0.00253570
0.00159333
0.00068528
-0.00014850
-0.00088300
-0.00166398
-0.00263684
-0.00368818
-0.00444026
-0.00468723
-0.00448299
-0.00397980
-0.00347304
-0.00314996
-0.00306085
-0.00319020
-0.00354500
-0.00403485
-0.00437045
-0.00431582
-0.00389119
-0.00310834
-0.00201620
-0.00088247
-0.00003353
0.00053536
0.00087204
0.00101101
0.00110356
0.00133800
0.00165465
0.00187195
0.00183904
0.00146049
0.00078973
-0.00000049
-0.00067848
-0.00089360
-0.00049837
0.00014255
0.00076787
0.00117139
0.00126522
0.00109962
0.00076555
0.00039686
0.00003990
-0.00022582
-0.00033773
-0.00041196
-0.00079902
-0.00165500
-0.00253929
-0.00297068
-0.00291161
-0.00258801
-0.00210562
-0.00162208
-0.00139692
-0.00133063
-0.00126353
-0.00117257
-0.00110060
-0.00106865
-0.00089919
-0.00040852
0.00011496
0.00049151
0.00077185
0.00112445
0.00161008
0.00218301
0.00261101
0.00276209
0.00272636
0.00280492
0.00331344
0.00414426
0.00494117
0.00551609
0.00578117
0.00593269
0.00612808
0.00618439
0.00594283
0.00542448
0.00482306
0.00426744
0.00380242
0.00323847
0.00254308
0.00186425
0.00127313
0.00078707
0.00033495
-0.00014414
-0.00070169
-0.00128804
-0.00186931
-0.00241740
-0.00310245
-0.00405488
-0.00510139
-0.00599588
-0.00680998
-0.00773678
-0.00882471
-0.00983893
-0.01058397
-0.01090199
-0.01070552
-0.01011045
-0.00922481
-0.00818756
-0.00727200
-0.00662039
-0.00613099
-0.00544609
-0.00440955
-0.00322542
-0.00167512
0.00034305
0.00211358
0.00294725
0.00308393
0.00321024
0.00377531
0.00486560
0.00607757
0.00701412
0.00758527
0.00779063
0.00755697
0.00683541
0.00604277
0.00505414
0.00326552
0.00095112
-0.00111145
-0.00258171
-0.00390049
-0.00545945
-0.00715813
-0.00873450
-0.01004327
-0.01079988
-0.01046262
-0.00924445
-0.00792425
-0.00708104
-0.00666122
-0.00634343
-0.00577161
-0.00475764
-0.00357269
-0.00230306
-0.00108919
-0.00005603
0.00097219
0.00213381
0.00315784
0.00379928
0.00450754
0.00548633
0.00636070
0.00701199
0.00749416
0.00770983
0.00733313
0.00631903
0.00519366
0.00431898
0.00375518
0.00326172
0.00277133
0.00243682
0.00224449
0.00179542
0.00085486
-0.00015052
-0.00067401
-0.00063557
-0.00036552
-0.00034972
-0.00102785
-0.00241797
-0.00413359
-0.00561982
-0.00652949
-0.00718415
-0.00799162
-0.00880496
-0.00928093
-0.00963511
-0.01049647
-0.01183496
-0.01294278
-0.01287450
-0.01129600
-0.00853634
-0.00531000
-0.00224660
0.00029483
0.00217293
0.00360569
0.00517477
0.00726066
0.00931596
0.01049277
0.01082774
0.01099168
0.01128656
0.01163448
0.01187792
0.01195112
0.01189761
0.01179033
0.01144790
0.01054931
0.00905548
0.00699028
0.00413840
0.00056117
-0.00317220
-0.00626626
-0.00817607
-0.00852986
-0.00717522
-0.00480866
-0.00250754
-0.00066081
0.00071405
0.00201542
0.00332756
0.00422146
0.00444225
0.00394710
0.00312386
0.00238798
0.00148266
0.00046687
-0.00020010
-0.00032949
-0.00014161
0.00002895
-0.00007790
-0.00056833
-0.00090485
-0.00093222
-0.00141720
-0.00244122
-0.00329894
-0.00331739
-0.00215038
-0.00072005
-0.00016976
-0.00035759
-0.00093407
-0.00193701
-0.00263925
-0.00195836
-0.00011446
0.00168019
0.00270697
0.00277096
0.00218539
0.00184921
0.00195279
0.00175091
0.00068840
-0.00110530
-0.00350114
-0.00679510
-0.01060548
-0.01373527
-0.01538125
-0.01559894
-0.01474738
-0.01268126
-0.00940014
-0.00546039
-0.00148008
0.00184611
0.00447288
0.00698076
0.00920504
0.01074820
0.01158866
0.01184470
0.01152827
0.01061203
0.00942274
0.00806678
0.00618965
0.00410607
0.00274631
0.00248599
0.00289388
0.00322663
0.00266784
0.00114708
-0.00059636
-0.00204622
-0.00295493
-0.00330632
-0.00384237
-0.00556964
-0.00854537
-0.01150360
-0.01291213
-0.01203376
-0.00949201
-0.00647398
-0.00363259
-0.00111603
0.00069057
0.00132043
0.00046036
-0.00157841
-0.00403901
-0.00602470
-0.00751840
-0.00936718
-0.01196977
-0.01446241
-0.01563291
-0.01470070
-0.01143548
-0.00606137
0.00038916
0.00631346
0.01048452
0.01261090
0.01308803
0.01255440
0.01188300
0.01151579
0.01095282
0.00997062
0.00869536
0.00733801
0.00635598
0.00602513
0.00618007
0.00642834
0.00640374
0.00594909
0.00570092
0.00613551
0.00651865
0.00609554
0.00499901
0.00345630
0.00134461
-0.00138361
-0.00418695
-0.00600599
-0.00625012
-0.00511258
-0.00363815
-0.00327156
-0.00437054
-0.00587915
-0.00667290
-0.00682649
-0.00728692
-0.00819001
-0.00896339
-0.00902176
-0.00849012
-0.00781526
-0.00711836
-0.00666881
-0.00612902
-0.00505320
-0.00325767
-0.00113171
0.00031344
0.00059290
-0.00026488
-0.00184994
-0.00310894
-0.00341048
-0.00275734
-0.00141764
-0.00008766
0.00054492
0.00042696
0.00002693
-0.00015645
0.00025695
0.00141360
0.00307274
0.00483024
0.00641584
0.00770652
0.00810997
0.00709994
0.00535262
0.00387596
0.00310694
0.00268101
0.00194675
0.00094783
0.00021829
0.00014929
0.00108369
0.00259274
0.00367219
0.00373550
0.00260589
0.00098005
-0.00003936
-0.00007087
0.00043915
0.00076704
0.00027274
-0.00105265
-0.00237067
-0.00290745
-0.00277354
-0.00286361
-0.00373332
-0.00491602
-0.00574438
-0.00632041
-0.00706152
-0.00775271
-0.00767659
-0.00661506
-0.00521015
-0.00420399
-0.00414747
-0.00506064
-0.00663069
-0.00827153
-0.00944086
-0.00907795
-0.00673591
-0.00317398
0.00045473
0.00353995
0.00605445
0.00792598
0.00925099
0.01092584
0.01389112
0.01763048
0.02028731
0.02071140
0.01921212
0.01683276
0.01444373
0.01258542
0.01106488
0.00955215
0.00842338
0.00823395
0.00916415
0.01079889
0.01214411
0.01229844
0.01115301
0.00898843
0.00637027
0.00392112
0.00206952
0.00070339
-0.00077558
-0.00248479
-0.00378914
-0.00447157
-0.00481909
-0.00497366
-0.00461457
-0.00327830
-0.00147949
-0.00041588
-0.00112834
-0.00373953
-0.00741489
-0.01154848
-0.01573721
-0.01911976
-0.02120237
-0.02229718
-0.02274919
-0.02228925
-0.02034812
-0.01733845
-0.01401950
-0.01057584
-0.00682471
-0.00309900
0.00031764
0.00305314
0.00510262
0.00685173
0.00839377
0.00981229
0.01104650
0.01202313
0.01323571
0.01533580
0.01816578
0.02104156
0.02328241
0.02431029
0.02418597
0.02312563
0.02138587
0.01954615
0.01821638
0.01741905
0.01650725
0.01484994
0.01274957
0.01067596
0.00878364
0.00707033
0.00522588
0.00314234
0.00108142
-0.00075795
-0.00245252
-0.00425621
-0.00601166
-0.00768240
-0.00879859
-0.00850378
-0.00716604
-0.00602628
-0.00593699
-0.00688244
-0.00814762
-0.00916424
-0.00977015
-0.01004837
-0.00959105
-0.00795254
-0.00537226
-0.00256211
-0.00029870
0.00119868
0.00210607
0.00256124
0.00273068
0.00279191
0.00258503
0.00148613
-0.00062987
-0.00322701
-0.00540518
-0.00634442
-0.00595330
-0.00509372
-0.00455726
-0.00435304
-0.00392371
-0.00261499
-0.00075801
0.00086858
0.00171001
0.00149869
0.00066530
0.00001134
-0.00006541
0.00025253
0.00056779
0.00065957
0.00046366
-0.00021152
-0.00154927
-0.00350116
-0.00525257
-0.00569829
-0.00415774
-0.00103459
0.00227604
0.00434015
0.00496008
0.00464859
0.00390984
0.00296037
0.00173971
0.00051690
-0.00066652
-0.00194552
-0.00299111
-0.00319246
-0.00231970
-0.00046536
0.00170621
0.00356434
0.00471985
0.00476722
0.00346649
0.00142139
-0.00053571
-0.00198943
-0.00295156
-0.00414176
-0.00604583
-0.00803995
-0.00937696
-0.00952847
-0.00815917
-0.00579979
-0.00343824
-0.00147765
-0.00013077
0.00058260
0.00150105
0.00321190
0.00547837
0.00784678
0.00974757
0.01121062
0.01226119
0.01276720
0.01282209
0.01271477
0.01267487
0.01260037
0.01204907
0.01066286
0.00861929
0.00678069
0.00580918
0.00579556
0.00580883
0.00471640
0.00234258
-0.00056696
-0.00327811
-0.00549233
-0.00723378
-0.00824740
-0.00868996
-0.00930058
-0.01037099
-0.01138455
-0.01183423
-0.01173221
-0.01144876
-0.01132232
-0.01137848
-0.01127920
-0.01109713
-0.01148480
-0.01266717
-0.01376188
-0.01389629
-0.01295426
-0.01135130
-0.00958425
-0.00758544
-0.00486637
-0.00167438
0.00130846
0.00325041
0.00380453
0.00348562
0.00329467
0.00426239
0.00637666
0.00863160
0.00973573
0.00871624
0.00548871
0.00061436
-0.00438966
-0.00822705
-0.01056960
-0.01153862
-0.01163981
-0.01153950
-0.01160661
-0.01155157
-0.01077204
-0.00928219
-0.00706831
-0.00412448
-0.00102366
0.00141786
0.00274998
0.00264003
0.00127287
-0.00014679
-0.00066555
-0.00053734
-0.00074870
-0.00126670
-0.00114610
0.00006529
0.00224449
0.00456666
0.00610252
0.00648785
0.00614320
0.00583413
0.00636819
0.00755873
0.00826909
0.00759474
0.00549287
0.00268975
0.00033785
-0.00097330
-0.00160033
-0.00174956
-0.00153247
-0.00127750
-0.00128008
-0.00175529
-0.00255872
-0.00353119
-0.00466948
-0.00567468
-0.00625590
-0.00664949
-0.00714901
-0.00789635
-0.00845457
-0.00795990
-0.00644911
-0.00438414
-0.00230136
-0.00057290
0.00081330
0.00203105
0.00309909
0.00416932
0.00501912
0.00488879
0.00394478
0.00277382
0.00122597
-0.00106091
-0.00373725
-0.00581083
-0.00670641
-0.00655591
-0.00629358
-0.00650429
-0.00722240
-0.00800047
-0.00813739
-0.00787168
-0.00790266
-0.00792349
-0.00722223
-0.00613889
-0.00541039
-0.00532234
-0.00557804
-0.00554307
-0.00492483
-0.00392436
-0.00295551
-0.00240018
-0.00205244
-0.00129561
0.00035893
0.00274811
0.00513036
0.00715611
0.00875714
0.00993063
0.01066166
0.01055893
0.00924718
0.00740289
0.00616238
0.00564785
0.00510840
0.00394691
0.00214595
-0.00020531
-0.00292992
-0.00521272
-0.00643504
-0.00639729
-0.00562328
-0.00479628
-0.00384628
-0.00278111
-0.00166823
-0.00051610
0.00030447
0.00016447
-0.00098355
-0.00255446
-0.00415616
-0.00555648
-0.00687574
-0.00791065
-0.00838543
-0.00865935
-0.00948847
-0.01068330
-0.01130925
-0.01041002
-0.00761969
-0.00354913
0.00051237
0.00336551
0.00420699
0.00353558
0.00250348
0.00155256
0.00081664
0.00003449
-0.00063479
-0.00047468
0.00054706
0.00207072
0.00369962
0.00528924
0.00721016
0.00928298
0.01091774
0.01184270
0.01211353
0.01195126
0.01112661
0.00954093
0.00785879
0.00633243
0.00475790
0.00303355
0.00105553
-0.00086367
-0.00267577
-0.00478591
-0.00715407
-0.00925600
-0.01051179
-0.01069016
-0.00986637
-0.00830624
-0.00632625
-0.00451400
-0.00299270
-0.00169305
-0.00029730
0.00112692
0.00245009
0.00368317
0.00472714
0.00558712
0.00631422
0.00704852
0.00750518
0.00711707
0.00578941
0.00399267
0.00226835
0.00083632
-0.00027488
-0.00094315
-0.00135442
-0.00206855
-0.00319005
-0.00415560
-0.00450332
-0.00432422
-0.00401516
-0.00367839
-0.00316480
-0.00247937
-0.00190669
-0.00213030
-0.00317990
-0.00414867
-0.00384284
-0.00172540
0.00137197
0.00407322
0.00567455
0.00604210
0.00544068
0.00419133
0.00248206
0.00073655
-0.00055811
-0.00156505
-0.00264183
-0.00345460
-0.00318457
-0.00175238
0.00033080
0.00248852
0.00428794
0.00563923
0.00648625
0.00675383
0.00626549
0.00483558
0.00297771
0.00118226
-0.00016469
-0.00074135
-0.00068380
-0.00042706
-0.00009838
0.00072848
0.00197174
0.00320122
0.00388355
0.00362077
0.00260701
0.00110875
-0.00042867
-0.00188676
-0.00311930
-0.00417044
-0.00524051
-0.00612972
-0.00635194
-0.00542493
-0.00361820
-0.00158046
-0.00005252
0.00063713
0.00043119
-0.00018236
-0.00054977
-0.00012635
0.00156271
0.00411881
0.00645566
0.00812345
0.00928547
0.01062746
0.01247544
0.01438869
0.01555992
0.01574618
0.01518899
0.01410583
0.01271205
0.01099519
0.00852612
0.00532946
0.00238131
0.00059256
0.00037040
0.00149951
0.00305617
0.00399551
0.00439433
0.00484764
0.00534317
0.00567583
0.00575097
0.00539324
0.00445561
0.00322673
0.00186140
0.00012725
-0.00221337
-0.00456440
-0.00592490
-0.00600560
-0.00496731
-0.00334053
-0.00163998
0.00006065
0.00166190
0.00292352
0.00388528
0.00487177
0.00594516
0.00722555
0.00819121
0.00802408
0.00696923
0.00601443
0.00576938
0.00609480
0.00637256
0.00574166
0.00417536
0.00216908
0.00048145
-0.00024770
-0.00017985
-0.00016384
-0.00071212
-0.00177910
-0.00282453
-0.00331492
-0.00322600
-0.00292290
-0.00275644
-0.00281884
-0.00298782
-0.00320188
-0.00373931
-0.00475563
-0.00580526
-0.00634128
-0.00609146
-0.00477928
-0.00270556
-0.00051247
0.00149878
0.00299541
0.00392373
0.00426028
0.00394586
0.00336819
0.00272550
0.00175036
0.00056917
-0.00064319
-0.00161768
-0.00169616
-0.00075432
0.00040858
0.00097602
0.00083071
0.00040982
0.00015503
-0.00009018
-0.00087294
-0.00193342
-0.00261712
-0.00268981
-0.00240019
-0.00172909
-0.00031655
0.00163238
0.00376746
0.00595353
0.00793328
0.00935685
0.00996011
0.00971672
0.00873776
0.00770394
0.00730785
0.00750798
0.00810431
0.00886042
0.00981689
0.01065885
0.01077197
0.00985423
0.00772869
0.00512212
0.00316135
0.00203550
0.00113771
-0.00006457
-0.00139518
-0.00230655
-0.00282565
-0.00351289
-0.00448583
-0.00528056
-0.00559534
-0.00580268
-0.00651316
-0.00767214
-0.00891020
-0.01035194
-0.01196083
-0.01333876
-0.01421902
-0.01453102
-0.01449375
-0.01441498
-0.01433625
-0.01360527
-0.01167246
-0.00934967
-0.00785022
-0.00706537
-0.00642398
-0.00586001
-0.00552515
-0.00546184
-0.00566733
-0.00656035
-0.00824725
-0.00990168
-0.01056981
-0.00977004
-0.00774310
-0.00545227
-0.00317685
-0.00090612
0.00131043
0.00296561
0.00383334
0.00462098
0.00561975
0.00653257
0.00738519
0.00828581
0.00863744
0.00796309
0.00683034
0.00612479
0.00611364
0.00615856
0.00539208
0.00378648
0.00150457
-0.00113620
-0.00351584
-0.00510389
-0.00555731
-0.00481685
-0.00343093
-0.00237382
-0.00215409
-0.00250967
-0.00302618
-0.00357549
-0.00378589
-0.00310209
-0.00154657
0.00031489
0.00180933
0.00265736
0.00312817
0.00342476
0.00362226
0.00373264
0.00357079
0.00279924
0.00159338
0.00049182
-0.00027843
-0.00084202
-0.00165501
-0.00276835
-0.00364335
-0.00390622
-0.00366125
-0.00308994
-0.00237523
-0.00161416
-0.00063249
0.00063338
0.00161426
0.00172696
0.00122613
0.00075246
0.00070254
0.00121324
0.00208965
0.00300931
0.00374260
0.00409961
0.00410030
0.00395011
0.00386142
0.00390262
0.00400701
0.00402160
0.00359965
0.00256095
0.00132569
0.00022500
-0.00080292
-0.00165126
-0.00214476
-0.00254294
-0.00297834
-0.00302125
-0.00254344
-0.00198064
-0.00173545
-0.00183416
-0.00204381
-0.00214524
-0.00207607
-0.00192693
-0.00182509
-0.00188199
-0.00232271
-0.00307714
-0.00394797
-0.00466741
-0.00496603
-0.00486097
-0.00462370
-0.00450842
-0.00456922
-0.00469373
-0.00474478
-0.00469350
-0.00460142
-0.00451294
-0.00424798
-0.00322556
-0.00136254
0.00085617
0.00302526
0.00458657
0.00536428
0.00611046
0.00711599
0.00785859
0.00765485
0.00647844
0.00499606
0.00352885
0.00222434
0.00090047
-0.00028688
-0.00093166
-0.00097106
-0.00072659
-0.00036655
0.00048164
0.00144337
0.00135394
0.00008971
-0.00160959
-0.00306010
-0.00380158
-0.00380842
-0.00348757
-0.00318705
-0.00271836
-0.00193811
-0.00129952
-0.00094367
-0.00076207
-0.00050828
-0.00006225
0.00014617
-0.00005704
-0.00040369
-0.00060619
-0.00089164
-0.00179118
-0.00283321
-0.00322164
-0.00299825
-0.00227225
-0.00122436
-0.00037314
0.00004266
0.00035091
0.00073407
0.00121028
0.00171655
0.00198377
0.00216791
0.00240329
0.00263195
0.00278809
0.00298543
0.00359777
0.00451878
0.00484145
0.00408685
0.00259840
0.00056864
-0.00184046
-0.00442076
-0.00737472
-0.01067505
-0.01369410
-0.01548674
-0.01583053
-0.01512352
-0.01374346
-0.01212996
-0.01033340
-0.00852524
-0.00710057
-0.00644205
-0.00647102
-0.00690614
-0.00733994
-0.00724143
-0.00671763
-0.00604499
-0.00514513
-0.00409522
-0.00333003
-0.00270177
-0.00169507
-0.00041565
0.00096064
0.00217468
0.00262845
0.00189805
0.00046348
-0.00101032
-0.00233807
-0.00316981
-0.00335315
-0.00294891
-0.00197895
-0.00076339
0.00047756
0.00222550
0.00479530
0.00736289
0.00874525
0.00899793
0.00877344
0.00835370
0.00730027
0.00547443
0.00363242
0.00238744
0.00153439
0.00085237
0.00068646
0.00140649
0.00265514
0.00381300
0.00456442
0.00479193
0.00443864
0.00375551
0.00346762
0.00370590
0.00390677
0.00379996
0.00352796
0.00329511
0.00294436
0.00206658
0.00039357
-0.00158390
-0.00277889
-0.00235732
-0.00067019
0.00086557
0.00134377
0.00116916
0.00117451
0.00155750
0.00200347
0.00225853
0.00252856
0.00301603
0.00350394
0.00373628
0.00371600
0.00362012
0.00364493
0.00412110
0.00520955
0.00639920
0.00702510
0.00703678
0.00702441
0.00709711
0.00691834
0.00594053
0.00407059
0.00179803
-0.00079201
-0.00350475
-0.00579584
-0.00738211
-0.00821961
-0.00844916
-0.00845843
-0.00881496
-0.00951525
-0.00969113
-0.00840724
-0.00556509
-0.00203732
0.00065349
0.00171843
0.00130873
0.00037371
-0.00011712
0.00007846
0.00057153
0.00088464
0.00093317
0.00121983
0.00221805
0.00385060
0.00568553
0.00734928
0.00854651
0.00870300
0.00776653
0.00647212
0.00546296
0.00520655
0.00581580
0.00668566
0.00728670
0.00783642
0.00864571
0.00946549
0.01006049
0.01059679
0.01108551
0.01152272
0.01207556
0.01263925
0.01315219
0.01352936
0.01343866
0.01281479
0.01168948
0.01021732
0.00862714
0.00710642
0.00589338
0.00527791
0.00522642
0.00540547
0.00551038
0.00565666
0.00609721
0.00639812
0.00605510
0.00514699
0.00415386
0.00361223
0.00359184
0.00355490
0.00309473
0.00246517
0.00208248
0.00208257
0.00229508
0.00246682
0.00248005
0.00241912
0.00261725
0.00319547
0.00378776
0.00404723
0.00397203
0.00374971
0.00338643
0.00317637
0.00337088
0.00369861
0.00358384
0.00297300
0.00236782
0.00220716
0.00276750
0.00398593
0.00528762
0.00629919
0.00687640
0.00701907
0.00692534
0.00674036
0.00623485
0.00516018
0.00359846
0.00196338
0.00079854
0.00012777
-0.00023699
-0.00050237
-0.00101131
-0.00181373
-0.00287586
-0.00419623
-0.00561476
-0.00677783
-0.00758352
-0.00789822
-0.00770588
-0.00758660
-0.00813970
-0.00957059
-0.01124110
-0.01249894
-0.01301677
-0.01278116
-0.01186417
-0.01047692
-0.00906109
-0.00804441
-0.00740452
-0.00720550
-0.00759127
-0.00837087
-0.00927586
-0.01006926
-0.01091434
-0.01172758
-0.01196349
-0.01143665
-0.01023674
-0.00846832
-0.00647477
-0.00474825
-0.00332398
-0.00202947
-0.00063002
0.00047550
0.00071364
-0.00015416
-0.00156858
-0.00256393
-0.00290952
-0.00289075
-0.00249536
-0.00152086
-0.00008451
0.00131180
0.00250617
0.00342365
0.00390248
0.00398832
0.00392068
0.00386415
0.00359508
0.00276924
0.00157939
0.00019255
-0.00148731
-0.00325889
-0.00461661
-0.00517586
-0.00511721
-0.00513545
-0.00570136
-0.00674165
-0.00770688
-0.00783389
-0.00706184
-0.00582330
-0.00448974
-0.00356421
-0.00358940
-0.00436715
-0.00516901
-0.00567417
-0.00567330
-0.00515472
-0.00424350
-0.00311459
-0.00250419
-0.00311472
-0.00477542
-0.00675238
-0.00847393
-0.00983610
-0.01108257
-0.01262594
-0.01476593
-0.01718311
-0.01928748
-0.02076029
-0.02158200
-0.02206062
-0.02216560
-0.02191108
-0.02160208
-0.02140288
-0.02108781
-0.02062906
-0.02016688
-0.01949810
-0.01855256
-0.01788346
-0.01758843
-0.01724080
-0.01621322
-0.01448985
-0.01235750
-0.01026663
-0.00837811
-0.00644623
-0.00447333
-0.00265335
-0.00105876
0.00024681
0.00103604
0.00125835
0.00131281
0.00173615
0.00258063
0.00359935
0.00434899
0.00488939
0.00616994
0.00885956
0.01270425
0.01693687
0.02050908
0.02296193
0.02457745
0.02588953
0.02777509
0.03022276
0.03232971
0.03375280
0.03466134
0.03553572
0.03702256
0.03907980
0.04144891
0.04391973
0.04604567
0.04740616
0.04810863
0.04861300
0.04928310
0.05013406
0.05079625
0.05105272
0.05101407
0.05090696
0.05087933
0.05090459
0.05064281
0.04968124
0.04784451
0.04544318
0.04292876
0.04034243
0.03756659
0.03451937
0.03093426
0.02691587
0.02314506
0.02026350
0.01813272
0.01622490
0.01406170
0.01165874
0.00951711
0.00816116
0.00754572
0.00753888
0.00792081
0.00832559
0.00876477
0.00918574
0.00913922
0.00852043
0.00751191
0.00623945
0.00491235
0.00419576
0.00447696
0.00551914
0.00657158
0.00700051
0.00680664
0.00633190
0.00571404
0.00496878
0.00382135
0.00234966
0.00048492
-0.00189293
-0.00435940
-0.00626754
-0.00729420
-0.00780507
-0.00828828
-0.00916231
-0.01056824
-0.01218389
-0.01346472
-0.01442855
-0.01563149
-0.01752047
-0.01977818
-0.02165188
-0.02254949
-0.02268048
-0.02282430
-0.02342615
-0.02463576
-0.02632621
-0.02790421
-0.02848839
-0.02763898
-0.02600880
-0.02482059
-0.02464966
-0.02514318
-0.02560914
-0.02546433
-0.02441398
-0.02287960
-0.02161796
-0.02112726
-0.02127053
-0.02156918
-0.02163068
-0.02125158
-0.02067276
-0.02004407
-0.01939223
-0.01865928
-0.01766658
-0.01659890
-0.01590667
-0.01575122
-0.01597353
-0.01650309
-0.01713380
-0.01751755
-0.01760317
-0.01782386
-0.01834626
-0.01885472
-0.01901043
-0.01851455
-0.01733746
-0.01588648
-0.01424782
-0.01245910
-0.01062560
-0.00850744
-0.00583553
-0.00270252
0.00045165
0.00312394
0.00545606
0.00800618
0.01099808
0.01400802
0.01650509
0.01808434
0.01904230
0.01991566
0.02086015
0.02185223
0.02277616
0.02363089
0.02440381
0.02513641
0.02528318
0.02436224
0.02287726
0.02139739
0.02027728
0.01935199
0.01756838
0.01390039
0.00830354
0.00193270
-0.00377822
-0.00833105
-0.01224481
-0.01630295
-0.02096470
-0.02597233
-0.03089723
-0.03546358
-0.03929448
-0.04238486
-0.04510814
-0.04768217
-0.05009787
-0.05187394
-0.05265636
-0.05287466
-0.05317319
-0.05362903
-0.05400685
-0.05401857
-0.05296093
-0.05067483
-0.04739243
-0.04338338
-0.03927828
-0.03571549
-0.03266813
-0.02922466
-0.02507111
-0.02090229
-0.01736242
-0.01444698
-0.01171538
-0.00890550
-0.00649981
-0.00497510
-0.00436283
-0.00425557
-0.00394670
-0.00328119
-0.00246402
-0.00132104
-0.00002422
0.00111808
0.00191785
0.00243762
0.00250872
0.00207888
0.00127387
0.00039895
-0.00040070
-0.00097304
-0.00120183
-0.00131641
-0.00172055
-0.00232102
-0.00260906
-0.00234504
-0.00192324
-0.00151102
-0.00122155
-0.00128103
-0.00183143
-0.00237345
-0.00238502
-0.00222030
-0.00226808
-0.00250035
-0.00285579
-0.00361775
-0.00493907
-0.00638775
-0.00727255
-0.00738930
-0.00710814
-0.00688166
-0.00669710
-0.00609430
-0.00501377
-0.00385216
-0.00290952
-0.00222863
-0.00141872
-0.00034341
0.00095877
0.00288682
0.00564873
0.00900870
0.01254451
0.01586957
0.01881031
0.02107460
0.02268895
0.02395647
0.02480968
0.02515944
0.02511997
0.02472055
0.02407177
0.02355890
0.02342058
0.02360896
0.02410189
0.02477401
0.02531940
0.02573104
0.02576343
0.02501233
0.02347673
0.02135330
0.01901735
0.01664672
0.01400609
0.01071625
0.00693840
0.00326655
0.00011535
-0.00243548
-0.00489223
-0.00717600
-0.00856869
-0.00879979
-0.00818494
-0.00767300
-0.00803230
-0.00968171
-0.01229659
-0.01454023
-0.01538882
-0.01511473
-0.01488159
-0.01525446
-0.01581880
-0.01582396
-0.01512137
-0.01381621
-0.01164796
-0.00841147
-0.00484402
-0.00151026
0.00146137
0.00377424
0.00579969
0.00822143
0.01126194
0.01463570
0.01780288
0.02023728
0.02209141
0.02384304
0.02559558
0.02731175
0.02848054
0.02863338
0.02768734
0.02625901
0.02510584
0.02405272
0.02272260
0.02131814
0.01976840
0.01802162
0.01607024
0.01323154
0.00928428
0.00499034
0.00125064
-0.00168820
-0.00401905
-0.00613328
-0.00830114
-0.01037936
-0.01221892
-0.01405569
-0.01608988
-0.01810356
-0.01992917
-0.02202587
-0.02470070
-0.02765708
-0.03086780
-0.03439868
-0.03806420
-0.04157820
-0.04483622
-0.04810539
-0.05127912
-0.05410212
-0.05644016
-0.05820446
-0.05925027
-0.05959145
-0.05958403
-0.05985341
-0.06060372
-0.06164230
-0.06254555
-0.06301214
-0.06343617
-0.06420430
-0.06478148
-0.06463871
-0.06376194
-0.06256493
-0.06108788
-0.05924221
-0.05701952
-0.05444801
-0.05106956
-0.04703687
-0.04331731
-0.04097385
-0.03991554
-0.03915183
-0.03788964
-0.03591812
-0.03343490
-0.03103344
-0.02893488
-0.02665706
-0.02383840
-0.02039644
-0.01650870
-0.01273833
-0.00964921
-0.00713482
-0.00450097
-0.00157881
0.00121878
0.00317286
0.00413338
0.00461921
0.00547315
0.00724318
0.00981415
0.01286913
0.01576907
0.01787197
0.01899604
0.01989982
0.02143619
0.02375643
0.02608192
0.02765912
0.02819038
0.02771941
0.02678011
0.02573601
0.02448319
0.02271271
0.02059413
0.01859239
0.01704099
0.01607444
0.01543442
0.01482675
0.01387754
0.01228123
0.00988669
0.00686476
0.00356810
0.00046911
-0.00188189
-0.00344428
-0.00468655
-0.00605013
-0.00744919
-0.00839370
-0.00863067
-0.00810873
-0.00659917
-0.00410010
-0.00120735
0.00178634
0.00545689
0.00995779
0.01483093
0.01963984
0.02386415
0.02714881
0.02921203
0.03024874
0.03081082
0.03154547
0.03280381
0.03422544
0.03528731
0.03547876
0.03483869
0.03379198
0.03286092
0.03218369
0.03188478
0.03234606
0.03332530
0.03341016
0.03145374
0.02795359
0.02395333
0.02018774
0.01672564
0.01375101
0.01137456
0.00900476
0.00659004
0.00446300
0.00258659
0.00062160
-0.00138783
-0.00322223
-0.00479936
-0.00626397
-0.00776442
-0.00912609
-0.01046226
-0.01232240
-0.01453137
-0.01667896
-0.01915512
-0.02204347
-0.02439612
-0.02536521
-0.02513484
-0.02456829
-0.02441030
-0.02500630
-0.02594111
-0.02624944
-0.02560788
-0.02432997
-0.02274696
-0.02092123
-0.01922143
-0.01793573
-0.01674901
-0.01488223
-0.01197444
-0.00826340
-0.00391154
0.00067681
0.00548631
0.01074304
0.01616580
0.02135039
0.02630285
0.03097233
0.03500997
0.03831732
0.04123192
0.04415663
0.04725872
0.05031510
0.05285036
0.05487141
0.05666789
0.05815100
0.05962015
0.06150849
0.06365506
0.06564509
0.06727149
0.06841914
0.06893110
0.06875155
0.06802362
0.06711700
0.06661324
0.06690891
0.06788092
0.06922408
0.07040214
0.07093144
0.07083762
0.07053560
0.07036603
0.07008857
0.06920810
0.06775880
0.06637220
0.06540279
0.06474235
0.06374771
0.06203647
0.05991075
0.05757682
0.05495437
0.05203302
0.04891264
0.04553654
0.04168339
0.03720244
0.03197239
0.02607590
0.01984101
0.01361363
0.00762676
0.00217654
-0.00242798
-0.00575274
-0.00768072
-0.00836106
-0.00802040
-0.00731626
-0.00693771
-0.00690598
-0.00657967
-0.00547817
-0.00358017
-0.00087124
0.00276137
0.00701772
0.01139992
0.01589277
0.02062168
0.02550886
0.03030228
0.03534379
0.04061080
0.04568003
0.05082913
0.05647582
0.06261950
0.06897150
0.07524558
0.08144173
0.08732515
0.09256849
0.09713719
0.10095890
0.10418460
0.10716230
0.11018700
0.11331840
0.11620740
0.11837730
0.11963490
0.12038130
0.12129510
0.12236710
0.12311160
0.12325860
0.12269540
0.12153220
0.12025790
0.11896000
0.11764210
0.11618600
0.11467850
0.11299880
0.11071910
0.10788870
0.10533470
0.10323850
0.10099340
0.09819144
0.09505035
0.09227294
0.09022327
0.08847316
0.08663460
0.08484680
0.08353554
0.08261331
0.08148843
0.07962858
0.07717018
0.07434550
0.07085046
0.06594353
0.05873293
0.04891565
0.03652860
0.02146314
0.00421624
-0.01465100
-0.03447783
-0.05404069
-0.07261161
-0.09018826
-0.10634510
-0.12069790
-0.13349140
-0.14452220
-0.15370700
-0.16150800
-0.16891380
-0.17622000
-0.18284330
-0.18804060
-0.19176950
-0.19427330
-0.19585200
-0.19667880
-0.19696280
-0.19700680
-0.19719450
-0.19794130
-0.19916990
-0.20020290
-0.20035340
-0.19914290
-0.19678250
-0.19406180
-0.19138650
-0.18891840
-0.18668650
-0.18452770
-0.18250210
-0.18051140
-0.17814700
-0.17500660
-0.17075680
-0.16535410
-0.15921820
-0.15292700
-0.14676360
-0.14026680
-0.13308390
-0.12547040
-0.11714080
-0.10720140
-0.09577667
-0.08437357
-0.07433639
-0.06594616
-0.05867197
-0.05217966
-0.04645694
-0.04165973
-0.03749174
-0.03331950
-0.02888003
-0.02459999
-0.02105402
-0.01856381
-0.01695623
-0.01589090
-0.01565045
-0.01665843
-0.01880100
-0.02138571
-0.02383337
-0.02608853
-0.02889569
-0.03283790
-0.03798512
-0.04437209
-0.05158678
-0.05837425
-0.06325816
-0.06559761
-0.06587440
-0.06494616
-0.06334114
-0.06140259
-0.05928152
-0.05668203
-0.05305218
-0.04867914
-0.04388926
-0.03862641
-0.03280753
-0.02633286
-0.01914741
-0.01146468
-0.00364709
0.00409528
0.01194058
0.01968767
0.02676103
0.03291624
0.03797642
0.04219783
0.04624406
0.05036124
0.05460979
0.05912178
0.06340935
0.06650159
0.06781337
0.06773765
0.06725722
0.06711078
0.06739679
0.06769187
0.06732451
0.06590671
0.06350843
0.06074553
0.05818841
0.05631889
0.05532517
0.05481816
0.05444813
0.05398407
0.05325156
0.05221209
0.05061880
0.04856358
0.04653647
0.04506455
0.04405763
0.04276097
0.04075352
0.03818031
0.03552684
0.03290282
0.03014079
0.02696173
0.02337555
0.01965988
0.01576930
0.01181566
0.00816018
0.00495089
0.00207624
-0.00024383
-0.00170908
-0.00238533
-0.00227973
-0.00134034
0.00043287
0.00267698
0.00447839
0.00525734
0.00577344
0.00704253
0.00913590
0.01174659
0.01470454
0.01815081
0.02218396
0.02645998
0.03094868
0.03574873
0.04077103
0.04630757
0.05230168
0.05789080
0.06274528
0.06706639
0.07142786
0.07570663
0.07907460
0.08115773
0.08240682
0.08356332
0.08497355
0.08626109
0.08692879
0.08695951
0.08655490
0.08554198
0.08326201
0.07889244
0.07214535
0.06325527
0.05240473
0.03984134
0.02607561
0.01167440
-0.00283503
-0.01709564
-0.03028391
-0.04116834
-0.04886011
-0.05332522
-0.05520640
-0.05536844
-0.05479778
-0.05369597
-0.05142715
-0.04751116
-0.04181788
-0.03467234
-0.02663512
-0.01825182
-0.01011808
-0.00268998
0.00324016
0.00663177
0.00745448
0.00674535
0.00573641
0.00525802
0.00487194
0.00347368
0.00070902
-0.00291357
-0.00702713
-0.01134376
-0.01519546
-0.01780987
-0.01905515
-0.01973264
-0.02047673
-0.02125070
-0.02202672
-0.02306595
-0.02453995
-0.02623253
-0.02752314
-0.02798578
-0.02780486
-0.02749116
-0.02746203
-0.02804258
-0.02936874
-0.03135373
-0.03323685
-0.03414867
-0.03392598
-0.03258028
-0.03017660
-0.02711746
-0.02406250
-0.02193418
-0.02112214
-0.02084592
-0.01996409
-0.01801558
-0.01580671
-0.01424565
-0.01365808
-0.01377550
-0.01416753
-0.01470856
-0.01531864
-0.01632136
-0.01850374
-0.02197774
-0.02626953
-0.03094346
-0.03581716
-0.04044093
-0.04446023
-0.04741928
-0.04888326
-0.04906952
-0.04864884
-0.04794108
-0.04701647
-0.04610885
-0.04521053
-0.04418602
-0.04319030
-0.04221413
-0.04104128
-0.03956605
-0.03779931
-0.03554967
-0.03261257
-0.02923354
-0.02589216
-0.02282844
-0.01993743
-0.01702707
-0.01414782
-0.01169181
-0.01000761
-0.00910256
-0.00840611
-0.00761888
-0.00734029
-0.00813025
-0.00995328
-0.01237589
-0.01468021
-0.01626182
-0.01687237
-0.01662939
-0.01568482
-0.01429971
-0.01292704
-0.01195482
-0.01132934
-0.01081788
-0.01014479
-0.00928856
-0.00814241
-0.00642985
-0.00415271
-0.00187120
0.00014597
0.00209218
0.00398904
0.00595905
0.00835369
0.01128250
0.01450819
0.01769029
0.02028959
0.02182539
0.02249637
0.02250483
0.02179540
0.02045741
0.01883399
0.01746288
0.01682081
0.01686520
0.01716331
0.01752187
0.01802550
0.01889782
0.02077795
0.02382905
0.02742462
0.03085105
0.03378785
0.03592769
0.03716187
0.03775695
0.03771577
0.03686561
0.03506901
0.03216870
0.02847092
0.02479003
0.02189296
0.01998794
0.01844136
0.01655216
0.01409312
0.01110357
0.00763169
0.00387607
0.00028356
-0.00297372
-0.00646540
-0.01064768
-0.01542612
-0.02027668
-0.02442418
-0.02790433
-0.03143635
-0.03505820
-0.03806331
-0.04033552
-0.04254204
-0.04522963
-0.04819810
-0.05067937
-0.05202874
-0.05224678
-0.05193165
-0.05162883
-0.05130142
-0.05087306
-0.05047291
-0.04998591
-0.04938529
-0.04886496
-0.04830101
-0.04739238
-0.04628141
-0.04521803
-0.04445418
-0.04420836
-0.04467437
-0.04587527
-0.04750249
-0.04908906
-0.05010801
-0.05034543
-0.05003001
-0.04932227
-0.04819674
-0.04676260
-0.04547784
-0.04444189
-0.04323354
-0.04126802
-0.03839916
-0.03505405
-0.03185014
-0.02934190
-0.02753056
-0.02558227
-0.02248751
-0.01824778
-0.01413721
-0.01119060
-0.00972094
-0.00918212
-0.00880344
-0.00804687
-0.00707580
-0.00640379
-0.00615109
-0.00589407
-0.00520353
-0.00351258
-0.00083229
0.00193293
0.00382410
0.00444666
0.00417606
0.00374262
0.00334789
0.00257738
0.00129910
-0.00067973
-0.00340518
-0.00641168
-0.00879235
-0.00985071
-0.00960609
-0.00847009
-0.00694831
-0.00528330
-0.00309313
0.00006254
0.00381951
0.00760238
0.01134791
0.01543162
0.01984379
0.02391607
0.02750493
0.03092115
0.03454666
0.03843821
0.04245456
0.04619921
0.04944513
0.05195222
0.05369581
0.05548785
0.05762675
0.05933266
0.06020427
0.06063119
0.06091174
0.06092005
0.06045717
0.05964781
0.05850148
0.05703194
0.05543268
0.05389892
0.05246928
0.05110151
0.04997601
0.04940411
0.04934823
0.04919768
0.04811845
0.04594277
0.04296545
0.03952404
0.03606403
0.03262567
0.02880284
0.02417201
0.01887973
0.01365037
0.00919428
0.00575903
0.00303271
0.00094640
-0.00018882
-0.00038714
0.00014182
0.00124910
0.00270977
0.00426999
0.00578273
0.00720948
0.00835653
0.00894660
0.00902557
0.00890291
0.00884771
0.00898613
0.00954082
0.01061504
0.01186693
0.01324006
0.01466410
0.01616456
0.01759270
0.01869794
0.01898239
0.01778639
0.01499074
0.01071091
0.00523378
-0.00086750
-0.00703483
-0.01296371
-0.01837392
-0.02280195
-0.02588788
-0.02804983
-0.02995059
-0.03173489
-0.03271964
-0.03220670
-0.03010903
-0.02687585
-0.02329924
-0.02003275
-0.01719083
-0.01427314
-0.01049639
-0.00608152
-0.00195932
0.00136045
0.00412647
0.00705363
0.01094876
0.01538852
0.01901089
0.02119979
0.02268938
0.02428621
0.02605213
0.02760456
0.02925486
0.03170197
0.03496750
0.03832405
0.04093539
0.04304140
0.04589661
0.04974425
0.05375996
0.05720812
0.05975028
0.06108563
0.06134393
0.06111401
0.06064760
0.05956861
0.05785994
0.05581396
0.05344470
0.05068229
0.04764389
0.04453850
0.04148788
0.03864196
0.03630031
0.03440164
0.03248833
0.03041461
0.02818110
0.02581618
0.02365456
0.02213923
0.02152624
0.02138049
0.02082142
0.01945206
0.01757054
0.01551037
0.01359069
0.01222582
0.01142763
0.01109797
0.01106133
0.01130616
0.01187521
0.01243284
0.01266377
0.01256901
0.01217214
0.01129329
0.00991215
0.00826990
0.00643526
0.00416803
0.00175657
-0.00025734
-0.00199782
-0.00365356
-0.00505381
-0.00581187
-0.00590544
-0.00566202
-0.00520204
-0.00433962
-0.00303819
-0.00170477
-0.00068783
-0.00002570
0.00027707
0.00028093
-0.00007376
-0.00071621
-0.00128201
-0.00172496
-0.00220526
-0.00288737
-0.00394827
-0.00511236
-0.00586739
-0.00629119
-0.00698872
-0.00833974
-0.01038926
-0.01276049
-0.01461655
-0.01562597
-0.01640727
-0.01763484
-0.01929789
-0.02083887
-0.02219885
-0.02349009
-0.02493352
-0.02642509
-0.02761386
-0.02803366
-0.02765963
-0.02706004
-0.02664468
-0.02599704
-0.02486212
-0.02314635
-0.02076637
-0.01817386
-0.01598621
-0.01434307
-0.01307367
-0.01220451
-0.01172986
-0.01115727
-0.00990996
-0.00768833
-0.00467120
-0.00155845
0.00071861
0.00204881
0.00244658
0.00208978
0.00120178
-0.00004282
-0.00158412
-0.00373025
-0.00632580
-0.00860471
-0.01026742
-0.01118106
-0.01141116
-0.01127799
-0.01082697
-0.00964608
-0.00779082
-0.00566179
-0.00361121
-0.00210803
-0.00138105
-0.00150578
-0.00223183
-0.00337387
-0.00476981
-0.00606743
-0.00698163
-0.00760018
-0.00792521
-0.00756042
-0.00590294
-0.00301674
0.00041172
0.00371398
0.00666115
0.00942385
0.01228797
0.01521447
0.01771588
0.01921955
0.01936377
0.01847551
0.01701136
0.01497100
0.01249780
0.00945104
0.00566559
0.00168824
-0.00205212
-0.00536054
-0.00835375
-0.01119021
-0.01359764
-0.01542106
-0.01686250
-0.01825610
-0.01948954
-0.02012787
-0.01974388
-0.01810479
-0.01564910
-0.01310066
-0.01128986
-0.01068741
-0.01089660
-0.01093793
-0.01031890
-0.00905715
-0.00721194
-0.00534238
-0.00394398
-0.00302308
-0.00287817
-0.00366491
-0.00492896
-0.00657564
-0.00876454
-0.01114298
-0.01306623
-0.01402833
-0.01387670
-0.01246019
-0.00988587
-0.00688976
-0.00457348
-0.00292771
-0.00102868
0.00175361
0.00530823
0.00871769
0.01074738
0.01091770
0.00965076
0.00799628
0.00703638
0.00707254
0.00761340
0.00816311
0.00866372
0.00887946
0.00848328
0.00760857
0.00630431
0.00443676
0.00186809
-0.00186569
-0.00678471
-0.01236625
-0.01777627
-0.02238932
-0.02585894
-0.02799062
-0.02880997
-0.02848970
-0.02689987
-0.02409334
-0.02048430
-0.01638259
-0.01179168
-0.00650529
-0.00096167
0.00415617
0.00872674
0.01257805
0.01538332
0.01714800
0.01844846
0.01958542
0.02064749
0.02157145
0.02216202
0.02188824
0.02080663
0.01950874
0.01827151
0.01726569
0.01650862
0.01586474
0.01512948
0.01405657
0.01282969
0.01177313
0.01100418
0.01035772
0.00938226
0.00767234
0.00535129
0.00300352
0.00064380
-0.00193815
-0.00463826
-0.00739937
-0.00998937
-0.01205111
-0.01331513
-0.01374252
-0.01366129
-0.01351419
-0.01347980
-0.01320057
-0.01243870
-0.01207216
-0.01273221
-0.01415814
-0.01578310
-0.01691584
-0.01720775
-0.01693085
-0.01666962
-0.01693009
-0.01738510
-0.01749238
-0.01718814
-0.01646372
-0.01526585
-0.01372575
-0.01215059
-0.01092429
-0.00976352
-0.00822161
-0.00628917
-0.00386177
-0.00089437
0.00215384
0.00434654
0.00539690
0.00564066
0.00547637
0.00503001
0.00453403
0.00408493
0.00312419
0.00131647
-0.00125653
-0.00428158
-0.00730852
-0.00987952
-0.01203390
-0.01395367
-0.01560642
-0.01680109
-0.01773137
-0.01873395
-0.01965581
-0.02015518
-0.02018668
-0.02008909
-0.02049447
-0.02161984
-0.02294236
-0.02401549
-0.02450409
-0.02412951
-0.02304121
-0.02145097
-0.01945192
-0.01651378
-0.01292024
-0.00966945
-0.00721277
-0.00558923
-0.00448998
-0.00328397
-0.00205255
-0.00113785
-0.00049132
-0.00007505
-0.00004617
-0.00054533
-0.00137133
-0.00240248
-0.00349650
-0.00425313
-0.00416051
-0.00283307
-0.00068484
0.00159070
0.00371956
0.00558017
0.00701136
0.00793448
0.00859234
0.00908898
0.00938707
0.00969914
0.01028687
0.01092236
0.01146984
0.01222806
0.01325770
0.01450582
0.01599200
0.01756626
0.01954678
0.02178230
0.02354344
0.02453814
0.02503842
0.02575272
0.02707357
0.02841763
0.02882219
0.02812232
0.02669708
0.02526076
0.02429435
0.02332048
0.02170163
0.01958799
0.01731199
0.01482883
0.01202590
0.00887983
0.00559702
0.00270329
0.00058917
-0.00086609
-0.00208755
-0.00325963
-0.00409876
-0.00440290
-0.00430464
-0.00410717
-0.00403385
-0.00410802
-0.00422314
-0.00424287
-0.00391237
-0.00318121
-0.00224302
-0.00133090
-0.00047078
0.00054720
0.00166849
0.00306084
0.00485904
0.00691014
0.00942115
0.01234747
0.01552472
0.01870710
0.02218736
0.02614807
0.03015015
0.03358705
0.03622748
0.03833999
0.03994891
0.04108349
0.04186591
0.04257457
0.04314177
0.04313862
0.04262796
0.04201721
0.04130374
0.04026032
0.03883007
0.03726737
0.03600591
0.03503048
0.03410422
0.03319387
0.03215078
0.03096673
0.02974953
0.02809543
0.02577017
0.02329312
0.02112509
0.01899846
0.01660571
0.01422413
0.01202821
0.00984967
0.00780078
0.00579263
0.00382691
0.00228248
0.00110460
0.00012989
-0.00028950
0.00029979
0.00159239
0.00304928
0.00448359
0.00584597
0.00727180
0.00877825
0.01058630
0.01233880
0.01332887
0.01317680
0.01222210
0.01107910
0.00999462
0.00910227
0.00834836
0.00744504
0.00641900
0.00540326
0.00423565
0.00254345
0.00008249
-0.00274889
-0.00509981
-0.00640649
-0.00694265
-0.00724858
-0.00747538
-0.00733143
-0.00680126
-0.00629397
-0.00615500
-0.00659471
-0.00736414
-0.00791671
-0.00799743
-0.00771228
-0.00710796
-0.00640300
-0.00597599
-0.00594248
-0.00609986
-0.00629903
-0.00679861
-0.00769236
-0.00829224
-0.00816931
-0.00762159
-0.00719097
-0.00714894
-0.00726008
-0.00690755
-0.00572150
-0.00389553
-0.00198017
-0.00046312
0.00029913
0.00034542
0.00007963
-0.00021396
-0.00059880
-0.00083563
-0.00052107
0.00013784
0.00061834
0.00067814
0.00045205
0.00006668
-0.00050036
-0.00082507
-0.00005232
0.00185202
0.00404535
0.00625960
0.00829741
0.00955636
0.01002436
0.01029639
0.01063402
0.01075888
0.01037836
0.00979256
0.00944221
0.00945185
0.00963958
0.00973929
0.00943935
0.00877671
0.00842939
0.00883867
0.00986950
0.01121505
0.01237862
0.01295676
0.01319257
0.01355950
0.01429082
0.01523418
0.01591181
0.01612178
0.01627524
0.01669742
0.01725064
0.01789422
0.01852528
0.01890139
0.01895251
0.01883521
0.01875925
0.01878998
0.01880594
0.01848530
0.01779284
0.01689197
0.01604049
0.01524396
0.01428965
0.01343531
0.01319535
0.01309020
0.01213606
0.01037701
0.00833991
0.00662172
0.00513204
0.00353699
0.00170203
-0.00056327
-0.00326380
-0.00596646
-0.00851468
-0.01122935
-0.01447003
-0.01780948
-0.02070763
-0.02304897
-0.02538591
-0.02821437
-0.03147049
-0.03479591
-0.03794984
-0.04092556
-0.04355749
-0.04537051
-0.04617009
-0.04569477
-0.04376352
-0.04076580
-0.03759811
-0.03515873
-0.03351213
-0.03210750
-0.03073693
-0.02927860
-0.02789006
-0.02682409
-0.02585826
-0.02484418
-0.02367032
-0.02202175
-0.02005758
-0.01797223
-0.01558163
-0.01276390
-0.01004686
-0.00804115
-0.00667814
-0.00593587
-0.00577723
-0.00646617
-0.00832216
-0.01069285
-0.01277964
-0.01450227
-0.01602922
-0.01752830
-0.01903956
-0.02033113
-0.02131603
-0.02229002
-0.02320965
-0.02329629
-0.02215405
-0.02003110
-0.01733028
-0.01474116
-0.01287103
-0.01185710
-0.01100009
-0.00989410
-0.00892785
-0.00843732
-0.00806926
-0.00728826
-0.00619209
-0.00503208
-0.00371432
-0.00193080
0.00004092
0.00201218
0.00392458
0.00575278
0.00762698
0.00936788
0.01109274
0.01293098
0.01486343
0.01710191
0.01965276
0.02189679
0.02361860
0.02470994
0.02510684
0.02506261
0.02496530
0.02502002
0.02517359
0.02498053
0.02365021
0.02097045
0.01753898
0.01413987
0.01113429
0.00840247
0.00578559
0.00346506
0.00146662
-0.00067027
-0.00304133
-0.00485774
-0.00568538
-0.00577983
-0.00538899
-0.00473893
-0.00379484
-0.00272415
-0.00198350
-0.00137690
-0.00035458
0.00074667
0.00114577
0.00037919
-0.00106604
-0.00214698
-0.00227164
-0.00125425
0.00046914
0.00198821
0.00255754
0.00204425
0.00099444
0.00032847
0.00056814
0.00135749
0.00219849
0.00250094
0.00209851
0.00136353
0.00030902
-0.00098625
-0.00247590
-0.00405445
-0.00581234
-0.00773312
-0.00958557
-0.01121262
-0.01255698
-0.01342488
-0.01381544
-0.01417711
-0.01468909
-0.01512727
-0.01514608
-0.01457155
-0.01381781
-0.01325131
-0.01276548
-0.01234915
-0.01211680
-0.01208177
-0.01212729
-0.01193590
-0.01130371
-0.01059034
-0.01000653
-0.00924561
-0.00823388
-0.00721590
-0.00613646
-0.00480643
-0.00341664
-0.00225551
-0.00120948
-0.00024036
0.00062855
0.00141762
0.00217554
0.00289880
0.00338077
0.00347551
0.00304025
0.00230404
0.00179592
0.00163524
0.00111534
-0.00005825
-0.00152346
-0.00291641
-0.00386537
-0.00417908
-0.00415259
-0.00432672
-0.00463317
-0.00500286
-0.00537884
-0.00560502
-0.00553215
-0.00489996
-0.00387009
-0.00313911
-0.00281219
-0.00253273
-0.00195096
-0.00108881
0.00003116
0.00125601
0.00229235
0.00287571
0.00294009
0.00299778
0.00327343
0.00380237
0.00456803
0.00561254
0.00700919
0.00842275
0.00973947
0.01080114
0.01134858
0.01138354
0.01115175
0.01068526
0.00973857
0.00807136
0.00585775
0.00372715
0.00227109
0.00143272
0.00065231
-0.00028297
-0.00137696
-0.00268359
-0.00419273
-0.00584930
-0.00779272
-0.00993693
-0.01190920
-0.01345373
-0.01428189
-0.01411155
-0.01317168
-0.01152983
-0.00931701
-0.00723544
-0.00537005
-0.00317301
-0.00052545
0.00191369
0.00396812
0.00576182
0.00724375
0.00843579
0.00971281
0.01119286
0.01286564
0.01422490
0.01523807
0.01649749
0.01759224
0.01815587
0.01829426
0.01803324
0.01766054
0.01726084
0.01650386
0.01540595
0.01452985
0.01425218
0.01445101
0.01476128
0.01492356
0.01507610
0.01524031
0.01538629
0.01566700
0.01595815
0.01586055
0.01523761
0.01426720
0.01303958
0.01191993
0.01136019
0.01138448
0.01164166
0.01166844
0.01086589
0.00943780
0.00819441
0.00713688
0.00627390
0.00642877
0.00757202
0.00870511
0.00918957
0.00933703
0.00953639
0.00980377
0.01000450
0.00997278
0.00930338
0.00748406
0.00476575
0.00235715
0.00089900
0.00018065
-0.00013176
-0.00026584
-0.00035850
-0.00046294
-0.00069563
-0.00121881
-0.00196593
-0.00282808
-0.00386487
-0.00520723
-0.00672550
-0.00828710
-0.00938164
-0.01010785
-0.01104718
-0.01223437
-0.01359479
-0.01525067
-0.01708434
-0.01815384
-0.01758916
-0.01543544
-0.01286953
-0.01113563
-0.01049187
-0.01031624
-0.00993028
-0.00932488
-0.00882342
-0.00858664
-0.00834364
-0.00782531
-0.00701294
-0.00612222
-0.00551235
-0.00500510
-0.00412817
-0.00304676
-0.00220473
-0.00131202
-0.00020792
0.00066569
0.00091659
0.00035443
-0.00088815
-0.00224239
-0.00366447
-0.00561114
-0.00797099
-0.01023751
-0.01231829
-0.01399619
-0.01523807
-0.01630526
-0.01715120
-0.01757062
-0.01760701
-0.01730674
-0.01635891
-0.01490261
-0.01320797
-0.01184503
-0.01130904
-0.01146446
-0.01180621
-0.01194075
-0.01181097
-0.01159658
-0.01148944
-0.01155344
-0.01184204
-0.01243021
-0.01290251
-0.01272660
-0.01209926
-0.01159346
-0.01151529
-0.01175536
-0.01200072
-0.01206394
-0.01218243
-0.01267079
-0.01348785
-0.01421466
-0.01426834
-0.01377379
-0.01308524
-0.01258306
-0.01271620
-0.01326118
-0.01349673
-0.01298319
-0.01215096
-0.01167249
-0.01200237
-0.01321760
-0.01493376
-0.01663149
-0.01781662
-0.01826030
-0.01839941
-0.01869909
-0.01888235
-0.01861842
-0.01806953
-0.01716537
-0.01591906
-0.01488071
-0.01416067
-0.01334136
-0.01230244
-0.01091519
-0.00945374
-0.00849605
-0.00799795
-0.00771194
-0.00779346
-0.00822839
-0.00864720
-0.00872014
-0.00823383
-0.00736372
-0.00637110
-0.00559623
-0.00528229
-0.00534449
-0.00550782
-0.00556141
-0.00547896
-0.00535841
-0.00529512
-0.00530709
-0.00525149
-0.00481632
-0.00401164
-0.00288840
-0.00147577
0.00025186
0.00249951
0.00517629
0.00767059
0.00969277
0.01172027
0.01429844
0.01729697
0.01998451
0.02191404
0.02332752
0.02466774
0.02597949
0.02706275
0.02788705
0.02835595
0.02846260
0.02820535
0.02781126
0.02761327
0.02721838
0.02612892
0.02441554
0.02254844
0.02080688
0.01902402
0.01703213
0.01500299
0.01291740
0.01047184
0.00760956
0.00498047
0.00300168
0.00109509
-0.00132735
-0.00387488
-0.00605893
-0.00823008
-0.01096210
-0.01431655
-0.01783198
-0.02109872
-0.02395389
-0.02608419
-0.02771068
-0.02929358
-0.03071310
-0.03180548
-0.03244927
-0.03235213
-0.03164648
-0.03070838
-0.02995075
-0.02955918
-0.02910044
-0.02807725
-0.02647297
-0.02484664
-0.02404744
-0.02398469
-0.02397249
-0.02335569
-0.02203092
-0.02045678
-0.01890394
-0.01760630
-0.01650207
-0.01546435
-0.01468864
-0.01421317
-0.01358349
-0.01253930
-0.01122892
-0.00973217
-0.00821630
-0.00638678
-0.00417108
-0.00201991
-0.00000483
0.00184901
0.00329542
0.00399896
0.00403137
0.00382073
0.00392929
0.00459296
0.00518568
0.00505287
0.00440182
0.00383090
0.00368304
0.00386653
0.00428558
0.00494171
0.00551928
0.00553109
0.00483852
0.00401210
0.00361044
0.00369230
0.00396163
0.00413200
0.00410790
0.00396644
0.00386015
0.00385508
0.00393848
0.00424657
0.00458106
0.00453193
0.00418551
0.00386653
0.00369404
0.00319307
0.00210567
0.00102028
0.00061904
0.00141705
0.00312916
0.00512644
0.00671362
0.00736242
0.00725369
0.00728824
0.00815916
0.00950533
0.01046429
0.01076268
0.01119116
0.01216149
0.01320819
0.01411138
0.01506366
0.01597760
0.01652972
0.01677085
0.01746516
0.01870554
0.01975574
0.02010952
0.01991659
0.01962822
0.01944985
0.01904412
0.01804305
0.01650556
0.01478655
0.01318390
0.01166039
0.00994112
0.00820874
0.00654749
0.00526922
0.00471676
0.00478053
0.00505078
0.00518171
0.00508257
0.00458981
0.00343291
0.00184604
0.00015618
-0.00104451
-0.00141014
-0.00118946
-0.00089565
-0.00085463
-0.00120409
-0.00210047
-0.00334840
-0.00431734
-0.00475918
-0.00519864
-0.00606220
-0.00701960
-0.00756340
-0.00774722
-0.00820239
-0.00935068
-0.01109014
-0.01282706
-0.01380381
-0.01386350
-0.01346807
-0.01298212
-0.01246423
-0.01210558
-0.01221768
-0.01287223
-0.01356774
-0.01364252
-0.01271984
-0.01125452
-0.01041249
-0.01083562
-0.01208009
-0.01334721
-0.01396981
-0.01408571
-0.01447902
-0.01543330
-0.01640450
-0.01685378
-0.01672767
-0.01610580
-0.01503204
-0.01384700
-0.01263305
-0.01128495
-0.00975359
-0.00816695
-0.00682849
-0.00568221
-0.00471886
-0.00407714
-0.00334485
-0.00218878
-0.00109063
-0.00051177
0.00000283
0.00102315
0.00262354
0.00438499
0.00550604
0.00569622
0.00536285
0.00518691
0.00595894
0.00756048
0.00919315
0.01017513
0.01034707
0.01013732
0.01021331
0.01049930
0.01056738
0.01037705
0.01014808
0.01011475
0.01054882
0.01130588
0.01188411
0.01195131
0.01131695
0.01007446
0.00886186
0.00821624
0.00792154
0.00755697
0.00684844
0.00602637
0.00552540
0.00547659
0.00576452
0.00635551
0.00699396
0.00725198
0.00680165
0.00597372
0.00532208
0.00485027
0.00439623
0.00376373
0.00297509
0.00201679
0.00087177
-0.00009750
-0.00071243
-0.00151178
-0.00255896
-0.00333254
-0.00352125
-0.00330483
-0.00305325
-0.00297617
-0.00305924
-0.00317587
-0.00323106
-0.00336284
-0.00397424
-0.00510061
-0.00612553
-0.00650560
-0.00615830
-0.00529252
-0.00429305
-0.00343714
-0.00298916
-0.00296618
-0.00310850
-0.00276774
-0.00153888
-0.00014235
0.00059596
0.00074663
0.00111663
0.00205930
0.00345642
0.00511176
0.00673211
0.00823999
0.00930073
0.01015435
0.01117604
0.01208332
0.01251297
0.01248238
0.01225542
0.01185214
0.01097220
0.00932186
0.00727117
0.00529328
0.00308317
0.00037621
-0.00264283
-0.00562138
-0.00860361
-0.01146454
-0.01384014
-0.01581675
-0.01734051
-0.01813218
-0.01830297
-0.01849176
-0.01907972
-0.02003658
-0.02097332
-0.02144869
-0.02135753
-0.02074125
-0.01993440
-0.01942229
-0.01926531
-0.01901365
-0.01842314
-0.01741095
-0.01610427
-0.01483989
-0.01340878
-0.01163283
-0.00965304
-0.00758944
-0.00597974
-0.00520941
-0.00473839
-0.00388602
-0.00267844
-0.00131462
-0.00002668
0.00109409
0.00247048
0.00425260
0.00630901
0.00841413
0.01020676
0.01171236
0.01275315
0.01296437
0.01234375
0.01136918
0.01048175
0.01003425
0.00984256
0.00927611
0.00819349
0.00679318
0.00525130
0.00415559
0.00344043
0.00251822
0.00154961
0.00098378
0.00092608
0.00111852
0.00124510
0.00119918
0.00107891
0.00100178
0.00092263
0.00035726
-0.00083798
-0.00202984
-0.00307085
-0.00419808
-0.00559387
-0.00720229
-0.00889710
-0.01074048
-0.01256301
-0.01400450
-0.01516531
-0.01630335
-0.01716706
-0.01747926
-0.01709430
-0.01604109
-0.01483723
-0.01406229
-0.01335690
-0.01237241
-0.01148142
-0.01107124
-0.01111894
-0.01126703
-0.01095751
-0.00991052
-0.00863917
-0.00789665
-0.00788489
-0.00823894
-0.00849844
-0.00847793
-0.00817113
-0.00727323
-0.00583880
-0.00410244
-0.00245214
-0.00096620
0.00026112
0.00093033
0.00102706
0.00086467
0.00096750
0.00195809
0.00344004
0.00453954
0.00520312
0.00590316
0.00666440
0.00726828
0.00782499
0.00825351
0.00814306
0.00757393
0.00705613
0.00691565
0.00708173
0.00728984
0.00735592
0.00727967
0.00716935
0.00711718
0.00713709
0.00717932
0.00718730
0.00717172
0.00715218
0.00683980
0.00581152
0.00452268
0.00359292
0.00288349
0.00207031
0.00131646
0.00092109
0.00090595
0.00103831
0.00082038
-0.00002476
-0.00079626
-0.00116234
-0.00145881
-0.00205638
-0.00298760
-0.00403193
-0.00499589
-0.00584492
-0.00665974
-0.00745575
-0.00832570
-0.00955469
-0.01079473
-0.01183655
-0.01298534
-0.01417900
-0.01541884
-0.01659153
-0.01754453
-0.01853585
-0.02002442
-0.02196720
-0.02345163
-0.02349151
-0.02200289
-0.02027556
-0.01930033
-0.01881575
-0.01828350
-0.01771689
-0.01735282
-0.01725303
-0.01726503
-0.01685441
-0.01566328
-0.01437540
-0.01374273
-0.01367356
-0.01373787
-0.01392712
-0.01394760
-0.01329278
-0.01206886
-0.01064219
-0.00916861
-0.00794706
-0.00687990
-0.00550616
-0.00373543
-0.00230437
-0.00177604
-0.00196063
-0.00189547
-0.00065342
0.00152721
0.00395842
0.00605621
0.00757735
0.00882132
0.00988835
0.01059406
0.01057681
0.00990549
0.00894881
0.00809347
0.00740676
0.00679046
0.00609858
0.00532898
0.00451899
0.00394203
0.00374950
0.00381147
0.00390755
0.00391247
0.00384798
0.00400597
0.00481177
0.00609056
0.00710711
0.00780033
0.00867567
0.00957175
0.01010851
0.01043340
0.01108521
0.01219113
0.01345775
0.01471686
0.01575257
0.01629175
0.01630283
0.01583085
0.01514540
0.01493888
0.01544521
0.01588582
0.01536212
0.01383349
0.01217210
0.01131140
0.01135614
0.01152940
0.01118877
0.01049199
0.00969205
0.00866029
0.00705680
0.00493210
0.00307739
0.00220474
0.00201991
0.00182387
0.00143502
0.00105498
0.00087260
0.00085659
0.00062601
-0.00026024
-0.00179658
-0.00356207
-0.00488995
-0.00511207
-0.00429342
-0.00311018
-0.00213599
-0.00145906
-0.00093897
-0.00033381
0.00035313
0.00096052
0.00185501
0.00309941
0.00441062
0.00572788
0.00707031
0.00813307
0.00853274
0.00815965
0.00771737
0.00805105
0.00876487
0.00904768
0.00878337
0.00838273
0.00820989
0.00830378
0.00847750
0.00845564
0.00797225
0.00713957
0.00619040
0.00557381
0.00578839
0.00658101
0.00723707
0.00745958
0.00763475
0.00799297
0.00845959
0.00908780
0.00973654
0.01011543
0.01017285
0.01006763
0.01012480
0.01063000
0.01132503
0.01175742
0.01177978
0.01158087
0.01142300
0.01142578
0.01141221
0.01119853
0.01111817
0.01117704
0.01080465
0.00964143
0.00806412
0.00677087
0.00584608
0.00502940
0.00418859
0.00328717
0.00241414
0.00159354
0.00103070
0.00063941
0.00012173
-0.00041070
-0.00069715
-0.00067846
-0.00051365
-0.00020253
0.00035727
0.00110657
0.00212000
0.00323893
0.00398752
0.00416331
0.00419249
0.00460213
0.00527648
0.00601142
0.00671810
0.00740418
0.00810019
0.00882838
0.00958378
0.01040051
0.01145243
0.01258389
0.01351961
0.01397446
0.01397812
0.01376690
0.01340302
0.01300718
0.01221931
0.01039283
0.00747942
0.00406892
0.00132742
-0.00013994
-0.00092009
-0.00196033
-0.00388201
-0.00643001
-0.00881721
-0.01056142
-0.01174804
-0.01257116
-0.01332028
-0.01412292
-0.01500462
-0.01580348
-0.01631345
-0.01673001
-0.01719947
-0.01757472
-0.01772314
-0.01768687
-0.01760486
-0.01757848
-0.01755875
-0.01718882
-0.01621822
-0.01501250
-0.01389384
-0.01275825
-0.01150744
-0.01034845
-0.00938122
-0.00862516
-0.00792662
-0.00731096
-0.00685167
-0.00630731
-0.00570030
-0.00520959
-0.00459844
-0.00361146
-0.00259518
-0.00195291
-0.00150669
-0.00110584
-0.00072501
-0.00014573
0.00053044
0.00107406
0.00160628
0.00222076
0.00297770
0.00367844
0.00414056
0.00460667
0.00526105
0.00614470
0.00693768
0.00729447
0.00707582
0.00634161
0.00557974
0.00524122
0.00520617
0.00512725
0.00516852
0.00539451
0.00560419
0.00565274
0.00557717
0.00535552
0.00483648
0.00423957
0.00406317
0.00460268
0.00543328
0.00593668
0.00592345
0.00564398
0.00544124
0.00559942
0.00624006
0.00699542
0.00759984
0.00813944
0.00855363
0.00873810
0.00871758
0.00842238
0.00778209
0.00694678
0.00607437
0.00529108
0.00438725
0.00335200
0.00259133
0.00236579
0.00270633
0.00325201
0.00333647
0.00313531
0.00345482
0.00466948
0.00627114
0.00735009
0.00753301
0.00716679
0.00681997
0.00678848
0.00698514
0.00697042
0.00642682
0.00569702
0.00507360
0.00451825
0.00412662
0.00398593
0.00400365
0.00381762
0.00300442
0.00175261
0.00079512
0.00053880
0.00059127
0.00033345
-0.00020523
-0.00064376
-0.00075250
-0.00065351
-0.00080051
-0.00138025
-0.00201421
-0.00234676
-0.00260432
-0.00334604
-0.00472290
-0.00620564
-0.00725755
-0.00757640
-0.00717578
-0.00655830
-0.00598926
-0.00547908
-0.00515314
-0.00507199
-0.00510264
-0.00483980
-0.00391877
-0.00265787
-0.00175942
-0.00132209
-0.00096766
-0.00031630
0.00083461
0.00214733
0.00321195
0.00389477
0.00419945
0.00452531
0.00540710
0.00690539
0.00842894
0.00929790
0.00960639
0.00984630
0.01016031
0.01044342
0.01058626
0.01059400
0.01052589
0.01022785
0.00965112
0.00912667
0.00894428
0.00903237
0.00885372
0.00794899
0.00641005
0.00465336
0.00328259
0.00247590
0.00206908
0.00198544
0.00234121
0.00296837
0.00342952
0.00358765
0.00384272
0.00444213
0.00536048
0.00626835
0.00681389
0.00720352
0.00772127
0.00850993
0.00936713
0.00989096
0.00995762
0.00972251
0.00928965
0.00907471
0.00934482
0.00987860
0.01055417
0.01120738
0.01156785
0.01148627
0.01089563
0.01014204
0.00973708
0.00979042
0.01003609
0.01018717
0.01024759
0.01055205
0.01108982
0.01142369
0.01110550
0.01035518
0.00977419
0.00955449
0.00930190
0.00872696
0.00781982
0.00684392
0.00597042
0.00541943
0.00513517
0.00474829
0.00424134
0.00386125
0.00359188
0.00313130
0.00241229
0.00153158
0.00069361
-0.00006275
-0.00079428
-0.00156781
-0.00216861
-0.00240962
-0.00236976
-0.00245769
-0.00298891
-0.00366035
-0.00404954
-0.00423697
-0.00440417
-0.00451649
-0.00478377
-0.00514786
-0.00539495
-0.00543568
-0.00535068
-0.00527088
-0.00526342
-0.00531028
-0.00535798
-0.00537238
-0.00532045
-0.00499219
-0.00432745
-0.00348935
-0.00270694
-0.00223707
-0.00189522
-0.00137827
-0.00060090
0.00027699
0.00091316
0.00143927
0.00225041
0.00321105
0.00396288
0.00483335
0.00594253
0.00674661
0.00665642
0.00578729
0.00472223
0.00424541
0.00454428
0.00483522
0.00455406
0.00395757
0.00354487
0.00351545
0.00372753
0.00391092
0.00401902
0.00434730
0.00488356
0.00539615
0.00594715
0.00649537
0.00681777
0.00684583
0.00672509
0.00663250
0.00644472
0.00561619
0.00435721
0.00345349
0.00342591
0.00424553
0.00519211
0.00560267
0.00542892
0.00506860
0.00504370
0.00564145
0.00646345
0.00708964
0.00757912
0.00810769
0.00882428
0.00951125
0.01001170
0.01051091
0.01113589
0.01191806
0.01258578
0.01287427
0.01281869
0.01265658
0.01258632
0.01264309
0.01274425
0.01279171
0.01256916
0.01194172
0.01126326
0.01094519
0.01084860
0.01051689
0.00978773
0.00861336
0.00712803
0.00573589
0.00477271
0.00413969
0.00337599
0.00188029
0.00000246
-0.00152962
-0.00261038
-0.00337243
-0.00379511
-0.00391109
-0.00387719
-0.00381621
-0.00354798
-0.00299863
-0.00268507
-0.00275064
-0.00276431
-0.00257032
-0.00232218
-0.00219080
-0.00223937
-0.00260380
-0.00328061
-0.00414085
-0.00492331
-0.00530967
-0.00528547
-0.00516256
-0.00539126
-0.00572491
-0.00570957
-0.00539905
-0.00510706
-0.00502565
-0.00505946
-0.00475319
-0.00385508
-0.00304813
-0.00303884
-0.00390158
-0.00508340
-0.00602682
-0.00623231
-0.00571186
-0.00509105
-0.00487376
-0.00506696
-0.00546190
-0.00614076
-0.00718402
-0.00816766
-0.00862447
-0.00865262
-0.00894586
-0.00981470
-0.01055178
-0.01070001
-0.01072582
-0.01100557
-0.01138859
-0.01161120
-0.01161349
-0.01142585
-0.01080665
-0.00969142
-0.00864911
-0.00835602
-0.00899670
-0.01008816
-0.01097293
-0.01118026
-0.01109044
-0.01112988
-0.01133124
-0.01155051
-0.01166694
-0.01165874
-0.01144704
-0.01088668
-0.01006648
-0.00915232
-0.00834137
-0.00747685
-0.00644684
-0.00543836
-0.00456217
-0.00399652
-0.00381489
-0.00402956
-0.00464660
-0.00529727
-0.00557895
-0.00547939
-0.00527888
-0.00519467
-0.00524085
-0.00534136
-0.00542591
-0.00544131
-0.00538378
-0.00531081
-0.00526639
-0.00506585
-0.00452513
-0.00393335
-0.00363868
-0.00367183
-0.00362238
-0.00312588
-0.00265513
-0.00282788
-0.00365735
-0.00476535
-0.00571852
-0.00640770
-0.00676702
-0.00706078
-0.00758960
-0.00815123
-0.00846390
-0.00849466
-0.00835830
-0.00797904
-0.00732158
-0.00650474
-0.00572888
-0.00529654
-0.00521337
-0.00499527
-0.00411848
-0.00259297
-0.00108087
-0.00029001
-0.00004952
0.00043299
0.00138010
0.00223295
0.00229828
0.00151407
0.00034210
-0.00085940
-0.00155322
-0.00139590
-0.00076535
-0.00006101
0.00048367
0.00050093
0.00023700
0.00021042
0.00047696
0.00078071
0.00091217
0.00086191
0.00075093
0.00063283
0.00022547
-0.00071992
-0.00181988
-0.00246319
-0.00248823
-0.00220271
-0.00189631
-0.00138297
-0.00036886
0.00112485
0.00274600
0.00387157
0.00417160
0.00392538
0.00363138
0.00367352
0.00427006
0.00510101
0.00577861
0.00633558
0.00675304
0.00693962
0.00679146
0.00637527
0.00608080
0.00588113
0.00582151
0.00596648
0.00595209
0.00570502
0.00544940
0.00555362
0.00617300
0.00687814
0.00721623
0.00712785
0.00668111
0.00596763
0.00521126
0.00472953
0.00461785
0.00476500
0.00513013
0.00547289
0.00555965
0.00518977
0.00446324
0.00385842
0.00368582
0.00385237
0.00400512
0.00361979
0.00249346
0.00120035
0.00046821
0.00045437
0.00079082
0.00105107
0.00106137
0.00090596
0.00075820
0.00062534
0.00024567
-0.00032864
-0.00086737
-0.00143379
-0.00197334
-0.00228682
-0.00232721
-0.00223060
-0.00215343
-0.00201647
-0.00157594
-0.00084143
0.00005762
0.00105252
0.00232978
0.00352451
0.00413519
0.00442502
0.00534562
0.00699427
0.00842129
0.00891520
0.00843108
0.00742082
0.00665360
0.00652119
0.00682616
0.00713816
0.00720176
0.00702029
0.00655600
0.00585357
0.00505158
0.00431466
0.00385995
0.00350298
0.00296268
0.00217545
0.00131742
0.00067926
-0.00009132
-0.00119787
-0.00212724
-0.00257641
-0.00316466
-0.00418067
-0.00517724
-0.00594877
-0.00642525
-0.00631167
-0.00570550
-0.00513683
-0.00494899
-0.00508519
-0.00528871
-0.00546442
-0.00575645
-0.00585876
-0.00558906
-0.00520690
-0.00501217
-0.00516885
-0.00563019
-0.00585571
-0.00562726
-0.00522924
-0.00499361
-0.00486574
-0.00449766
-0.00380276
-0.00291284
-0.00218879
-0.00170704
-0.00123058
-0.00098344
-0.00111944
-0.00137114
-0.00170730
-0.00179648
-0.00113498
0.00012906
0.00117979
0.00150876
0.00151730
0.00177889
0.00226286
0.00264601
0.00271674
0.00231581
0.00157490
0.00099001
0.00086563
0.00108669
0.00133298
0.00139728
0.00129559
0.00116448
0.00111016
0.00114133
0.00125912
0.00160491
0.00188722
0.00177301
0.00140220
0.00112338
0.00119988
0.00178273
0.00255560
0.00312615
0.00369840
0.00458765
0.00552704
0.00597767
0.00559870
0.00477314
0.00418615
0.00398295
0.00390383
0.00404768
0.00435411
0.00443637
0.00382895
0.00260287
0.00149643
0.00108788
0.00112763
0.00093856
0.00045670
0.00004821
0.00012011
0.00056424
0.00072798
0.00066612
0.00085938
0.00129029
0.00164080
0.00171856
0.00159816
0.00147857
0.00146762
0.00153886
0.00161071
0.00159769
0.00121389
-0.00001776
-0.00183008
-0.00318908
-0.00352099
-0.00311802
-0.00264208
-0.00257740
-0.00315120
-0.00404882
-0.00466501
-0.00474522
-0.00444683
-0.00389841
-0.00351901
-0.00339028
-0.00326246
-0.00299942
-0.00249892
-0.00216573
-0.00222096
-0.00218208
-0.00179381
-0.00131854
-0.00107176
-0.00120025
-0.00179228
-0.00254997
-0.00291214
-0.00256641
-0.00211691
-0.00213394
-0.00248690
-0.00278748
-0.00283978
-0.00271197
-0.00257580
-0.00254642
-0.00262463
-0.00286381
-0.00339625
-0.00383413
-0.00362824
-0.00294295
-0.00222959
-0.00159906
-0.00116131
-0.00100497
-0.00104022
-0.00110126
-0.00109629
-0.00101869
-0.00093168
-0.00089291
-0.00090764
-0.00095233
-0.00117501
-0.00152977
-0.00154058
-0.00092459
0.00035901
0.00176013
0.00258399
0.00290152
0.00321286
0.00384427
0.00471615
0.00538071
0.00557527
0.00546231
0.00554351
0.00586131
0.00600982
0.00614758
0.00652127
0.00689153
0.00675031
0.00604116
0.00505049
0.00417194
0.00349841
0.00299411
0.00270548
0.00263496
0.00274417
0.00316112
0.00372830
0.00389111
0.00370622
0.00333683
0.00294860
0.00274376
0.00276012
0.00287613
0.00305054
0.00339677
0.00365001
0.00385615
0.00413642
0.00426182
0.00390979
0.00329293
0.00286912
0.00282637
0.00301218
0.00317516
0.00318387
0.00293899
0.00221911
0.00110537
0.00017143
-0.00016718
-0.00021803
-0.00055386
-0.00130740
-0.00226367
-0.00293925
-0.00309647
-0.00290897
-0.00269046
-0.00244209
-0.00223383
-0.00230802
-0.00236728
-0.00225861
-0.00207004
-0.00196873
-0.00217791
-0.00254405
-0.00278638
-0.00288923
-0.00339811
-0.00420208
-0.00462285
-0.00443298
-0.00369684
-0.00282278
-0.00232891
-0.00234312
-0.00266646
-0.00322377
-0.00381254
-0.00424587
-0.00470510
-0.00521049
-0.00555027
-0.00561022
-0.00550039
-0.00541393
-0.00542371
-0.00538129
-0.00495590
-0.00413976
-0.00314559
-0.00240594
-0.00218083
-0.00233203
-0.00252937
-0.00241041
-0.00177244
-0.00085557
0.00005176
0.00063895
0.00099839
0.00169223
0.00301493
0.00455512
0.00573543
0.00644260
0.00671794
0.00672074
0.00666285
0.00664955
0.00626148
0.00520689
0.00433249
0.00437656
0.00499000
0.00522832
0.00464934
0.00349854
0.00211392
0.00095254
0.00042954
0.00051643
0.00080599
0.00092682
0.00080998
0.00061146
0.00049780
0.00051346
0.00059377
0.00065416
0.00065882
0.00062676
0.00059802
0.00069691
0.00127125
0.00230787
0.00307814
0.00318410
0.00236718
0.00109889
0.00045621
0.00128980
0.00299110
0.00422583
0.00428918
0.00322166
0.00173365
0.00087153
0.00088410
0.00139066
0.00158512
0.00121567
0.00066601
0.00034793
0.00007183
-0.00074242
-0.00185456
-0.00259724
-0.00285810
-0.00325495
-0.00417789
-0.00520120
-0.00574123
-0.00551800
-0.00487679
-0.00443828
-0.00399741
-0.00328076
-0.00258276
-0.00225394
-0.00230172
-0.00248119
-0.00256923
-0.00251617
-0.00240717
-0.00230883
-0.00207723
-0.00179639
-0.00153108
-0.00092532
-0.00000690
0.00070238
0.00091418
0.00101506
0.00141803
0.00196128
0.00230541
0.00233962
0.00220327
0.00209012
0.00214544
0.00258332
0.00327988
0.00379897
0.00391082
0.00368525
0.00313907
0.00247381
0.00199729
0.00157202
0.00107325
0.00067460
0.00052155
0.00056516
0.00065323
0.00067792
0.00063313
0.00057348
0.00054413
0.00045296
0.00011721
-0.00008089
0.00012821
0.00051360
0.00074554
0.00053593
-0.00048042
-0.00186227
-0.00274447
-0.00281694
-0.00243675
-0.00212468
-0.00213038
-0.00236775
-0.00258897
-0.00262647
-0.00251319
-0.00238681
-0.00235169
-0.00241019
-0.00248460
-0.00252835
-0.00253606
-0.00252324
-0.00250085
-0.00246627
-0.00243253
-0.00241727
-0.00242354
-0.00223489
-0.00146042
-0.00025745
0.00067272
0.00092051
0.00068440
0.00040798
0.00034112
0.00046253
0.00061543
0.00066778
0.00040496
-0.00027369
-0.00096394
-0.00125562
-0.00112799
-0.00085678
-0.00052539
-0.00023466
-0.00053015
-0.00128857
-0.00168020
-0.00164869
-0.00174015
-0.00210784
-0.00276632
-0.00379541
-0.00490546
-0.00561249
-0.00602838
-0.00671271
-0.00771214
-0.00854890
-0.00913654
-0.00987269
-0.01080280
-0.01150888
-0.01172729
-0.01158904
-0.01136692
-0.01100174
-0.01020867
-0.00916724
-0.00842396
-0.00816857
-0.00777266
-0.00674300
-0.00533164
-0.00387103
-0.00273345
-0.00223140
-0.00228013
-0.00256858
-0.00299090
-0.00323615
-0.00326602
-0.00306487
-0.00265245
-0.00229635
-0.00219270
-0.00231325
-0.00248086
-0.00253113
-0.00244803
-0.00233284
-0.00228162
-0.00232505
-0.00241538
-0.00247892
-0.00248504
-0.00245542
-0.00248614
-0.00278998
-0.00306767
-0.00295609
-0.00266777
-0.00289328
-0.00393837
-0.00518052
-0.00576885
-0.00520934
-0.00385535
-0.00293390
-0.00297134
-0.00325170
-0.00315535
-0.00274976
-0.00238739
-0.00227810
-0.00247748
-0.00316593
-0.00430392
-0.00533083
-0.00575176
-0.00561850
-0.00535171
-0.00547016
-0.00649871
-0.00807354
-0.00940056
-0.00972391
-0.00911392
-0.00834883
-0.00790557
-0.00761783
-0.00750410
-0.00767571
-0.00757932
-0.00710750
-0.00713658
-0.00768317
-0.00777090
-0.00690708
-0.00572247
-0.00504920
-0.00509145
-0.00547262
-0.00574310
-0.00587780
-0.00604776
-0.00598514
-0.00565510
-0.00534684
-0.00511314
-0.00455587
-0.00352658
-0.00254467
-0.00212307
-0.00223095
-0.00249457
-0.00260673
-0.00251751
-0.00235888
-0.00226852
-0.00228291
-0.00234930
-0.00239963
-0.00242799
-0.00264169
-0.00301213
-0.00325334
-0.00351939
-0.00401293
-0.00476692
-0.00541264
-0.00565462
-0.00555189
-0.00536739
-0.00530077
-0.00537137
-0.00548113
-0.00553767
-0.00552220
-0.00547503
-0.00547152
-0.00574635
-0.00656485
-0.00743561
-0.00737477
-0.00635907
-0.00530892
-0.00491733
-0.00515487
-0.00556948
-0.00576827
-0.00567973
-0.00547479
-0.00532981
-0.00530139
-0.00535010
-0.00540432
-0.00538577
-0.00503950
-0.00413596
-0.00321464
-0.00304271
-0.00375060
-0.00486669
-0.00588007
-0.00659942
-0.00717662
-0.00773775
-0.00812633
-0.00823820
-0.00811249
-0.00766276
-0.00700655
-0.00646228
-0.00598154
-0.00548838
-0.00511495
-0.00495653
-0.00494970
-0.00490891
-0.00450557
-0.00374484
-0.00279354
-0.00201484
-0.00205763
-0.00312575
-0.00436532
-0.00434290
-0.00295603
-0.00145857
-0.00085571
-0.00113428
-0.00165909
-0.00189389
-0.00161494
-0.00066116
0.00014217
0.00018134
-0.00036987
-0.00077048
-0.00053876
-0.00001891
0.00000024
-0.00068110
-0.00175355
-0.00275383
-0.00354380
-0.00405881
-0.00422879
-0.00416018
-0.00405277
-0.00401771
-0.00404563
-0.00396993
-0.00341551
-0.00229030
-0.00114922
-0.00058964
-0.00066258
-0.00098297
-0.00126026
-0.00162639
-0.00215024
-0.00276938
-0.00303018
-0.00275094
-0.00218645
-0.00146764
-0.00081517
-0.00048968
-0.00040976
-0.00012082
0.00035900
0.00041971
-0.00005331
-0.00048701
-0.00033535
0.00020475
0.00112794
0.00217492
0.00282896
0.00291661
0.00268759
0.00249507
0.00251194
0.00267793
0.00282598
0.00288358
0.00288491
0.00287674
0.00287977
0.00289275
0.00290637
0.00292313
0.00295602
0.00300649
0.00334922
0.00440345
0.00600348
0.00779494
0.00910752
0.00954455
0.00934241
0.00903330
0.00896118
0.00898656
0.00884642
0.00866262
0.00836450
0.00786078
0.00713755
0.00646919
0.00600544
0.00553841
0.00492708
0.00414118
0.00346299
0.00316718
0.00322191
0.00338696
0.00345975
0.00340289
0.00328275
0.00286239
0.00181841
0.00062047
-0.00004511
-0.00001384
0.00034196
0.00058021
0.00054146
0.00034858
0.00018658
-0.00004707
-0.00035412
-0.00031988
0.00003002
0.00016065
-0.00011875
-0.00026710
-0.00007114
0.00024909
0.00045241
0.00085881
0.00188598
0.00302604
0.00361388
0.00355234
0.00322389
0.00304157
0.00313614
0.00334499
0.00344656
0.00319580
0.00252107
0.00185276
0.00179985
0.00250745
0.00295262
0.00239816
0.00159467
0.00109348
0.00099820
0.00136470
0.00186501
0.00209236
0.00175086
0.00097693
0.00031927
0.00011975
0.00030392
0.00056989
0.00066558
0.00057392
0.00044354
0.00039173
0.00042766
0.00049150
0.00052691
0.00052058
0.00049446
0.00047571
0.00054299
0.00113407
0.00236331
0.00351860
0.00398209
0.00383368
0.00379732
0.00451477
0.00554820
0.00620929
0.00646512
0.00649608
0.00648618
0.00653463
0.00662692
0.00677083
0.00733944
0.00823352
0.00867201
0.00820914
0.00719824
0.00642319
0.00628160
0.00657735
0.00688397
0.00682925
0.00593118
0.00445936
0.00335231
0.00298939
0.00259197
0.00169595
0.00075027
0.00026775
0.00030058
0.00048467
0.00020386
-0.00083862
-0.00211021
-0.00284880
-0.00291296
-0.00298386
-0.00374554
-0.00482420
-0.00499702
-0.00419670
-0.00315417
-0.00250293
-0.00273322
-0.00360886
-0.00436970
-0.00465033
-0.00472176
-0.00450222
-0.00384357
-0.00337280
-0.00351915
-0.00400608
-0.00445467
-0.00490413
-0.00532533
-0.00555556
-0.00556646
-0.00548585
-0.00546231
-0.00552974
-0.00561933
-0.00554321
-0.00489763
-0.00368660
-0.00258163
-0.00199234
-0.00151239
-0.00072377
0.00012787
0.00061096
0.00063626
0.00044371
0.00030907
0.00033388
0.00045479
0.00070306
0.00108504
0.00116841
0.00084835
0.00045071
0.00027442
0.00034646
0.00050291
0.00058666
0.00057113
0.00073116
0.00148586
0.00266796
0.00357870
0.00381702
0.00356982
0.00327632
0.00322375
0.00340233
0.00361542
0.00370457
0.00365909
0.00356844
0.00351791
0.00352800
0.00355533
0.00354676
0.00329341
0.00246316
0.00125090
0.00035152
0.00013834
0.00039889
0.00068835
0.00081230
0.00126238
0.00234914
0.00347254
0.00398124
0.00383615
0.00346890
0.00328527
0.00338964
0.00362690
0.00378853
0.00379376
0.00370444
0.00362522
0.00366864
0.00407019
0.00479845
0.00568236
0.00631983
0.00591356
0.00457652
0.00338439
0.00305597
0.00342745
0.00389767
0.00404805
0.00375298
0.00272281
0.00125986
0.00022977
0.00004811
0.00042977
0.00082323
0.00084421
0.00029042
-0.00062129
-0.00159697
-0.00234698
-0.00264700
-0.00257389
-0.00239697
-0.00213464
-0.00131119
-0.00011948
0.00069850
0.00081308
0.00050406
0.00033163
0.00087867
0.00217488
0.00348006
0.00407813
0.00401592
0.00411918
0.00498406
0.00618737
0.00695448
0.00701516
0.00666330
0.00635867
0.00634871
0.00655385
0.00675123
0.00680460
0.00673478
0.00664272
0.00659481
0.00657128
0.00626101
0.00525826
0.00415472
0.00377694
0.00419501
0.00515300
0.00564780
0.00518811
0.00454799
0.00442619
0.00493282
0.00586420
0.00667755
0.00696990
0.00680276
0.00636969
0.00573460
0.00532374
0.00562016
0.00636060
0.00691919
0.00699613
0.00675247
0.00651494
0.00646868
0.00657876
0.00670613
0.00675269
0.00671747
0.00663856
0.00618372
0.00505128
0.00384368
0.00324890
0.00353425
0.00443732
0.00503271
0.00468719
0.00381344
0.00316499
0.00290070
0.00264309
0.00210456
0.00125869
0.00052936
0.00025117
0.00036101
0.00056681
0.00064440
0.00056931
0.00044878
0.00038557
0.00040184
0.00045382
0.00048959
0.00045587
0.00017966
-0.00018173
-0.00044808
-0.00096765
-0.00180741
-0.00245015
-0.00211891
-0.00078405
0.00054087
0.00104013
0.00076221
0.00028630
0.00009884
0.00025473
0.00050493
0.00062696
0.00058254
0.00046996
0.00032915
-0.00021259
-0.00104277
-0.00124655
-0.00078294
-0.00043947
-0.00056450
-0.00090068
-0.00087771
-0.00036698
-0.00025769
-0.00112300
-0.00230999
-0.00301638
-0.00330717
-0.00362099
-0.00427187
-0.00510355
-0.00567958
-0.00581541
-0.00566851
-0.00550951
-0.00548470
-0.00555236
-0.00560965
-0.00560984
-0.00557125
-0.00553836
-0.00555128
-0.00548386
-0.00477572
-0.00348849
-0.00243445
-0.00213030
-0.00240272
-0.00275382
-0.00285122
-0.00264313
-0.00207676
-0.00135776
-0.00095339
-0.00127063
-0.00208972
-0.00269647
-0.00241212
-0.00115220
0.00028664
0.00100717
0.00086682
0.00037864
0.00008775
0.00015841
0.00041008
0.00059349
0.00060471
0.00050496
0.00041087
0.00038792
0.00042787
0.00066534
0.00136176
0.00175172
0.00133375
0.00047853
-0.00051244
-0.00145784
-0.00172327
-0.00095187
0.00021953
0.00091191
0.00087669
0.00049783
0.00024582
0.00028729
0.00049204
0.00065446
0.00067781
0.00060289
0.00052417
0.00050023
0.00052615
0.00056292
0.00057745
0.00046959
-0.00008287
-0.00116887
-0.00224673
-0.00274918
-0.00263861
-0.00200214
-0.00093086
-0.00020724
-0.00012009
-0.00026536
-0.00051838
-0.00078693
-0.00092600
-0.00089904
-0.00064517
-0.00006158
0.00043145
0.00025844
-0.00058638
-0.00169471
-0.00243594
-0.00254706
-0.00227420
-0.00202170
-0.00199674
-0.00232334
-0.00300746
-0.00365537
-0.00410606
-0.00415859
-0.00342769
-0.00259155
-0.00234903
-0.00242360
-0.00243583
-0.00228886
-0.00208414
-0.00197320
-0.00220379
-0.00260431
-0.00287282
-0.00285289
-0.00245479
-0.00195899
-0.00166844
-0.00164739
-0.00176322
-0.00185197
-0.00181046
-0.00145032
-0.00073670
0.00016488
0.00104960
0.00184699
0.00251937
0.00264115
0.00212760
0.00164214
0.00217552
0.00364401
0.00495522
0.00538122
0.00505978
0.00459923
0.00445107
0.00463552
0.00492130
0.00509332
0.00504583
0.00459398
0.00381633
0.00291980
0.00220337
0.00191820
0.00199884
0.00218239
0.00227461
0.00224050
0.00214840
0.00189478
0.00102377
-0.00021519
-0.00116308
-0.00183002
-0.00259598
-0.00328375
-0.00321088
-0.00219987
-0.00098822
-0.00036028
-0.00044005
-0.00080930
-0.00100919
-0.00091110
-0.00066821
-0.00020366
0.00080623
0.00197638
0.00266594
0.00270531
0.00241583
0.00220192
0.00222736
0.00239812
0.00256297
0.00294242
0.00396280
0.00520669
0.00594009
0.00596165
0.00563891
0.00543213
0.00549956
0.00570822
0.00586103
0.00587496
0.00579045
0.00532519
0.00437186
0.00353215
0.00303790
0.00288077
0.00292125
0.00297446
0.00274166
0.00187486
0.00060234
-0.00032467
-0.00050562
-0.00017062
0.00018453
0.00027618
0.00014918
-0.00000998
-0.00010247
-0.00034391
-0.00090082
-0.00168661
-0.00227417
-0.00240021
-0.00215309
-0.00170282
-0.00159374
-0.00208830
-0.00276618
-0.00313003
-0.00304113
-0.00250743
-0.00175706
-0.00144122
-0.00154421
-0.00128947
-0.00054237
-0.00004655
-0.00003695
-0.00040063
-0.00086509
-0.00084357
-0.00028849
0.00007683
0.00003588
-0.00039312
-0.00123786
-0.00193809
-0.00224251
-0.00236878
-0.00246232
-0.00254798
-0.00260569
-0.00260947
-0.00257101
-0.00243519
-0.00188924
-0.00082400
0.00024393
0.00085676
0.00133561
0.00214867
0.00299506
0.00303785
0.00200357
0.00067561
-0.00003103
0.00006523
0.00051003
0.00079234
0.00073986
0.00041516
-0.00009951
-0.00031843
-0.00003863
0.00026234
0.00014468
-0.00002500
0.00007274
0.00033734
0.00053024
0.00040501
-0.00017871
-0.00088626
-0.00142207
-0.00191117
-0.00250233
-0.00310886
-0.00325994
-0.00292471
-0.00249922
-0.00232621
-0.00244694
-0.00266398
-0.00277942
-0.00274749
-0.00264966
-0.00258380
-0.00258477
-0.00261250
-0.00261369
-0.00240510
-0.00184071
-0.00122648
-0.00071088
-0.00015928
0.00030569
0.00051589
0.00049316
0.00040559
0.00058795
0.00141165
0.00265925
0.00359814
0.00382575
0.00355334
0.00324414
0.00318231
0.00335407
0.00357591
0.00375441
0.00428436
0.00509366
0.00525813
0.00458415
0.00419976
0.00465121
0.00504628
0.00490868
0.00443609
0.00386025
0.00347908
0.00341579
0.00354775
0.00367337
0.00368592
0.00361151
0.00353429
0.00350966
0.00353390
0.00356979
0.00352884
0.00309457
0.00217766
0.00174808
0.00237578
0.00341527
0.00404240
0.00402688
0.00362125
0.00291126
0.00184988
0.00080621
0.00026992
0.00029869
0.00056083
0.00071275
0.00065137
0.00049228
0.00058202
0.00148298
0.00286481
0.00373378
0.00334643
0.00188522
0.00042539
-0.00014748
0.00015158
0.00068481
0.00090909
0.00074905
0.00045799
0.00029266
0.00031972
0.00044123
0.00053100
0.00053090
0.00032762
-0.00022757
-0.00101150
-0.00171509
-0.00196846
-0.00188312
-0.00167725
-0.00176581
-0.00218547
-0.00277913
-0.00328894
-0.00325308
-0.00279285
-0.00237396
-0.00227456
-0.00243066
-0.00263978
-0.00296007
-0.00371983
-0.00482557
-0.00567873
-0.00591788
-0.00567445
-0.00512527
-0.00443282
-0.00371542
-0.00305492
-0.00263875
-0.00252262
-0.00258246
-0.00264800
-0.00263461
-0.00256470
-0.00250298
-0.00248775
-0.00251052
-0.00253953
-0.00255140
-0.00254452
-0.00253145
-0.00252407
-0.00252536
-0.00253078
-0.00253467
-0.00253476
-0.00253247
-0.00253034
-0.00252979
-0.00253049
-0.00253137
-0.00253166
-0.00252619
-0.00228985
-0.00134718
-0.00005869
0.00079464
0.00091166
0.00058465
0.00026942
0.00021278
0.00036538
0.00053765
0.00059712
0.00054476
0.00046223
0.00042063
0.00043319
0.00046885
0.00049255
0.00050291
0.00071420
0.00129588
0.00190596
0.00221872
0.00241897
0.00261094
0.00276194
0.00282566
0.00285908
0.00309237
0.00339980
0.00333461
0.00279270
0.00245071
0.00279605
0.00347792
0.00385070
0.00339720
0.00210919
0.00072993
0.00004636
0.00015246
0.00057654
0.00084589
0.00081164
0.00069595
0.00106409
0.00213416
0.00331523
0.00392050
0.00385292
0.00350755
0.00330548
0.00338407
0.00358602
0.00370967
0.00369322
0.00359750
0.00336641
0.00268886
0.00156111
0.00056310
0.00017626
0.00034219
0.00067082
0.00081768
0.00070437
0.00048999
0.00036039
0.00037233
0.00045952
0.00054110
0.00058568
0.00059152
0.00057596
0.00054878
0.00051082
0.00047984
0.00046996
0.00047768
0.00050167
0.00054013
0.00055698
0.00053045
0.00048688
0.00046141
0.00046386
0.00048002
0.00049163
0.00049372
0.00050561
0.00053925
0.00057537
0.00068060
0.00124327
0.00176649
0.00155754
0.00086749
0.00030998
0.00019439
0.00041564
0.00067648
0.00088662
0.00156229
0.00273944
0.00372045
0.00402983
0.00380171
0.00347043
0.00336710
0.00351197
0.00371658
0.00380949
0.00357009
0.00257642
0.00120375
0.00040050
0.00063792
0.00118951
0.00132548
0.00101821
0.00062453
0.00043425
0.00049867
0.00066110
0.00073940
0.00069170
0.00058326
0.00021407
-0.00077365
-0.00159323
-0.00115259
0.00012062
0.00109381
0.00120901
0.00075496
0.00031275
0.00004238
-0.00009964
-0.00032087
-0.00128744
-0.00245008
-0.00276451
-0.00246881
-0.00217827
-0.00218238
-0.00239068
-0.00256925
-0.00260112
-0.00253562
-0.00245488
-0.00242001
-0.00248366
-0.00279385
-0.00313832
-0.00313496
-0.00304623
-0.00303480
-0.00327847
-0.00405562
-0.00506715
-0.00571479
-0.00566600
-0.00467271
-0.00319268
-0.00217671
-0.00201890
-0.00232326
-0.00223298
-0.00126133
0.00002470
0.00045858
-0.00048810
-0.00198284
-0.00268139
-0.00174149
-0.00000285
0.00095670
0.00092860
0.00061124
0.00050285
0.00067808
0.00094712
0.00111405
0.00114034
0.00109468
0.00106172
0.00109972
0.00119967
0.00129491
0.00133284
0.00131071
0.00112442
0.00062303
0.00020708
0.00044704
0.00117481
0.00178026
0.00191889
0.00171243
0.00135070
0.00083345
0.00036449
0.00017902
0.00045756
0.00099193
0.00113378
0.00061479
-0.00033701
-0.00107847
-0.00124775
-0.00100461
-0.00071777
-0.00061380
-0.00067988
-0.00076020
-0.00074763
-0.00066397
-0.00057549
-0.00032385
0.00026723
0.00087154
0.00093889
0.00055926
0.00019941
0.00015164
0.00033943
0.00055144
0.00062904
0.00061367
0.00075939
0.00079646
0.00052618
0.00065456
0.00163692
0.00281616
0.00341834
0.00332281
0.00294257
0.00271401
0.00270776
0.00258090
0.00246774
0.00265355
0.00299877
0.00322602
0.00323345
0.00311795
0.00302508
0.00302150
0.00307842
0.00313845
0.00318094
0.00320335
0.00320725
0.00320168
0.00319736
0.00319494
0.00300370
0.00213284
0.00085726
-0.00002546
-0.00016052
0.00036413
0.00156996
0.00291329
0.00349352
0.00294577
0.00176929
0.00061518
0.00000889
0.00004548
0.00037542
0.00059177
0.00054766
0.00035939
0.00021235
0.00019359
0.00026472
0.00033911
0.00037628
0.00039351
0.00021161
-0.00035166
-0.00098907
-0.00151358
-0.00203275
-0.00244900
-0.00264180
-0.00262615
-0.00250686
-0.00241836
-0.00238579
-0.00218791
-0.00192766
-0.00196032
-0.00197377
-0.00136546
-0.00025527
0.00065313
0.00093438
0.00072819
0.00043909
0.00033007
0.00041141
0.00056753
0.00067317
0.00066448
0.00059474
0.00055201
0.00056415
0.00060335
0.00063188
0.00062787
0.00048681
-0.00010519
-0.00121591
-0.00229613
-0.00278864
-0.00268304
-0.00237159
-0.00221525
-0.00229611
-0.00247509
-0.00258869
-0.00258956
-0.00253705
-0.00248541
-0.00246173
-0.00246750
-0.00248528
-0.00249665
-0.00249523
-0.00247434
-0.00215629
-0.00114647
0.00010866
0.00087085
0.00091039
0.00055157
0.00026049
0.00025302
0.00043716
0.00060820
0.00064831
0.00058058
0.00049691
0.00046398
0.00049589
0.00077298
0.00163718
0.00286928
0.00376029
0.00393594
0.00362348
0.00330034
0.00326003
0.00346291
0.00368567
0.00376414
0.00361704
0.00289994
0.00168130
0.00114880
0.00197203
0.00333769
0.00416575
0.00413343
0.00365880
0.00330370
0.00330377
0.00352970
0.00372962
0.00387112
0.00450783
0.00564016
0.00634733
0.00641966
0.00634095
0.00640370
0.00658576
0.00674657
0.00680162
0.00670663
0.00620464
0.00514284
0.00398774
0.00336142
0.00338140
0.00369215
0.00389399
0.00384889
0.00367102
0.00353954
0.00355016
0.00366078
0.00375640
0.00375569
0.00368034
0.00360782
0.00358681
0.00360760
0.00353373
0.00308750
0.00252564
0.00251693
0.00290027
0.00261879
0.00172331
0.00136304
0.00139096
0.00120836
0.00081333
0.00050238
0.00063849
0.00154022
0.00240698
0.00221388
0.00117441
0.00024717
0.00001058
0.00032366
0.00071586
0.00086250
0.00073689
0.00052400
0.00040734
0.00043112
0.00052091
0.00058458
0.00058626
0.00055004
0.00052743
0.00055369
0.00060515
0.00077128
0.00110795
0.00119570
0.00089890
0.00036152
-0.00048302
-0.00157301
-0.00242385
-0.00269826
-0.00252098
-0.00208002
-0.00166119
-0.00173815
-0.00220629
-0.00263431
-0.00275602
-0.00260676
-0.00240506
-0.00232303
-0.00237555
-0.00247160
-0.00252395
-0.00252268
-0.00271710
-0.00350762
-0.00472585
-0.00564968
-0.00587189
-0.00559536
-0.00487655
-0.00365394
-0.00254822
-0.00211662
-0.00229659
-0.00263481
-0.00276671
-0.00264618
-0.00244609
-0.00233751
-0.00236075
-0.00244582
-0.00250643
-0.00250877
-0.00247473
-0.00244358
-0.00243658
-0.00244886
-0.00246359
-0.00246898
-0.00246481
-0.00245786
-0.00245417
-0.00245565
-0.00247173
-0.00249586
-0.00249721
-0.00247546
-0.00245270
-0.00244481
-0.00245076
-0.00245985
-0.00246591
-0.00248268
-0.00251565
-0.00249667
-0.00221609
-0.00186330
-0.00188202
-0.00222503
-0.00255091
-0.00264222
-0.00253708
-0.00240080
-0.00235218
-0.00239297
-0.00244423
-0.00249181
-0.00277314
-0.00340025
-0.00421302
-0.00477905
-0.00489966
-0.00472808
-0.00458925
-0.00482238
-0.00527079
-0.00558923
-0.00562980
-0.00549559
-0.00536924
-0.00534833
-0.00540996
-0.00547777
-0.00614075
-0.00612376
-0.00609543
-0.00608305
-0.00602082
-0.00543949
-0.00421033
-0.00306203
-0.00261424
-0.00281046
-0.00317736
-0.00336465
-0.00350635
-0.00364869
-0.00378394
-0.00411849
-0.00471018
-0.00498453
-0.00467085
-0.00457461
-0.00513363
-0.00590165
-0.00633749
-0.00632849
-0.00610919
-0.00595416
-0.00596685
-0.00607789
-0.00616910
-0.00618172
-0.00625565
-0.00695962
-0.00817965
-0.00880269
-0.00811040
-0.00670408
-0.00568802
-0.00554101
-0.00595113
-0.00634274
-0.00640102
-0.00619439
-0.00596605
-0.00588222
-0.00593944
-0.00603409
-0.00607733
-0.00605326
-0.00600091
-0.00596365
-0.00595616
-0.00596544
-0.00597141
-0.00596424
-0.00594134
-0.00590157
-0.00586944
-0.00584553
-0.00581456
-0.00576911
-0.00573264
-0.00570585
-0.00567917
-0.00565464
-0.00563647
-0.00561783
-0.00557266
-0.00549079
-0.00540666
-0.00535900
-0.00535119
-0.00535855
-0.00535663
-0.00533861
-0.00530680
-0.00525597
-0.00519000
-0.00511882
-0.00506342
-0.00503594
-0.00501877
-0.00498171
-0.00493752
-0.00491505
-0.00489955
-0.00486560
-0.00479732
-0.00456517
-0.00385260
-0.00269917
-0.00169680
-0.00131731
-0.00146304
-0.00172589
-0.00180643
-0.00167267
-0.00146238
-0.00132798
-0.00131918
-0.00138021
-0.00142822
-0.00142205
-0.00155300
-0.00185119
-0.00187453
-0.00155500
-0.00119408
-0.00104270
-0.00111534
-0.00145274
-0.00225183
-0.00333175
-0.00411861
-0.00431695
-0.00409513
-0.00381319
-0.00371529
-0.00380297
-0.00393224
-0.00398061
-0.00393104
-0.00384375
-0.00378218
-0.00376566
-0.00377109
-0.00375473
-0.00369957
-0.00363370
-0.00358891
-0.00357111
-0.00356508
-0.00358554
-0.00383264
-0.00432832
-0.00452943
-0.00410665
-0.00339575
-0.00266107
-0.00179429
-0.00088295
-0.00028888
-0.00015650
-0.00027961
-0.00035737
-0.00026938
-0.00009760
0.00004065
0.00009718
0.00008877
0.00006591
0.00008092
0.00013997
0.00020838
0.00028210
0.00036012
0.00041633
0.00043727
0.00043921
0.00045917
0.00050978
0.00058000
0.00064741
0.00070675
0.00077106
0.00083667
0.00089812
0.00094811
0.00097675
0.00098591
0.00099090
0.00101727
0.00106850
0.00113267
0.00124323
0.00156234
0.00181643
0.00171116
0.00140375
0.00118651
0.00117906
0.00135333
0.00175051
0.00203702
0.00190925
0.00154924
0.00129159
0.00127704
0.00141347
0.00153680
0.00156112
0.00150969
0.00145492
0.00152810
0.00186485
0.00216669
0.00246649
0.00306840
0.00380239
0.00425741
0.00429212
0.00408770
0.00392536
0.00393396
0.00404864
0.00414302
0.00415573
0.00426746
0.00494180
0.00589788
0.00617689
0.00537455
0.00418766
0.00350871
0.00356384
0.00395500
0.00409071
0.00353659
0.00250708
0.00175174
0.00144916
0.00140985
0.00143885
0.00142972
0.00137182
0.00130733
0.00127524
0.00128157
0.00130579
0.00132448
0.00132829
0.00131264
0.00105721
0.00024992
-0.00073819
-0.00130556
-0.00129561
-0.00100955
-0.00081300
-0.00082407
-0.00094500
-0.00103387
-0.00102293
-0.00083476
-0.00049110
-0.00037503
-0.00060689
-0.00092537
-0.00096141
-0.00062288
-0.00036113
-0.00043705
-0.00069575
-0.00088552
-0.00091081
-0.00082883
-0.00074219
-0.00070495
-0.00059580
-0.00010827
0.00077092
0.00156865
0.00188747
0.00177089
0.00153606
0.00143988
0.00151881
0.00166411
0.00191010
0.00234131
0.00261388
0.00252539
0.00229488
0.00213753
0.00230404
0.00266362
0.00292255
0.00295069
0.00284056
0.00276095
0.00291998
0.00325999
0.00349680
0.00368869
0.00385191
0.00393528
0.00393108
0.00388619
0.00385134
0.00384419
0.00385985
0.00388486
0.00389588
0.00388210
0.00385256
0.00382329
0.00380356
0.00380031
0.00381340
0.00381496
0.00379053
0.00376314
0.00373874
0.00371389
0.00369148
0.00366173
0.00364102
0.00390692
0.00466257
0.00518877
0.00477308
0.00382202
0.00313725
0.00304677
0.00331254
0.00354539
0.00355258
0.00339399
0.00323162
0.00316750
0.00319243
0.00323705
0.00324473
0.00319894
0.00312396
0.00306231
0.00303460
0.00303016
0.00302638
0.00300978
0.00293756
0.00253120
0.00173003
0.00100040
0.00072134
0.00085844
0.00126043
0.00173189
0.00196815
0.00173258
0.00118489
0.00075851
0.00068349
0.00084317
0.00100760
0.00104845
0.00098102
0.00089391
0.00085520
0.00087094
0.00090546
0.00092394
0.00091718
0.00089785
0.00088517
0.00089630
0.00092355
0.00094001
0.00092789
0.00090777
0.00090223
0.00091018
0.00092214
0.00093500
0.00093844
0.00093769
0.00094061
0.00094467
0.00094490
0.00094017
0.00093301
0.00092638
0.00092161
0.00092324
0.00093727
0.00095480
0.00096728
0.00097364
0.00096563
0.00095144
0.00095091
0.00095875
0.00095751
0.00095234
0.00095047
0.00095029
0.00095193
0.00104533
0.00122583
0.00125007
0.00109829
0.00092874
0.00086168
0.00090038
0.00107436
0.00140382
0.00169941
0.00170144
0.00135017
0.00094323
0.00076795
0.00084096
0.00099715
0.00108575
0.00106504
0.00098830
0.00096203
0.00123847
0.00185852
0.00240016
0.00232392
0.00161239
0.00087167
0.00059104
0.00075049
0.00102252
0.00114400
0.00108051
0.00095385
0.00088310
0.00088734
0.00092862
0.00096999
0.00098717
0.00097530
0.00092300
0.00073926
0.00042938
0.00005427
-0.00026999
-0.00041971
-0.00039101
-0.00028456
-0.00021066
-0.00021086
-0.00025381
-0.00028761
-0.00028463
-0.00024827
-0.00020622
-0.00018392
-0.00018193
-0.00017749
-0.00015389
-0.00012207
-0.00014006
-0.00031017
-0.00055790
-0.00067880
-0.00055381
-0.00038812
-0.00037778
-0.00048861
-0.00055068
-0.00043656
-0.00030888
-0.00032106
-0.00042865
-0.00051522
-0.00051610
-0.00044827
-0.00037739
-0.00034120
-0.00028985
-0.00013544
0.00006672
0.00019820
0.00021151
0.00015919
0.00012519
0.00014518
0.00019276
0.00022595
0.00022785
0.00021030
0.00019382
0.00018933
0.00019430
0.00020026
0.00020147
0.00019816
0.00019711
0.00020046
0.00019999
0.00019399
0.00018710
0.00018333
0.00018303
0.00018703
0.00019257
0.00019116
0.00018320
0.00017524
0.00018051
0.00025478
0.00040636
0.00054043
0.00058308
0.00054663
0.00049134
0.00045242
0.00039306
0.00032955
0.00029230
0.00028768
0.00028847
0.00025420
0.00031539
0.00052442
0.00072060
0.00070894
0.00045892
0.00015750
0.00000073
0.00001934
0.00011405
0.00015292
0.00001248
-0.00025202
-0.00044300
-0.00041840
-0.00022613
-0.00000690
0.00007338
-0.00006038
-0.00028561
-0.00042142
-0.00040833
-0.00031672
-0.00024386
-0.00023125
-0.00025805
-0.00029558
-0.00034105
-0.00034473
-0.00028875
-0.00020382
-0.00009075
0.00005418
0.00017841
0.00023007
0.00021596
0.00018190
0.00016553
0.00017253
0.00019774
0.00026626
0.00037142
0.00043755
0.00045257
0.00044859
0.00044379
0.00044066
0.00043582
0.00042683
0.00041420
0.00040016
0.00038667
0.00037434
0.00036275
0.00035117
0.00033849
0.00032377
0.00030871
0.00029637
0.00028818
0.00028163
0.00027338
0.00026255
0.00025054
0.00023907
0.00022813
0.00021646
0.00020510
0.00019623
0.00018923
0.00018188
0.00017264
0.00015333
0.00011384
0.00006894
0.00004026
0.00003339
0.00003787
0.00003085
-0.00000160
-0.00004015
-0.00006135
-0.00006128
-0.00005209
-0.00004675
-0.00004896
-0.00004645
-0.00002717
-0.00000308
0.00000822
-0.00000462
-0.00003131
-0.00004947
-0.00005303
-0.00003954
-0.00002232
-0.00001565
-0.00002152
-0.00003228
-0.00003969
-0.00003466
-0.00001666
-0.00000092
0.00000121
-0.00001020
-0.00003728
-0.00006985
-0.00009152
-0.00010132
-0.00010416
-0.00010481
-0.00010589
-0.00010835
-0.00011155
-0.00011403
-0.00011483
-0.00011463
-0.00011485
-0.00011588
-0.00011724
-0.00011836
-0.00011907
-0.00011955
-0.00012005
-0.00012152
-0.00012830
-0.00014306
-0.00015816
-0.00016027
-0.00014563
-0.00012601
-0.00011532
-0.00011659
-0.00012332
-0.00012803
-0.00012798
-0.00012535
-0.00012337
-0.00012359
-0.00012540
-0.00012720
-0.00012806
-0.00012811
-0.00012792
-0.00012787
-0.00012808
-0.00012857
-0.00012927
-0.00012989
-0.00013037
-0.00013079
-0.00013112
-0.00013051
-0.00012789
-0.00012566
-0.00012702
-0.00013103
-0.00013442
-0.00013544
-0.00013473
-0.00013385
-0.00013378
-0.00013447
-0.00013600
-0.00013837
-0.00014103
-0.00014291
-0.00014321
-0.00014312
-0.00014327
-0.00014346
-0.00014339
-0.00014301
-0.00014250
-0.00014204
-0.00014168
-0.00014140
-0.00014112
-0.00014082
-0.00014051
-0.00014022
-0.00013995
-0.00013977
-0.00013992
-0.00014016
-0.00014024
-0.00014028
-0.00013994
-0.00013915
-0.00013857
-0.00013839
-0.00013825
-0.00013800
-0.00013773
-0.00013756
-0.00013748
-0.00013745
-0.00013741
-0.00013736
-0.00013730
-0.00013719
-0.00013677
-0.00013616
-0.00013579
-0.00013583
-0.00013616
-0.00013664
-0.00013710
-0.00013721
-0.00013707
-0.00013692
-0.00013698
-0.00013721
-0.00013740
-0.00013753
-0.00013766
-0.00013783
-0.00013798
-0.00013806
-0.00013807
-0.00013815
-0.00013831
-0.00013849
-0.00013860
-0.00013866
-0.00013871
-0.00013879
-0.00013893
-0.00013910
-0.00013923
-0.00013928
-0.00013926
-0.00013927
-0.00013935
-0.00013946
-0.00013958
-0.00013969
-0.00013978
-0.00013988
-0.00013998
-0.00014007
-0.00014017
-0.00014027
-0.00014037
-0.00014048
-0.00014058
-0.00014068
-0.00014079
-0.00014089
-0.00014099
-0.00014110
-0.00014120
-0.00014131
-0.00014141
-0.00014151
-0.00014162
-0.00014172
-0.00014182
-0.00014193
-0.00014203
-0.00014213
-0.00014223
-0.00014233
-0.00014243
-0.00014253
-0.00014263
-0.00014273
-0.00014283
-0.00014293
-0.00014303
-0.00014312
-0.00014322
-0.00014332
-0.00014341
-0.00014351
-0.00014360
-0.00014369
-0.00014378
-0.00014388
-0.00014397
-0.00014406
-0.00014415
-0.00014424
-0.00014432
-0.00014441
-0.00014450
-0.00014458
-0.00014467
-0.00014475
-0.00014484
-0.00014492
-0.00014500
-0.00014508
-0.00014516
