-0.00035127
-0.00035099
-0.00035071
-0.00035046
-0.00035022
-0.00035000
-0.00034978
-0.00034956
-0.00034932
-0.00034903
-0.00034869
-0.00034829
-0.00034794
-0.00034773
-0.00034778
-0.00034811
-0.00034860
-0.00034904
-0.00034937
-0.00034960
-0.00034981
-0.00035004
-0.00035012
-0.00035008
-0.00035025
-0.00035164
-0.00035483
-0.00035922
-0.00036435
-0.00036964
-0.00037415
-0.00037746
-0.00037906
-0.00037923
-0.00037992
-0.00038270
-0.00038734
-0.00039254
-0.00039724
-0.00040064
-0.00039823
-0.00038734
-0.00036965
-0.00034993
-0.00033640
-0.00032807
-0.00031431
-0.00029321
-0.00027383
-0.00026585
-0.00028009
-0.00031023
-0.00033538
-0.00034931
-0.00035693
-0.00036328
-0.00037803
-0.00040384
-0.00043885
-0.00047615
-0.00051791
-0.00058537
-0.00068928
-0.00083716
-0.00102130
-0.00120250
-0.00134362
-0.00143054
-0.00147545
-0.00149933
-0.00148800
-0.00142551
-0.00131219
-0.00115454
-0.00096333
-0.00074525
-0.00054759
-0.00039819
-0.00030072
-0.00025740
-0.00025168
-0.00025612
-0.00025286
-0.00023574
-0.00018739
-0.00011066
0.00000069
0.00018479
0.00045928
0.00078655
0.00108744
0.00129367
0.00135838
0.00130132
0.00114207
0.00088962
0.00057315
0.00024147
-0.00003069
-0.00018404
-0.00025108
-0.00027452
-0.00024333
-0.00016312
-0.00003669
0.00012597
0.00026425
0.00029751
0.00011963
-0.00030647
-0.00080375
-0.00114917
-0.00133754
-0.00145715
-0.00157480
-0.00164885
-0.00161473
-0.00139260
-0.00096023
-0.00038967
0.00022659
0.00076570
0.00107952
0.00114820
0.00109941
0.00107236
0.00109141
0.00110928
0.00112351
0.00112489
0.00113624
0.00115364
0.00125489
0.00150773
0.00188142
0.00226094
0.00246497
0.00226001
0.00148291
0.00025886
-0.00112783
-0.00237431
-0.00331245
-0.00390600
-0.00411908
-0.00404071
-0.00376739
-0.00333839
-0.00285901
-0.00247267
-0.00229033
-0.00229726
-0.00238422
-0.00244513
-0.00244104
-0.00235679
-0.00213958
-0.00177048
-0.00130958
-0.00088303
-0.00054652
-0.00010453
0.00063733
0.00164795
0.00265747
0.00328906
0.00342556
0.00323077
0.00278966
0.00211420
0.00145913
0.00104910
0.00093633
0.00105681
0.00126857
0.00137394
0.00140395
0.00139605
0.00123517
0.00094280
0.00073958
0.00064696
0.00060272
0.00058224
0.00058375
0.00059240
0.00047777
0.00001615
-0.00074677
-0.00149898
-0.00184692
-0.00152428
-0.00054078
0.00075834
0.00187780
0.00252491
0.00263528
0.00226935
0.00155946
0.00065213
-0.00016785
-0.00072890
-0.00119397
-0.00159862
-0.00184586
-0.00190430
-0.00171814
-0.00113372
-0.00023000
0.00071337
0.00142619
0.00174824
0.00174327
0.00155275
0.00110699
0.00027649
-0.00076302
-0.00164077
-0.00214317
-0.00239792
-0.00255601
-0.00266804
-0.00267073
-0.00246617
-0.00217495
-0.00207295
-0.00242290
-0.00329639
-0.00456679
-0.00585719
-0.00670119
-0.00679193
-0.00629612
-0.00562534
-0.00501544
-0.00441672
-0.00397840
-0.00383175
-0.00390375
-0.00400965
-0.00390252
-0.00324960
-0.00189106
-0.00015290
0.00147272
0.00267890
0.00323511
0.00313734
0.00275111
0.00241602
0.00202039
0.00164723
0.00146227
0.00147741
0.00157856
0.00166148
0.00182235
0.00244506
0.00369988
0.00508779
0.00615798
0.00695428
0.00749371
0.00809610
0.00912418
0.01032321
0.01126476
0.01179624
0.01193948
0.01169059
0.01091292
0.00979289
0.00861504
0.00740353
0.00604582
0.00438300
0.00257569
0.00103176
0.00010641
-0.00012713
0.00003221
0.00019423
0.00019509
0.00022994
0.00030128
-0.00001501
-0.00110876
-0.00301717
-0.00535378
-0.00752611
-0.00924316
-0.01044302
-0.01100711
-0.01083702
-0.00980440
-0.00791469
-0.00522643
-0.00185801
0.00195720
0.00559194
0.00818413
0.00926598
0.00899538
0.00814372
0.00730451
0.00625052
0.00435471
0.00160438
-0.00126815
-0.00327331
-0.00412494
-0.00427266
-0.00425260
-0.00439700
-0.00491393
-0.00567957
-0.00646712
-0.00705172
-0.00727933
-0.00723169
-0.00709020
-0.00670345
-0.00563821
-0.00393760
-0.00220092
-0.00112606
-0.00107908
-0.00225178
-0.00456211
-0.00764363
-0.01073941
-0.01295014
-0.01374136
-0.01301374
-0.01085618
-0.00774484
-0.00410911
-0.00042503
0.00306541
0.00607042
0.00837083
0.01008408
0.01128671
0.01213481
0.01265840
0.01275376
0.01237076
0.01185083
0.01171117
0.01209064
0.01254379
0.01288518
0.01292718
0.01249596
0.01155885
0.00987015
0.00728129
0.00420966
0.00147482
-0.00040774
-0.00101781
-0.00048805
0.00051819
0.00175457
0.00312013
0.00424465
0.00478865
0.00460492
0.00408338
0.00350345
0.00271524
0.00140296
-0.00023687
-0.00164146
-0.00271228
-0.00366295
-0.00431330
-0.00433049
-0.00369736
-0.00257476
-0.00122307
0.00011585
0.00113147
0.00157027
0.00158485
0.00169030
0.00193107
0.00220192
0.00215017
0.00119641
-0.00042862
-0.00224614
-0.00387888
-0.00465466
-0.00440378
-0.00365256
-0.00261623
-0.00155463
-0.00085882
-0.00052176
-0.00049800
-0.00043074
-0.00011517
0.00034298
0.00092256
0.00145743
0.00154948
0.00065921
-0.00109424
-0.00300986
-0.00445928
-0.00510632
-0.00494537
-0.00410914
-0.00284514
-0.00145801
-0.00038394
0.00011990
0.00056494
0.00114876
0.00149873
0.00112276
0.00009616
-0.00087400
-0.00123333
-0.00116093
-0.00140652
-0.00228937
-0.00328919
-0.00397527
-0.00420699
-0.00351691
-0.00178313
0.00033254
0.00245894
0.00453240
0.00595184
0.00654734
0.00661551
0.00577769
0.00333330
-0.00076364
-0.00578265
-0.01060357
-0.01414468
-0.01583097
-0.01599590
-0.01506141
-0.01314229
-0.01041817
-0.00763156
-0.00534214
-0.00353844
-0.00208182
-0.00109280
-0.00133751
-0.00316355
-0.00586384
-0.00859833
-0.01053995
-0.01097718
-0.00987229
-0.00746838
-0.00350132
0.00256528
0.01015798
0.01785270
0.02417500
0.02770331
0.02797090
0.02558391
0.02169384
0.01726216
0.01290234
0.00892726
0.00549426
0.00258437
0.00001163
-0.00229082
-0.00445957
-0.00644904
-0.00781550
-0.00829173
-0.00808874
-0.00752155
-0.00729517
-0.00830873
-0.01075365
-0.01394213
-0.01662814
-0.01787727
-0.01768968
-0.01667422
-0.01557434
-0.01445034
-0.01313018
-0.01158883
-0.00982293
-0.00833240
-0.00765549
-0.00789872
-0.00900462
-0.01029524
-0.01087617
-0.01028540
-0.00886432
-0.00751341
-0.00649056
-0.00507988
-0.00276010
0.00037359
0.00419670
0.00862377
0.01308131
0.01653260
0.01802993
0.01760947
0.01648180
0.01561866
0.01495274
0.01414544
0.01267029
0.01029668
0.00722277
0.00393429
0.00152532
0.00108660
0.00270693
0.00535295
0.00763684
0.00878803
0.00886064
0.00847797
0.00826280
0.00858000
0.00937431
0.00993804
0.00971599
0.00900919
0.00810443
0.00695989
0.00560390
0.00375351
0.00125626
-0.00117501
-0.00271945
-0.00331403
-0.00360870
-0.00460397
-0.00677931
-0.00948267
-0.01125620
-0.01130158
-0.01001956
-0.00786298
-0.00513756
-0.00251108
-0.00063405
0.00032413
0.00074885
0.00084230
0.00072799
0.00087206
0.00144676
0.00219953
0.00230327
0.00148949
0.00048679
0.00006854
0.00060654
0.00195557
0.00359353
0.00508728
0.00637852
0.00761304
0.00882010
0.00963755
0.00943739
0.00791903
0.00568329
0.00384997
0.00328335
0.00348059
0.00317785
0.00142812
-0.00202201
-0.00675536
-0.01176538
-0.01619579
-0.01970174
-0.02173484
-0.02155204
-0.01875701
-0.01455369
-0.01073435
-0.00834160
-0.00756732
-0.00780336
-0.00816079
-0.00813119
-0.00778274
-0.00770472
-0.00848828
-0.00970486
-0.01063913
-0.01129342
-0.01193355
-0.01213898
-0.01142378
-0.01034991
-0.00971598
-0.00956359
-0.00939212
-0.00889606
-0.00809392
-0.00740495
-0.00734738
-0.00835136
-0.00991913
-0.01023898
-0.00811776
-0.00435669
-0.00052603
0.00233949
0.00440267
0.00639220
0.00866319
0.01126178
0.01379428
0.01548415
0.01567248
0.01443435
0.01240010
0.01058748
0.00959220
0.00932983
0.00947895
0.00997150
0.01085370
0.01171913
0.01202516
0.01145806
0.01006897
0.00803105
0.00571754
0.00384560
0.00264220
0.00225661
0.00249386
0.00268197
0.00199815
0.00003439
-0.00284151
-0.00563074
-0.00733073
-0.00772433
-0.00717130
-0.00649100
-0.00627450
-0.00633032
-0.00615483
-0.00596209
-0.00655694
-0.00843318
-0.01093479
-0.01279442
-0.01300912
-0.01125055
-0.00824399
-0.00533923
-0.00367332
-0.00318615
-0.00264357
-0.00135084
0.00056751
0.00236957
0.00328093
0.00323719
0.00273484
0.00213420
0.00166223
0.00148328
0.00146974
0.00122007
0.00061815
-0.00022695
-0.00094797
-0.00116156
-0.00068883
0.00008860
0.00073121
0.00148282
0.00271081
0.00396537
0.00446928
0.00368451
0.00161113
-0.00077082
-0.00196716
-0.00150020
0.00007285
0.00182434
0.00318446
0.00399630
0.00406683
0.00311117
0.00119746
-0.00118181
-0.00341507
-0.00485329
-0.00516135
-0.00400068
-0.00095361
0.00343572
0.00815600
0.01204179
0.01387193
0.01293273
0.00985343
0.00618266
0.00299279
0.00104630
0.00088364
0.00233401
0.00481864
0.00787954
0.01109638
0.01415253
0.01632866
0.01695893
0.01579580
0.01312184
0.00925863
0.00475051
0.00038437
-0.00371079
-0.00758171
-0.01101717
-0.01352288
-0.01433574
-0.01326997
-0.01063899
-0.00685926
-0.00242476
0.00205635
0.00578589
0.00837453
0.00979558
0.01024829
0.00983995
0.00841248
0.00645402
0.00511387
0.00509370
0.00587880
0.00653278
0.00652453
0.00570204
0.00475812
0.00453196
0.00500495
0.00559883
0.00579844
0.00534878
0.00447572
0.00349419
0.00246046
0.00130521
-0.00004893
-0.00189351
-0.00481559
-0.00896124
-0.01389373
-0.01888472
-0.02342908
-0.02675515
-0.02806746
-0.02701161
-0.02400665
-0.02018441
-0.01627507
-0.01245528
-0.00892091
-0.00619207
-0.00431334
-0.00257103
-0.00055137
0.00142593
0.00327270
0.00504466
0.00704244
0.00967474
0.01238633
0.01420925
0.01475621
0.01389259
0.01197282
0.00989724
0.00856637
0.00849988
0.00935526
0.01018658
0.01044837
0.01066774
0.01164177
0.01334241
0.01516591
0.01638454
0.01634004
0.01478153
0.01216819
0.00949630
0.00728782
0.00527094
0.00302975
0.00074073
-0.00087661
-0.00133106
-0.00055171
0.00133162
0.00383775
0.00613407
0.00763295
0.00818171
0.00808722
0.00787150
0.00796329
0.00857139
0.00947146
0.01009178
0.00971763
0.00865412
0.00780231
0.00790410
0.00942510
0.01223596
0.01547180
0.01766416
0.01799788
0.01673357
0.01480228
0.01292309
0.01121035
0.00950106
0.00742362
0.00482305
0.00189943
-0.00102660
-0.00360307
-0.00568491
-0.00731510
-0.00828851
-0.00858321
-0.00851532
-0.00843868
-0.00853241
-0.00896255
-0.00992435
-0.01150262
-0.01323790
-0.01427184
-0.01403860
-0.01223048
-0.00891481
-0.00470218
-0.00038641
0.00279954
0.00394538
0.00329130
0.00194747
0.00064528
-0.00025538
-0.00053596
-0.00036414
-0.00013232
-0.00010011
-0.00025093
-0.00040827
-0.00045799
-0.00039319
-0.00011714
0.00073596
0.00191065
0.00271068
0.00283464
0.00246260
0.00181580
0.00115584
0.00055069
-0.00012362
-0.00144538
-0.00348639
-0.00526546
-0.00581667
-0.00480375
-0.00262375
-0.00015800
0.00212231
0.00405683
0.00552820
0.00693064
0.00838959
0.00945616
0.00984840
0.00974635
0.00953312
0.00928278
0.00849087
0.00665306
0.00410574
0.00180363
0.00045914
0.00017891
0.00047269
0.00076275
0.00102507
0.00184218
0.00348469
0.00546670
0.00713475
0.00785720
0.00719762
0.00488163
0.00121477
-0.00282925
-0.00636376
-0.00862638
-0.00929063
-0.00868277
-0.00765100
-0.00678986
-0.00610396
-0.00551857
-0.00483791
-0.00385319
-0.00283531
-0.00225213
-0.00215497
-0.00192626
-0.00118309
-0.00060912
-0.00094687
-0.00189998
-0.00265299
-0.00279883
-0.00262159
-0.00273816
-0.00315919
-0.00315612
-0.00217693
-0.00034296
0.00174823
0.00331138
0.00422346
0.00483985
0.00532266
0.00578695
0.00653219
0.00758299
0.00862317
0.00926116
0.00896283
0.00736046
0.00466985
0.00183693
-0.00045247
-0.00217446
-0.00360485
-0.00456243
-0.00488517
-0.00459624
-0.00372751
-0.00260141
-0.00158859
-0.00064958
0.00036642
0.00111438
0.00117350
0.00075446
0.00011912
-0.00096348
-0.00259482
-0.00418327
-0.00524065
-0.00573974
-0.00573447
-0.00500390
-0.00365762
-0.00177054
0.00014875
0.00124938
0.00133119
0.00091635
0.00064354
0.00075003
0.00106009
0.00122313
0.00096752
0.00060313
0.00018694
-0.00056510
-0.00165891
-0.00268115
-0.00353123
-0.00447508
-0.00568481
-0.00710933
-0.00850732
-0.00954294
-0.01005892
-0.00977807
-0.00840161
-0.00580278
-0.00241253
0.00102802
0.00350981
0.00418790
0.00274124
-0.00022573
-0.00334543
-0.00547998
-0.00655024
-0.00724919
-0.00807814
-0.00885974
-0.00927424
-0.00911983
-0.00843850
-0.00738343
-0.00554494
-0.00266507
0.00071755
0.00388877
0.00617403
0.00711631
0.00695176
0.00598376
0.00427793
0.00240415
0.00104888
0.00017967
-0.00043041
-0.00055979
0.00007406
0.00110518
0.00180502
0.00188882
0.00154120
0.00059249
-0.00133484
-0.00406946
-0.00694398
-0.00896962
-0.00956018
-0.00885844
-0.00739781
-0.00551457
-0.00334711
-0.00118681
0.00084621
0.00272026
0.00434513
0.00575884
0.00706514
0.00796412
0.00790423
0.00681169
0.00527009
0.00416616
0.00392980
0.00427273
0.00463528
0.00478305
0.00508017
0.00601641
0.00771799
0.00941556
0.01015996
0.00949420
0.00748113
0.00453917
0.00106026
-0.00223944
-0.00459061
-0.00579318
-0.00611108
-0.00605958
-0.00630531
-0.00734404
-0.00855337
-0.00890662
-0.00822892
-0.00705716
-0.00617385
-0.00597427
-0.00626528
-0.00675973
-0.00734097
-0.00757143
-0.00678932
-0.00469370
-0.00171355
0.00154063
0.00458659
0.00685322
0.00807143
0.00836771
0.00803631
0.00704551
0.00537837
0.00350102
0.00170506
-0.00011312
-0.00187715
-0.00320357
-0.00374240
-0.00340043
-0.00236152
-0.00121469
-0.00060851
-0.00072074
-0.00160973
-0.00325949
-0.00553953
-0.00787055
-0.00926177
-0.00936722
-0.00837001
-0.00685775
-0.00538598
-0.00420925
-0.00358316
-0.00350942
-0.00369390
-0.00380829
-0.00382767
-0.00431135
-0.00533859
-0.00623848
-0.00647416
-0.00588195
-0.00456143
-0.00273813
-0.00109657
-0.00033640
-0.00044229
-0.00072924
-0.00017729
0.00151209
0.00360231
0.00504462
0.00536668
0.00496869
0.00456272
0.00455188
0.00493572
0.00570775
0.00694976
0.00873895
0.01056197
0.01133329
0.01047189
0.00805250
0.00419858
-0.00068727
-0.00567270
-0.00986366
-0.01256650
-0.01358392
-0.01356888
-0.01353259
-0.01369120
-0.01370475
-0.01312801
-0.01174817
-0.00983796
-0.00817277
-0.00705117
-0.00628496
-0.00578315
-0.00528959
-0.00447667
-0.00366530
-0.00294196
-0.00203031
-0.00064635
0.00127752
0.00331769
0.00486340
0.00540931
0.00508211
0.00474069
0.00486020
0.00510838
0.00494810
0.00445588
0.00385784
0.00305276
0.00192619
0.00092893
0.00073329
0.00119275
0.00153073
0.00134933
0.00110868
0.00132206
0.00222954
0.00329468
0.00364565
0.00306636
0.00177168
0.00016116
-0.00131622
-0.00204128
-0.00156444
-0.00036868
0.00054510
0.00067775
0.00028052
-0.00007971
0.00011319
0.00085744
0.00159175
0.00190498
0.00205782
0.00263776
0.00386566
0.00551332
0.00712297
0.00816698
0.00845610
0.00833159
0.00849979
0.00939030
0.01052726
0.01088544
0.00991490
0.00782557
0.00545598
0.00356335
0.00204564
0.00059101
-0.00058879
-0.00121840
-0.00148039
-0.00123088
-0.00054990
-0.00038521
-0.00150412
-0.00332256
-0.00483642
-0.00549401
-0.00539201
-0.00510988
-0.00531586
-0.00591107
-0.00613775
-0.00576404
-0.00523112
-0.00488614
-0.00447206
-0.00367557
-0.00270210
-0.00181898
-0.00125924
-0.00124346
-0.00180620
-0.00249387
-0.00268560
-0.00198131
-0.00053327
0.00100088
0.00174093
0.00117570
-0.00038364
-0.00190665
-0.00232109
-0.00141241
0.00033601
0.00194386
0.00284544
0.00315986
0.00342780
0.00384158
0.00422820
0.00441683
0.00440134
0.00412265
0.00354422
0.00298273
0.00256753
0.00233091
0.00249582
0.00272005
0.00266965
0.00246341
0.00228600
0.00263815
0.00371859
0.00507067
0.00592196
0.00579937
0.00496428
0.00419989
0.00396858
0.00393378
0.00342327
0.00218335
0.00031627
-0.00181257
-0.00364762
-0.00471408
-0.00467373
-0.00336202
-0.00104852
0.00125418
0.00265185
0.00309707
0.00295958
0.00250276
0.00195510
0.00138321
0.00088445
0.00063206
0.00062879
0.00072153
0.00076518
0.00072393
0.00070016
0.00092290
0.00115633
0.00107714
0.00083861
0.00094653
0.00149571
0.00206213
0.00223960
0.00192289
0.00183723
0.00244788
0.00335992
0.00424296
0.00512829
0.00589159
0.00623776
0.00588536
0.00475725
0.00301838
0.00138225
0.00060097
0.00075155
0.00154993
0.00271522
0.00403164
0.00532580
0.00623803
0.00645290
0.00583731
0.00459000
0.00312909
0.00168067
0.00017891
-0.00106438
-0.00164624
-0.00161936
-0.00138225
-0.00128110
-0.00146677
-0.00192872
-0.00216853
-0.00200003
-0.00185143
-0.00184409
-0.00216771
-0.00314781
-0.00492296
-0.00701651
-0.00871143
-0.00950265
-0.00938254
-0.00866560
-0.00785324
-0.00692075
-0.00530715
-0.00325339
-0.00111011
0.00108042
0.00318402
0.00511058
0.00640672
0.00648134
0.00536755
0.00362697
0.00164855
-0.00038976
-0.00229594
-0.00353415
-0.00361132
-0.00251109
-0.00115559
-0.00063258
-0.00127312
-0.00235675
-0.00311281
-0.00333447
-0.00287350
-0.00187744
-0.00097434
-0.00063340
-0.00079079
-0.00093756
-0.00034488
0.00131459
0.00347993
0.00510435
0.00553355
0.00515561
0.00438874
0.00349908
0.00275333
0.00203952
0.00106715
-0.00011841
-0.00103447
-0.00134202
-0.00090706
0.00039592
0.00206486
0.00331796
0.00382050
0.00341332
0.00237423
0.00133050
0.00059271
0.00005953
-0.00085041
-0.00234001
-0.00367849
-0.00421531
-0.00384486
-0.00293003
-0.00201150
-0.00116115
-0.00017352
0.00089463
0.00180341
0.00232400
0.00220816
0.00174451
0.00140141
0.00118657
0.00081400
0.00039435
0.00035827
0.00089163
0.00138781
0.00137785
0.00087003
-0.00013881
-0.00110133
-0.00168378
-0.00222592
-0.00298007
-0.00366613
-0.00396954
-0.00371960
-0.00284234
-0.00169548
-0.00074905
-0.00010301
0.00023058
0.00047942
0.00094204
0.00167329
0.00249035
0.00277157
0.00206135
0.00057956
-0.00109385
-0.00258523
-0.00402492
-0.00541626
-0.00632913
-0.00655377
-0.00634406
-0.00612181
-0.00611371
-0.00623851
-0.00609206
-0.00532348
-0.00422411
-0.00339848
-0.00293835
-0.00260544
-0.00232852
-0.00217545
-0.00236828
-0.00290681
-0.00339996
-0.00352924
-0.00310563
-0.00207059
-0.00068002
0.00053079
0.00134631
0.00205149
0.00260954
0.00296366
0.00354245
0.00462099
0.00592515
0.00728683
0.00851465
0.00928092
0.00968991
0.00975344
0.00944123
0.00882067
0.00816677
0.00787279
0.00823010
0.00899596
0.00954307
0.00928807
0.00807967
0.00612579
0.00397849
0.00232139
0.00172156
0.00186538
0.00195114
0.00140146
0.00017172
-0.00109979
-0.00181513
-0.00219450
-0.00275607
-0.00346810
-0.00379309
-0.00303312
-0.00125892
0.00067336
0.00181985
0.00191953
0.00145506
0.00100516
0.00055186
-0.00030667
-0.00181485
-0.00353981
-0.00514279
-0.00628620
-0.00671971
-0.00659610
-0.00620551
-0.00555121
-0.00467013
-0.00393629
-0.00338787
-0.00245940
-0.00109231
0.00006055
0.00049738
0.00018265
-0.00074002
-0.00204338
-0.00364801
-0.00557413
-0.00747672
-0.00886603
-0.00942941
-0.00934320
-0.00891540
-0.00835572
-0.00795100
-0.00765677
-0.00722635
-0.00676716
-0.00650275
-0.00648052
-0.00657570
-0.00664480
-0.00644639
-0.00583119
-0.00495615
-0.00414112
-0.00372370
-0.00373425
-0.00392490
-0.00407045
-0.00429463
-0.00471457
-0.00507865
-0.00498704
-0.00440979
-0.00381268
-0.00354945
-0.00344076
-0.00338913
-0.00350954
-0.00376594
-0.00423024
-0.00486387
-0.00560122
-0.00621192
-0.00621849
-0.00564149
-0.00509159
-0.00516992
-0.00563270
-0.00610476
-0.00645614
-0.00660378
-0.00664423
-0.00702602
-0.00797428
-0.00900692
-0.00953985
-0.00948558
-0.00901620
-0.00814275
-0.00753522
-0.00788153
-0.00893227
-0.01008401
-0.01079539
-0.01088434
-0.01051771
-0.00987275
-0.00910427
-0.00796780
-0.00640035
-0.00469785
-0.00310778
-0.00157196
0.00003990
0.00158997
0.00318989
0.00485091
0.00642312
0.00767789
0.00821444
0.00772121
0.00640972
0.00508875
0.00456189
0.00436765
0.00345818
0.00181376
0.00038783
-0.00012666
0.00012931
0.00055915
0.00072521
0.00076424
0.00122164
0.00234069
0.00369192
0.00454007
0.00445628
0.00345201
0.00211721
0.00110152
0.00034971
-0.00071868
-0.00246107
-0.00431581
-0.00539138
-0.00528861
-0.00435069
-0.00346820
-0.00304071
-0.00264440
-0.00198755
-0.00137517
-0.00134709
-0.00216563
-0.00338966
-0.00445598
-0.00528906
-0.00572652
-0.00555550
-0.00484083
-0.00373451
-0.00250690
-0.00171739
-0.00155241
-0.00164339
-0.00208656
-0.00297798
-0.00379200
-0.00411376
-0.00418987
-0.00428031
-0.00489726
-0.00657283
-0.00888188
-0.01065691
-0.01107651
-0.00996240
-0.00791772
-0.00601886
-0.00529522
-0.00588470
-0.00718554
-0.00853032
-0.00941152
-0.00988116
-0.01024649
-0.01079458
-0.01147811
-0.01192183
-0.01160428
-0.00992034
-0.00676486
-0.00291867
0.00089505
0.00427813
0.00667510
0.00815801
0.00893418
0.00904520
0.00901995
0.00924978
0.00971232
0.01037646
0.01109207
0.01171252
0.01195484
0.01218629
0.01324336
0.01520842
0.01736575
0.01920765
0.02071612
0.02169923
0.02189770
0.02109418
0.01935235
0.01730802
0.01562297
0.01469171
0.01472839
0.01545046
0.01648716
0.01736662
0.01752514
0.01705075
0.01638834
0.01576239
0.01535720
0.01490096
0.01378713
0.01206188
0.01007409
0.00807946
0.00652142
0.00561355
0.00473862
0.00322926
0.00108821
-0.00129083
-0.00349633
-0.00526755
-0.00641175
-0.00725969
-0.00828044
-0.00981767
-0.01170264
-0.01309346
-0.01367863
-0.01388417
-0.01402780
-0.01402757
-0.01387133
-0.01364124
-0.01303180
-0.01169393
-0.00991362
-0.00820648
-0.00686085
-0.00594047
-0.00510782
-0.00417339
-0.00294780
-0.00105634
0.00156489
0.00478570
0.00846248
0.01217527
0.01551796
0.01837857
0.02065570
0.02233383
0.02365019
0.02486198
0.02585802
0.02639382
0.02646327
0.02636473
0.02666498
0.02769386
0.02924502
0.03080990
0.03182428
0.03208376
0.03186459
0.03150837
0.03078650
0.02945696
0.02769729
0.02546754
0.02254501
0.01930481
0.01652678
0.01443462
0.01284086
0.01139666
0.00955898
0.00714360
0.00462001
0.00247227
0.00125655
0.00132996
0.00215490
0.00280132
0.00266016
0.00150660
0.00004530
-0.00076998
-0.00069869
-0.00019204
0.00017419
0.00016583
-0.00007501
-0.00053006
-0.00144585
-0.00273271
-0.00419433
-0.00529292
-0.00565531
-0.00546253
-0.00533713
-0.00594253
-0.00751848
-0.00993293
-0.01275437
-0.01555224
-0.01816688
-0.02087381
-0.02414506
-0.02789164
-0.03147166
-0.03461903
-0.03743272
-0.03991183
-0.04194376
-0.04352777
-0.04483040
-0.04614690
-0.04796411
-0.05002039
-0.05163161
-0.05267911
-0.05331848
-0.05358440
-0.05328488
-0.05188065
-0.04926947
-0.04592002
-0.04249893
-0.03940586
-0.03608349
-0.03173330
-0.02640782
-0.02128666
-0.01743043
-0.01453483
-0.01160615
-0.00807158
-0.00418720
-0.00029090
0.00349379
0.00693978
0.00991327
0.01255669
0.01513843
0.01767301
0.01954652
0.02041581
0.02088050
0.02184511
0.02358725
0.02553603
0.02720870
0.02819351
0.02842200
0.02811429
0.02735935
0.02622623
0.02485079
0.02320727
0.02144968
0.01989145
0.01858177
0.01778524
0.01756716
0.01730425
0.01603044
0.01387928
0.01211949
0.01157989
0.01197148
0.01205349
0.01058600
0.00761489
0.00420827
0.00168950
0.00057067
0.00017296
-0.00030193
-0.00138474
-0.00319072
-0.00522319
-0.00690755
-0.00791550
-0.00841748
-0.00881803
-0.00940302
-0.01020690
-0.01104341
-0.01152880
-0.01165440
-0.01173559
-0.01189846
-0.01217169
-0.01292642
-0.01413271
-0.01534207
-0.01612346
-0.01631936
-0.01615157
-0.01596906
-0.01591168
-0.01572646
-0.01531352
-0.01491950
-0.01475853
-0.01487484
-0.01534301
-0.01604395
-0.01691573
-0.01800316
-0.01920564
-0.02011442
-0.02044315
-0.02049810
-0.02107524
-0.02217161
-0.02307906
-0.02343261
-0.02358646
-0.02383667
-0.02394957
-0.02324857
-0.02171222
-0.02005636
-0.01861758
-0.01741002
-0.01607351
-0.01460113
-0.01338131
-0.01228966
-0.01068209
-0.00823676
-0.00497553
-0.00077030
0.00417379
0.00911562
0.01361338
0.01783751
0.02156766
0.02420910
0.02558325
0.02629300
0.02702122
0.02771113
0.02831073
0.02870145
0.02866570
0.02831000
0.02821340
0.02884895
0.03023366
0.03152137
0.03200549
0.03157491
0.03062157
0.02984612
0.02943413
0.02913032
0.02863262
0.02765344
0.02603211
0.02401059
0.02234715
0.02164367
0.02175281
0.02186120
0.02123073
0.02003821
0.01906293
0.01857098
0.01831475
0.01808046
0.01735699
0.01549777
0.01262060
0.00973768
0.00778195
0.00703209
0.00702320
0.00655142
0.00469862
0.00164941
-0.00171033
-0.00454882
-0.00632557
-0.00749486
-0.00900384
-0.01088248
-0.01282798
-0.01466900
-0.01632013
-0.01801142
-0.01997591
-0.02222327
-0.02440173
-0.02615252
-0.02755123
-0.02917970
-0.03149210
-0.03427242
-0.03669512
-0.03804141
-0.03849332
-0.03860263
-0.03880456
-0.03932796
-0.03972276
-0.03941598
-0.03804418
-0.03600709
-0.03408181
-0.03280853
-0.03235690
-0.03246532
-0.03267762
-0.03270143
-0.03253768
-0.03234540
-0.03211780
-0.03155308
-0.03060552
-0.02956241
-0.02849384
-0.02732392
-0.02605648
-0.02508610
-0.02475579
-0.02468886
-0.02438314
-0.02365815
-0.02273257
-0.02187040
-0.02118328
-0.02024542
-0.01883509
-0.01740294
-0.01657274
-0.01641263
-0.01618688
-0.01553530
-0.01482566
-0.01447376
-0.01452093
-0.01478612
-0.01545590
-0.01678578
-0.01850096
-0.02013860
-0.02146022
-0.02238542
-0.02306748
-0.02364729
-0.02397120
-0.02381300
-0.02353183
-0.02357942
-0.02384621
-0.02379426
-0.02328102
-0.02260888
-0.02159088
-0.01975191
-0.01709881
-0.01421445
-0.01204492
-0.01085163
-0.01013632
-0.00947774
-0.00873545
-0.00830532
-0.00831876
-0.00827506
-0.00791528
-0.00747289
-0.00723003
-0.00713093
-0.00663594
-0.00507625
-0.00206785
0.00214713
0.00643171
0.01006916
0.01342898
0.01688836
0.02065087
0.02467028
0.02889267
0.03320814
0.03722691
0.04094268
0.04412242
0.04599811
0.04640291
0.04602190
0.04569199
0.04584015
0.04675579
0.04845718
0.05043470
0.05239134
0.05459870
0.05715973
0.05932649
0.06031730
0.06022210
0.05981486
0.05989581
0.06037099
0.06083871
0.06071341
0.05950946
0.05770625
0.05592199
0.05473727
0.05441973
0.05483788
0.05590398
0.05685889
0.05646021
0.05460743
0.05205833
0.04910423
0.04553393
0.04131880
0.03693481
0.03243202
0.02767479
0.02267266
0.01728621
0.01126965
0.00458549
-0.00237368
-0.00907340
-0.01448958
-0.01808583
-0.02007566
-0.02083684
-0.02097091
-0.02126833
-0.02222932
-0.02357860
-0.02497832
-0.02628004
-0.02749295
-0.02862966
-0.02937796
-0.02958845
-0.02946329
-0.02931915
-0.02932373
-0.02943877
-0.02952749
-0.02951670
-0.02944325
-0.02938027
-0.02936586
-0.02938665
-0.02931971
-0.02882832
-0.02781568
-0.02679608
-0.02631717
-0.02651000
-0.02710072
-0.02737329
-0.02680871
-0.02498046
-0.02161913
-0.01700878
-0.01211841
-0.00800065
-0.00550300
-0.00445467
-0.00397129
-0.00375294
-0.00366133
-0.00342351
-0.00304272
-0.00313934
-0.00392345
-0.00480065
-0.00526152
-0.00567795
-0.00648243
-0.00737320
-0.00812031
-0.00893785
-0.01005561
-0.01141743
-0.01252027
-0.01248647
-0.01143355
-0.01093439
-0.01202361
-0.01424597
-0.01672896
-0.01880404
-0.02022691
-0.02126821
-0.02230804
-0.02321230
-0.02349807
-0.02337532
-0.02326621
-0.02296622
-0.02220148
-0.02122303
-0.02024560
-0.01919463
-0.01813685
-0.01754901
-0.01737109
-0.01725626
-0.01689507
-0.01599008
-0.01497493
-0.01413046
-0.01338343
-0.01254499
-0.01109504
-0.00874872
-0.00579553
-0.00263726
0.00057568
0.00373394
0.00678919
0.00970456
0.01268739
0.01614535
0.02037075
0.02577168
0.03235705
0.03926649
0.04555655
0.05060661
0.05405455
0.05603456
0.05715511
0.05759885
0.05770120
0.05815843
0.05908559
0.05993583
0.06029934
0.06034945
0.05999033
0.05922858
0.05850529
0.05795402
0.05760706
0.05778563
0.05870588
0.06009394
0.06135313
0.06244928
0.06342445
0.06402857
0.06417523
0.06415449
0.06454189
0.06554188
0.06661783
0.06724364
0.06773482
0.06888686
0.07112111
0.07478850
0.07947351
0.08406371
0.08749338
0.08942343
0.09028507
0.09064316
0.09085607
0.09091973
0.09048599
0.08925345
0.08706265
0.08376107
0.07960449
0.07526206
0.07093649
0.06634270
0.06083210
0.05444380
0.04784375
0.04154645
0.03616044
0.03186941
0.02776599
0.02312256
0.01800783
0.01283279
0.00793920
0.00349365
-0.00018320
-0.00308080
-0.00570941
-0.00885315
-0.01278215
-0.01685181
-0.02029684
-0.02296883
-0.02527364
-0.02769858
-0.03044481
-0.03335931
-0.03593585
-0.03753610
-0.03797083
-0.03767830
-0.03711701
-0.03656135
-0.03606532
-0.03554384
-0.03490819
-0.03413483
-0.03286500
-0.03049219
-0.02717195
-0.02379430
-0.02130705
-0.02015534
-0.01978613
-0.01920514
-0.01795877
-0.01659734
-0.01624628
-0.01772521
-0.02072080
-0.02412768
-0.02708788
-0.02958240
-0.03232148
-0.03578704
-0.03956119
-0.04303170
-0.04628504
-0.04970572
-0.05335725
-0.05732976
-0.06145195
-0.06562333
-0.06941769
-0.07216342
-0.07357055
-0.07335247
-0.07077861
-0.06543061
-0.05790610
-0.04949474
-0.04137864
-0.03418269
-0.02800402
-0.02271276
-0.01763596
-0.01224436
-0.00692153
-0.00219962
0.00186431
0.00544280
0.00859338
0.01141721
0.01409632
0.01643354
0.01780711
0.01807970
0.01774449
0.01701009
0.01571764
0.01427361
0.01295161
0.01160711
0.01039168
0.00950414
0.00909240
0.00906253
0.00920057
0.00953902
0.01035984
0.01190095
0.01425382
0.01743695
0.02111615
0.02445939
0.02684446
0.02780265
0.02717226
0.02538117
0.02346263
0.02187869
0.02018649
0.01802325
0.01597646
0.01490814
0.01481248
0.01467072
0.01336734
0.01054893
0.00631402
0.00117473
-0.00382633
-0.00771023
-0.01020788
-0.01148818
-0.01224961
-0.01346130
-0.01567780
-0.01839504
-0.02045761
-0.02150914
-0.02173320
-0.02113130
-0.02009551
-0.01900771
-0.01807560
-0.01770419
-0.01831567
-0.02011630
-0.02320460
-0.02721639
-0.03148347
-0.03534545
-0.03826160
-0.04009727
-0.04143585
-0.04286750
-0.04449854
-0.04664517
-0.04943022
-0.05250892
-0.05538434
-0.05749628
-0.05880017
-0.05950377
-0.05959623
-0.05914603
-0.05839094
-0.05740243
-0.05615195
-0.05465163
-0.05326286
-0.05262233
-0.05323964
-0.05452268
-0.05490316
-0.05391326
-0.05243620
-0.05105047
-0.04984564
-0.04852315
-0.04693339
-0.04507876
-0.04256409
-0.03898602
-0.03427817
-0.02880532
-0.02304902
-0.01709640
-0.01107722
-0.00576154
-0.00211695
-0.00058453
-0.00058650
-0.00128121
-0.00252347
-0.00420298
-0.00583402
-0.00720615
-0.00806020
-0.00811443
-0.00725465
-0.00541934
-0.00242709
0.00166331
0.00624483
0.01024631
0.01317777
0.01511181
0.01630802
0.01728311
0.01823318
0.01892572
0.01919145
0.01915308
0.01908840
0.01936487
0.02029177
0.02205701
0.02497640
0.02885236
0.03278827
0.03607572
0.03868158
0.04104556
0.04363098
0.04682054
0.05074556
0.05528482
0.05983308
0.06415587
0.06854069
0.07257536
0.07560573
0.07703298
0.07630098
0.07344132
0.06921096
0.06437998
0.05935016
0.05421465
0.04885645
0.04297729
0.03664019
0.03060499
0.02527589
0.02033720
0.01527114
0.00985427
0.00429594
-0.00092935
-0.00573065
-0.01026995
-0.01475864
-0.01893968
-0.02247775
-0.02512208
-0.02655626
-0.02686201
-0.02647105
-0.02553066
-0.02369099
-0.02035982
-0.01513829
-0.00829131
-0.00018284
0.00941500
0.02040307
0.03133500
0.04079382
0.04853091
0.05518140
0.06127550
0.06665285
0.07084544
0.07366620
0.07549193
0.07690269
0.07824041
0.07916968
0.07898330
0.07725619
0.07440923
0.07134501
0.06887534
0.06729560
0.06629350
0.06553998
0.06493041
0.06383599
0.06153949
0.05806538
0.05370768
0.04868602
0.04315489
0.03767221
0.03289370
0.02886558
0.02496682
0.01986609
0.01234818
0.00210988
-0.00993945
-0.02202988
-0.03335881
-0.04370826
-0.05307237
-0.06171347
-0.06974238
-0.07729071
-0.08404137
-0.08965303
-0.09399487
-0.09709926
-0.09891969
-0.09955471
-0.09953150
-0.09939353
-0.09919100
-0.09883237
-0.09818433
-0.09718145
-0.09612551
-0.09525770
-0.09469257
-0.09443156
-0.09414504
-0.09361209
-0.09279768
-0.09181818
-0.09041550
-0.08827702
-0.08553263
-0.08243032
-0.07883707
-0.07488638
-0.07073433
-0.06662414
-0.06236553
-0.05764471
-0.05273756
-0.04807448
-0.04365550
-0.03940473
-0.03483133
-0.02997432
-0.02566270
-0.02243458
-0.02017842
-0.01872887
-0.01764409
-0.01628912
-0.01417600
-0.01120564
-0.00754600
-0.00365236
-0.00016068
0.00254888
0.00441122
0.00557681
0.00618075
0.00640754
0.00647503
0.00652574
0.00647165
0.00610641
0.00559976
0.00541938
0.00600658
0.00732737
0.00881051
0.01000036
0.01130787
0.01304850
0.01485866
0.01612343
0.01566847
0.01285776
0.00827363
0.00338578
-0.00062590
-0.00327925
-0.00478321
-0.00582464
-0.00701710
-0.00834847
-0.00929327
-0.00937123
-0.00810311
-0.00536473
-0.00174012
0.00217940
0.00606744
0.00970833
0.01287367
0.01559810
0.01816442
0.02100186
0.02432916
0.02776916
0.03086114
0.03352050
0.03599061
0.03853583
0.04104850
0.04272085
0.04300750
0.04243750
0.04189501
0.04182934
0.04212488
0.04246052
0.04284582
0.04360907
0.04503721
0.04683451
0.04855104
0.05013421
0.05156674
0.05265262
0.05316510
0.05312500
0.05239087
0.05072880
0.04870007
0.04720634
0.04677541
0.04729378
0.04800468
0.04831325
0.04841164
0.04885590
0.04936630
0.04920157
0.04839957
0.04764744
0.04741475
0.04762385
0.04780801
0.04724635
0.04588483
0.04391559
0.04094426
0.03686495
0.03224411
0.02749253
0.02264354
0.01781302
0.01298705
0.00798817
0.00288793
-0.00244089
-0.00808630
-0.01382472
-0.01943067
-0.02484993
-0.03011947
-0.03513855
-0.03994710
-0.04458958
-0.04892715
-0.05269284
-0.05567264
-0.05759383
-0.05862084
-0.05939915
-0.06019825
-0.06081226
-0.06100846
-0.06057553
-0.05944348
-0.05746427
-0.05417216
-0.05005466
-0.04636651
-0.04398035
-0.04285708
-0.04252916
-0.04250035
-0.04243443
-0.04225353
-0.04205702
-0.04194988
-0.04193852
-0.04181767
-0.04109105
-0.03978789
-0.03816484
-0.03673615
-0.03572317
-0.03492877
-0.03430134
-0.03386175
-0.03330797
-0.03239433
-0.03145229
-0.03096227
-0.03098903
-0.03095699
-0.03017410
-0.02870361
-0.02683693
-0.02498931
-0.02359685
-0.02309851
-0.02370892
-0.02523594
-0.02753618
-0.03066302
-0.03433517
-0.03785540
-0.04078263
-0.04323633
-0.04535117
-0.04687760
-0.04765352
-0.04761623
-0.04688861
-0.04561161
-0.04389191
-0.04128298
-0.03792704
-0.03448815
-0.03155494
-0.02951227
-0.02837257
-0.02761485
-0.02657555
-0.02509440
-0.02299525
-0.02031745
-0.01739041
-0.01455770
-0.01191067
-0.00898187
-0.00530623
-0.00122133
0.00286491
0.00663241
0.00964268
0.01163916
0.01272635
0.01313344
0.01319464
0.01328753
0.01400546
0.01586129
0.01873301
0.02234644
0.02628204
0.02976755
0.03205229
0.03302216
0.03311223
0.03302594
0.03354038
0.03469272
0.03619539
0.03791846
0.03980928
0.04173564
0.04321899
0.04386365
0.04380842
0.04354162
0.04334398
0.04272376
0.04105246
0.03837626
0.03531132
0.03237569
0.02942667
0.02614189
0.02295720
0.02054418
0.01880088
0.01727564
0.01569399
0.01378689
0.01137133
0.00858830
0.00574728
0.00304321
0.00053188
-0.00157859
-0.00286539
-0.00315630
-0.00261891
-0.00171609
-0.00049701
0.00136624
0.00387152
0.00641022
0.00834124
0.00956148
0.01026154
0.01084139
0.01158211
0.01261701
0.01403162
0.01581000
0.01753368
0.01919875
0.02112760
0.02319829
0.02494362
0.02582058
0.02549980
0.02420294
0.02246508
0.02059303
0.01892968
0.01794889
0.01767607
0.01743438
0.01647987
0.01448058
0.01177631
0.00924824
0.00767235
0.00746543
0.00816353
0.00882485
0.00891676
0.00855912
0.00804214
0.00745944
0.00699644
0.00682008
0.00703590
0.00765596
0.00843960
0.00931962
0.01039467
0.01180990
0.01378627
0.01633799
0.01920166
0.02205803
0.02489330
0.02808017
0.03170616
0.03513506
0.03760483
0.03906857
0.03997575
0.04070479
0.04145626
0.04187112
0.04126146
0.03964178
0.03794507
0.03688495
0.03645466
0.03598750
0.03496878
0.03344780
0.03196297
0.03059630
0.02879971
0.02653553
0.02397691
0.02129755
0.01860068
0.01591119
0.01320901
0.01013953
0.00639668
0.00218668
-0.00232958
-0.00698533
-0.01149073
-0.01525979
-0.01794976
-0.01948212
-0.02017927
-0.02064269
-0.02110147
-0.02165153
-0.02240763
-0.02354736
-0.02533067
-0.02781077
-0.03097397
-0.03444905
-0.03736876
-0.03879319
-0.03878302
-0.03812500
-0.03704563
-0.03551007
-0.03363585
-0.03190086
-0.03092211
-0.03055136
-0.03003899
-0.02895913
-0.02766950
-0.02686722
-0.02698894
-0.02780406
-0.02859461
-0.02910892
-0.02970948
-0.03070353
-0.03183638
-0.03255741
-0.03270525
-0.03270778
-0.03270506
-0.03230398
-0.03151269
-0.03055246
-0.02946106
-0.02821437
-0.02691591
-0.02592991
-0.02543474
-0.02475455
-0.02310831
-0.02073013
-0.01843341
-0.01656017
-0.01511504
-0.01346052
-0.01058845
-0.00651466
-0.00180654
0.00278142
0.00644352
0.00865671
0.00942207
0.00915067
0.00805959
0.00648436
0.00474859
0.00273431
0.00080733
-0.00042523
-0.00069135
-0.00029176
0.00086201
0.00278259
0.00488998
0.00672888
0.00827294
0.00944031
0.01027556
0.01078219
0.01097769
0.01098649
0.01096111
0.01098808
0.01120878
0.01173579
0.01227524
0.01235592
0.01198778
0.01180167
0.01238770
0.01415887
0.01671928
0.01906276
0.02044213
0.02072786
0.02038426
0.01969753
0.01868901
0.01734742
0.01515038
0.01201636
0.00856489
0.00529807
0.00281818
0.00217589
0.00379852
0.00686610
0.01010494
0.01282712
0.01529481
0.01788157
0.02093324
0.02458393
0.02820835
0.03090191
0.03251769
0.03339596
0.03377064
0.03387742
0.03392036
0.03390065
0.03336073
0.03230927
0.03129076
0.03025272
0.02889650
0.02731110
0.02577071
0.02434964
0.02267746
0.02012569
0.01624672
0.01157662
0.00733684
0.00431349
0.00253563
0.00161657
0.00139705
0.00160571
0.00181325
0.00196366
0.00256770
0.00356918
0.00437189
0.00470413
0.00499818
0.00563335
0.00623243
0.00662849
0.00705594
0.00797810
0.00918751
0.01001203
0.01015078
0.00985868
0.00958937
0.00969635
0.01031463
0.01107092
0.01160923
0.01201752
0.01234215
0.01252103
0.01255388
0.01252044
0.01250153
0.01252269
0.01256675
0.01274148
0.01335552
0.01440639
0.01565797
0.01699965
0.01796630
0.01826355
0.01808639
0.01783040
0.01739892
0.01630682
0.01462515
0.01267545
0.01049735
0.00784941
0.00445043
0.00039986
-0.00388851
-0.00787661
-0.01116617
-0.01400585
-0.01678731
-0.01961034
-0.02264677
-0.02559680
-0.02805268
-0.03019683
-0.03211692
-0.03355008
-0.03464247
-0.03593233
-0.03759570
-0.03930580
-0.04082118
-0.04173948
-0.04193532
-0.04169479
-0.04144127
-0.04141227
-0.04156585
-0.04172793
-0.04171785
-0.04114365
-0.03992293
-0.03829873
-0.03624298
-0.03374550
-0.03099664
-0.02823212
-0.02562243
-0.02351537
-0.02184283
-0.02000267
-0.01769193
-0.01535443
-0.01331930
-0.01138347
-0.00965356
-0.00808837
-0.00646915
-0.00487884
-0.00367953
-0.00296462
-0.00280504
-0.00310584
-0.00351628
-0.00394992
-0.00431800
-0.00423660
-0.00359076
-0.00239154
-0.00096290
0.00048846
0.00170377
0.00239387
0.00278907
0.00324496
0.00412947
0.00568218
0.00738185
0.00871910
0.00965295
0.01019451
0.01037663
0.01036303
0.01035357
0.01033778
0.00995415
0.00895467
0.00749543
0.00594487
0.00463220
0.00395656
0.00420492
0.00505481
0.00600774
0.00659986
0.00658381
0.00597585
0.00522709
0.00467459
0.00405046
0.00346265
0.00291528
0.00218351
0.00144698
0.00103870
0.00099870
0.00112372
0.00119954
0.00102241
0.00046167
-0.00016532
-0.00019990
0.00077801
0.00236666
0.00402378
0.00524817
0.00608651
0.00682136
0.00741901
0.00773095
0.00777330
0.00770397
0.00766145
0.00754606
0.00700039
0.00613061
0.00566222
0.00584214
0.00641262
0.00711896
0.00790319
0.00895555
0.00995188
0.01044134
0.01039072
0.00986136
0.00878159
0.00734577
0.00581751
0.00478642
0.00453575
0.00478188
0.00504319
0.00506586
0.00507770
0.00559157
0.00695818
0.00923852
0.01207042
0.01458841
0.01587183
0.01607120
0.01626668
0.01706190
0.01806005
0.01883398
0.01955920
0.02039392
0.02107451
0.02170344
0.02266136
0.02398184
0.02552011
0.02701296
0.02840715
0.02970655
0.03100930
0.03193542
0.03199677
0.03103545
0.02921566
0.02682427
0.02422718
0.02187846
0.02015378
0.01921629
0.01897968
0.01908447
0.01916384
0.01904889
0.01859808
0.01770816
0.01659224
0.01532616
0.01409774
0.01307545
0.01215675
0.01129739
0.01013082
0.00822920
0.00578817
0.00310782
0.00078821
-0.00098337
-0.00267689
-0.00424302
-0.00523563
-0.00573980
-0.00601172
-0.00608979
-0.00647353
-0.00726861
-0.00814927
-0.00918497
-0.01036242
-0.01171341
-0.01307591
-0.01444759
-0.01566871
-0.01662205
-0.01729651
-0.01788193
-0.01833534
-0.01828243
-0.01778820
-0.01732100
-0.01719478
-0.01748236
-0.01799797
-0.01817297
-0.01787460
-0.01745500
-0.01709631
-0.01653071
-0.01552561
-0.01427870
-0.01308881
-0.01189104
-0.01055124
-0.00872515
-0.00663054
-0.00498286
-0.00391413
-0.00318600
-0.00235620
-0.00073283
0.00184702
0.00492353
0.00792049
0.01056749
0.01286741
0.01472796
0.01570085
0.01537857
0.01399711
0.01202702
0.00968830
0.00691284
0.00382526
0.00121799
-0.00054817
-0.00216424
-0.00429486
-0.00658528
-0.00828559
-0.00929016
-0.00964628
-0.00946080
-0.00937583
-0.00978337
-0.01049195
-0.01162012
-0.01346119
-0.01568048
-0.01767973
-0.01936589
-0.02063749
-0.02131628
-0.02176368
-0.02250874
-0.02345694
-0.02411938
-0.02426737
-0.02408224
-0.02388494
-0.02385433
-0.02396048
-0.02407711
-0.02411328
-0.02390131
-0.02305501
-0.02169548
-0.02010060
-0.01883809
-0.01836329
-0.01853579
-0.01894445
-0.01952142
-0.02043992
-0.02161602
-0.02254235
-0.02299972
-0.02330198
-0.02335269
-0.02243641
-0.02048837
-0.01836783
-0.01642650
-0.01437604
-0.01193261
-0.00915151
-0.00641174
-0.00417837
-0.00256851
-0.00151709
-0.00082926
-0.00019861
0.00051501
0.00148424
0.00261139
0.00377962
0.00502907
0.00615533
0.00719279
0.00831522
0.00944573
0.01020574
0.01041651
0.01026328
0.00989109
0.00933896
0.00863721
0.00771410
0.00677604
0.00621935
0.00619829
0.00671971
0.00770933
0.00877310
0.00959725
0.01014120
0.01036087
0.01014184
0.00959640
0.00913527
0.00902237
0.00918908
0.00938745
0.00944585
0.00942265
0.00971196
0.01064845
0.01212535
0.01380788
0.01561251
0.01745417
0.01915915
0.02082105
0.02232006
0.02353390
0.02452933
0.02507202
0.02530615
0.02542138
0.02514478
0.02431920
0.02339855
0.02283575
0.02239784
0.02159909
0.02020634
0.01823457
0.01620435
0.01492968
0.01470703
0.01507755
0.01539473
0.01535853
0.01494741
0.01410251
0.01273620
0.01060152
0.00759126
0.00408307
0.00051994
-0.00269631
-0.00520615
-0.00685048
-0.00828320
-0.01002160
-0.01159867
-0.01240667
-0.01255388
-0.01267750
-0.01303238
-0.01343583
-0.01384006
-0.01435939
-0.01481154
-0.01481579
-0.01423200
-0.01334915
-0.01232102
-0.01115587
-0.01004140
-0.00919423
-0.00839271
-0.00731446
-0.00592405
-0.00457453
-0.00357819
-0.00293462
-0.00241355
-0.00185482
-0.00138618
-0.00097500
-0.00072236
-0.00088267
-0.00147873
-0.00223039
-0.00273778
-0.00308401
-0.00373367
-0.00488134
-0.00614034
-0.00714246
-0.00803247
-0.00914604
-0.01052326
-0.01174850
-0.01265920
-0.01354637
-0.01471126
-0.01610638
-0.01729684
-0.01808919
-0.01853597
-0.01870728
-0.01872228
-0.01865968
-0.01836911
-0.01772062
-0.01620022
-0.01354316
-0.01050936
-0.00789449
-0.00604037
-0.00471513
-0.00316114
-0.00082806
0.00214666
0.00515734
0.00752001
0.00893617
0.00956532
0.01006293
0.01094692
0.01198592
0.01264642
0.01273556
0.01249483
0.01241575
0.01271339
0.01293190
0.01280927
0.01253453
0.01235707
0.01233829
0.01240224
0.01245472
0.01245499
0.01243148
0.01268835
0.01360769
0.01474678
0.01538592
0.01499995
0.01363055
0.01190403
0.00998788
0.00795004
0.00609692
0.00441811
0.00245338
-0.00012060
-0.00294031
-0.00527865
-0.00701896
-0.00834151
-0.00937858
-0.01045169
-0.01193615
-0.01369539
-0.01545019
-0.01738985
-0.01954149
-0.02159134
-0.02351059
-0.02535613
-0.02696771
-0.02801691
-0.02836160
-0.02825189
-0.02802879
-0.02768498
-0.02717524
-0.02640337
-0.02526370
-0.02377401
-0.02174534
-0.01888338
-0.01542076
-0.01180111
-0.00841362
-0.00537376
-0.00260152
-0.00007109
0.00203700
0.00350846
0.00419222
0.00425444
0.00409890
0.00404501
0.00415680
0.00431766
0.00442126
0.00478481
0.00576285
0.00720805
0.00880435
0.01004028
0.01057090
0.01029890
0.00967085
0.00883149
0.00781218
0.00704747
0.00682124
0.00698404
0.00711444
0.00655268
0.00525851
0.00379111
0.00254215
0.00171834
0.00110897
0.00030095
-0.00066842
-0.00164765
-0.00264370
-0.00353433
-0.00440453
-0.00558785
-0.00735255
-0.00942039
-0.01116902
-0.01224495
-0.01309672
-0.01412860
-0.01555734
-0.01696449
-0.01772179
-0.01772634
-0.01738467
-0.01741384
-0.01833920
-0.01937531
-0.01927246
-0.01789056
-0.01564873
-0.01311618
-0.01092379
-0.00920729
-0.00776078
-0.00643632
-0.00509332
-0.00408805
-0.00369769
-0.00395991
-0.00483829
-0.00598494
-0.00701007
-0.00789575
-0.00844271
-0.00855024
-0.00816225
-0.00722896
-0.00583679
-0.00380709
-0.00085996
0.00272662
0.00614385
0.00862349
0.00982587
0.01028917
0.01088828
0.01189962
0.01341606
0.01535353
0.01725994
0.01879005
0.02009708
0.02174885
0.02393260
0.02603386
0.02771095
0.02885755
0.02962437
0.03013392
0.03039624
0.03047279
0.03034464
0.02964986
0.02824642
0.02671218
0.02546407
0.02456916
0.02410339
0.02375209
0.02292364
0.02183318
0.02092105
0.02011094
0.01930264
0.01836769
0.01680303
0.01457526
0.01233567
0.01045351
0.00857892
0.00628073
0.00335517
-0.00013830
-0.00367190
-0.00653134
-0.00860018
-0.01048163
-0.01257438
-0.01489079
-0.01737137
-0.01975109
-0.02190946
-0.02411899
-0.02661988
-0.02936316
-0.03192578
-0.03358122
-0.03402865
-0.03362135
-0.03250887
-0.03053046
-0.02762429
-0.02422770
-0.02099984
-0.01812511
-0.01559419
-0.01367649
-0.01207191
-0.01026698
-0.00844211
-0.00660190
-0.00460554
-0.00296116
-0.00205452
-0.00133047
-0.00024098
0.00145176
0.00357674
0.00594690
0.00835112
0.01053541
0.01236894
0.01352234
0.01386941
0.01372625
0.01353452
0.01354246
0.01390927
0.01478383
0.01592808
0.01708272
0.01824997
0.01909007
0.01936609
0.01923857
0.01905208
0.01902388
0.01914309
0.01927856
0.01933045
0.01926632
0.01892255
0.01803790
0.01645026
0.01439056
0.01244676
0.01096369
0.00985942
0.00901783
0.00827233
0.00734660
0.00630910
0.00529456
0.00420034
0.00293841
0.00155537
0.00014806
-0.00123045
-0.00256962
-0.00384435
-0.00480763
-0.00527377
-0.00556141
-0.00596445
-0.00643573
-0.00694062
-0.00722038
-0.00726872
-0.00709716
-0.00665428
-0.00596516
-0.00531494
-0.00492222
-0.00456418
-0.00414235
-0.00381750
-0.00370336
-0.00375580
-0.00394544
-0.00447839
-0.00551800
-0.00692498
-0.00841441
-0.00981295
-0.01116715
-0.01254033
-0.01378721
-0.01456477
-0.01475885
-0.01461309
-0.01446426
-0.01447250
-0.01446746
-0.01414763
-0.01363473
-0.01325675
-0.01302041
-0.01250591
-0.01156515
-0.01033216
-0.00875277
-0.00683645
-0.00436495
-0.00124174
0.00205002
0.00467225
0.00624346
0.00705377
0.00735941
0.00744723
0.00730616
0.00732361
0.00798062
0.00887907
0.00946636
0.00993461
0.01054950
0.01152760
0.01286906
0.01438475
0.01578820
0.01660158
0.01671458
0.01642889
0.01593036
0.01533710
0.01470074
0.01413852
0.01373484
0.01305367
0.01201699
0.01111294
0.01043788
0.00964869
0.00850993
0.00702762
0.00524444
0.00359572
0.00253636
0.00235535
0.00273915
0.00284664
0.00231496
0.00124938
-0.00009148
-0.00138709
-0.00230725
-0.00299273
-0.00377401
-0.00454380
-0.00507817
-0.00560455
-0.00649069
-0.00781898
-0.00940802
-0.01084001
-0.01177541
-0.01246010
-0.01322836
-0.01406772
-0.01489326
-0.01574052
-0.01684257
-0.01802921
-0.01914480
-0.02024401
-0.02129686
-0.02201737
-0.02223549
-0.02193350
-0.02123775
-0.02025892
-0.01900441
-0.01761346
-0.01581484
-0.01340654
-0.01056194
-0.00765669
-0.00510024
-0.00312760
-0.00144878
0.00014143
0.00172313
0.00344278
0.00518628
0.00675756
0.00808471
0.00911850
0.01011875
0.01131180
0.01258930
0.01384315
0.01478182
0.01521755
0.01549849
0.01592699
0.01638044
0.01663768
0.01670945
0.01689949
0.01707526
0.01691669
0.01631447
0.01549116
0.01458023
0.01347944
0.01195591
0.01024218
0.00842017
0.00643719
0.00482770
0.00396294
0.00328478
0.00248070
0.00172941
0.00104790
0.00050488
0.00024451
0.00026641
0.00040222
0.00047024
0.00040715
0.00028590
0.00021368
0.00035960
0.00088113
0.00165148
0.00260896
0.00376508
0.00507116
0.00630130
0.00733468
0.00842805
0.00941595
0.00994153
0.00997381
0.00978145
0.00946167
0.00878099
0.00781764
0.00726314
0.00757838
0.00831416
0.00861154
0.00807503
0.00721059
0.00651256
0.00585445
0.00508823
0.00430407
0.00357589
0.00290577
0.00186725
0.00016007
-0.00165212
-0.00269928
-0.00274097
-0.00204372
-0.00094974
0.00008059
0.00080564
0.00130813
0.00180549
0.00241226
0.00289713
0.00285831
0.00223902
0.00130609
0.00022432
-0.00075698
-0.00149251
-0.00204541
-0.00261485
-0.00352115
-0.00490360
-0.00661863
-0.00859409
-0.01091225
-0.01349178
-0.01592177
-0.01802456
-0.01979293
-0.02103064
-0.02179434
-0.02227610
-0.02260091
-0.02304798
-0.02363945
-0.02404494
-0.02385967
-0.02314368
-0.02223224
-0.02151736
-0.02120030
-0.02089364
-0.02007514
-0.01863559
-0.01689055
-0.01526439
-0.01401779
-0.01323707
-0.01259627
-0.01163972
-0.01024154
-0.00862716
-0.00709353
-0.00575407
-0.00462042
-0.00377745
-0.00309585
-0.00244587
-0.00172428
-0.00106951
-0.00070317
-0.00065160
-0.00075388
-0.00083030
-0.00081614
-0.00087561
-0.00125275
-0.00178560
-0.00237125
-0.00313620
-0.00365595
-0.00364502
-0.00331281
-0.00304294
-0.00314723
-0.00372553
-0.00440515
-0.00474545
-0.00465943
-0.00438039
-0.00404981
-0.00358909
-0.00294193
-0.00197884
-0.00068458
0.00077481
0.00221938
0.00359998
0.00494001
0.00608757
0.00654929
0.00613463
0.00524556
0.00436143
0.00392054
0.00398970
0.00426799
0.00442206
0.00418662
0.00353552
0.00289517
0.00263719
0.00277175
0.00321354
0.00386233
0.00457406
0.00528653
0.00601422
0.00696217
0.00818961
0.00935426
0.01002893
0.01033268
0.01062582
0.01092185
0.01090008
0.01044951
0.00993089
0.00969546
0.00977039
0.00991931
0.00971075
0.00881236
0.00735510
0.00578276
0.00457002
0.00363714
0.00270430
0.00191478
0.00121943
0.00034185
-0.00057180
-0.00112581
-0.00117907
-0.00101599
-0.00124509
-0.00217820
-0.00335347
-0.00401600
-0.00371761
-0.00276038
-0.00170049
-0.00093743
-0.00044480
-0.00007657
0.00015749
0.00028260
0.00059290
0.00116361
0.00168060
0.00188212
0.00179903
0.00164204
0.00166095
0.00208989
0.00273171
0.00316326
0.00321578
0.00312884
0.00328826
0.00345969
0.00328268
0.00273317
0.00237191
0.00252257
0.00292856
0.00320402
0.00320547
0.00304894
0.00291902
0.00290467
0.00297902
0.00307939
0.00324428
0.00365848
0.00419000
0.00465511
0.00512221
0.00553905
0.00578235
0.00583251
0.00577693
0.00559132
0.00512961
0.00445931
0.00371211
0.00303121
0.00226334
0.00098525
-0.00101647
-0.00339114
-0.00587362
-0.00823802
-0.01015795
-0.01156017
-0.01270713
-0.01392841
-0.01533350
-0.01666788
-0.01782528
-0.01898782
-0.02005287
-0.02089296
-0.02133135
-0.02120338
-0.02058409
-0.01998781
-0.01976419
-0.01965908
-0.01926928
-0.01829689
-0.01685447
-0.01529821
-0.01389132
-0.01261514
-0.01114064
-0.00929766
-0.00734967
-0.00524497
-0.00261749
0.00039727
0.00340216
0.00618230
0.00868356
0.01060966
0.01203803
0.01311530
0.01373390
0.01384958
0.01339404
0.01242534
0.01137356
0.01042316
0.00911281
0.00730801
0.00542629
0.00393479
0.00299321
0.00211622
0.00108730
0.00003712
-0.00072102
-0.00099086
-0.00090297
-0.00083306
-0.00120352
-0.00199560
-0.00295671
-0.00367094
-0.00402054
-0.00444817
-0.00526200
-0.00625531
-0.00728600
-0.00828445
-0.00910700
-0.00990567
-0.01094859
-0.01229413
-0.01393596
-0.01601488
-0.01840983
-0.02057452
-0.02201450
-0.02255054
-0.02229434
-0.02157783
-0.02063741
-0.01933290
-0.01776536
-0.01601496
-0.01407486
-0.01204317
-0.01017132
-0.00885779
-0.00793759
-0.00695616
-0.00562643
-0.00400351
-0.00235262
-0.00086826
0.00040615
0.00138108
0.00212789
0.00296921
0.00390668
0.00461486
0.00512562
0.00583626
0.00675211
0.00746968
0.00792366
0.00831472
0.00864884
0.00888054
0.00920232
0.00973697
0.01024634
0.01044223
0.01005658
0.00903808
0.00794285
0.00740295
0.00749772
0.00785947
0.00803963
0.00761739
0.00653519
0.00538367
0.00482715
0.00495038
0.00529970
0.00527312
0.00496422
0.00459613
0.00425874
0.00408064
0.00408760
0.00419767
0.00424217
0.00392518
0.00331948
0.00284263
0.00273493
0.00290732
0.00310158
0.00316135
0.00310538
0.00310725
0.00336739
0.00356069
0.00334265
0.00257317
0.00140996
0.00043030
0.00000035
-0.00029250
-0.00088715
-0.00137592
-0.00136934
-0.00102331
-0.00063174
-0.00019026
0.00023928
0.00048458
0.00051259
0.00045511
0.00043669
0.00039762
-0.00000323
-0.00099205
-0.00233647
-0.00347836
-0.00422905
-0.00473094
-0.00537727
-0.00631452
-0.00716196
-0.00778600
-0.00858328
-0.00946753
-0.01026947
-0.01120989
-0.01209744
-0.01256370
-0.01256792
-0.01235975
-0.01206923
-0.01148087
-0.01053531
-0.00966945
-0.00926702
-0.00903367
-0.00816476
-0.00649998
-0.00452950
-0.00278880
-0.00147949
-0.00037265
0.00069065
0.00146381
0.00194912
0.00259497
0.00354350
0.00455265
0.00557507
0.00654345
0.00731928
0.00775632
0.00778714
0.00763500
0.00731977
0.00700649
0.00686989
0.00689997
0.00695270
0.00674882
0.00595383
0.00474034
0.00343930
0.00214681
0.00124874
0.00095935
0.00107369
0.00120611
0.00113327
0.00089258
0.00065666
0.00054562
0.00052832
0.00049453
0.00039687
0.00024241
-0.00015397
-0.00103807
-0.00216605
-0.00295987
-0.00315752
-0.00297711
-0.00282679
-0.00313511
-0.00410999
-0.00533090
-0.00612887
-0.00627736
-0.00605439
-0.00586364
-0.00585715
-0.00573837
-0.00506218
-0.00380518
-0.00254496
-0.00185544
-0.00132193
0.00000722
0.00221286
0.00452395
0.00653439
0.00847857
0.01028858
0.01164413
0.01244792
0.01293781
0.01320147
0.01317388
0.01342480
0.01430547
0.01506870
0.01501464
0.01416265
0.01309277
0.01224743
0.01167568
0.01091663
0.00976831
0.00822806
0.00644758
0.00482827
0.00378873
0.00318559
0.00240332
0.00088495
-0.00122980
-0.00322012
-0.00437668
-0.00465796
-0.00508462
-0.00670574
-0.00947736
-0.01246753
-0.01514111
-0.01712235
-0.01825021
-0.01871881
-0.01882848
-0.01885545
-0.01893449
-0.01898323
-0.01869672
-0.01804817
-0.01711394
-0.01569539
-0.01381704
-0.01162301
-0.00913935
-0.00626609
-0.00300638
0.00007134
0.00254260
0.00436008
0.00572976
0.00697699
0.00823052
0.00928627
0.01016912
0.01108716
0.01190668
0.01234984
0.01247493
0.01264369
0.01273528
0.01258503
0.01224819
0.01161469
0.01064904
0.00963632
0.00881099
0.00834820
0.00813181
0.00778890
0.00729225
0.00691562
0.00695336
0.00738032
0.00775954
0.00789495
0.00763677
0.00717909
0.00688980
0.00688747
0.00689421
0.00654322
0.00581879
0.00492305
0.00393580
0.00276780
0.00163722
0.00057659
-0.00037051
-0.00113926
-0.00180144
-0.00226348
-0.00261266
-0.00305844
-0.00347730
-0.00368598
-0.00350132
-0.00272670
-0.00162916
-0.00084898
-0.00068586
-0.00073074
-0.00023637
0.00084558
0.00188247
0.00275557
0.00370804
0.00491547
0.00626106
0.00722510
0.00776579
0.00833620
0.00888972
0.00901293
0.00855968
0.00795812
0.00762129
0.00745492
0.00735159
0.00728544
0.00724997
0.00723326
0.00722322
0.00721501
0.00720961
0.00720838
0.00721045
0.00721327
0.00721094
0.00713619
0.00672190
0.00585361
0.00511088
0.00480126
0.00472101
0.00466305
0.00456291
0.00445883
0.00445277
0.00473289
0.00504945
0.00526984
0.00555140
0.00608335
0.00674488
0.00718823
0.00726791
0.00712536
0.00690581
0.00642702
0.00555004
0.00465608
0.00420933
0.00425427
0.00441005
0.00416432
0.00346536
0.00253331
0.00177960
0.00141534
0.00112813
0.00066236
0.00003177
-0.00029268
-0.00018385
-0.00008193
-0.00002487
0.00011115
0.00027082
0.00036291
0.00027889
-0.00016795
-0.00090765
-0.00175329
-0.00249567
-0.00325072
-0.00413502
-0.00487521
-0.00519435
-0.00513649
-0.00508258
-0.00543948
-0.00591895
-0.00590476
-0.00553784
-0.00535459
-0.00529621
-0.00519960
-0.00509554
-0.00503909
-0.00501747
-0.00500420
-0.00499038
-0.00497864
-0.00497259
-0.00496676
-0.00483398
-0.00439851
-0.00385747
-0.00353876
-0.00352313
-0.00347521
-0.00304360
-0.00228051
-0.00142206
-0.00068068
-0.00006230
0.00049248
0.00111143
0.00164158
0.00189266
0.00188061
0.00178334
0.00191636
0.00244830
0.00305730
0.00352883
0.00378504
0.00362772
0.00324120
0.00296108
0.00276527
0.00241631
0.00201237
0.00172717
0.00137253
0.00061534
-0.00040444
-0.00137651
-0.00233713
-0.00345259
-0.00470521
-0.00560274
-0.00589893
-0.00595941
-0.00602945
-0.00593762
-0.00550505
-0.00478575
-0.00402517
-0.00354235
-0.00322669
-0.00280150
-0.00218681
-0.00169970
-0.00169052
-0.00179365
-0.00158603
-0.00139119
-0.00164182
-0.00237270
-0.00325968
-0.00381498
-0.00387318
-0.00365515
-0.00347218
-0.00342451
-0.00328743
-0.00312643
-0.00341756
-0.00398556
-0.00421146
-0.00398250
-0.00362491
-0.00341720
-0.00320602
-0.00279751
-0.00242437
-0.00249798
-0.00276603
-0.00276064
-0.00248149
-0.00219952
-0.00215710
-0.00251666
-0.00287356
-0.00275184
-0.00201052
-0.00081277
0.00032722
0.00118814
0.00202779
0.00307935
0.00409204
0.00464928
0.00468796
0.00448775
0.00430026
0.00399881
0.00354285
0.00312034
0.00273210
0.00252754
0.00242593
0.00217298
0.00165457
0.00126744
0.00140834
0.00210019
0.00288199
0.00302989
0.00251427
0.00214707
0.00240788
0.00300531
0.00342125
0.00344065
0.00327676
0.00343015
0.00399297
0.00455333
0.00481027
0.00506764
0.00584085
0.00718236
0.00844312
0.00900293
0.00887623
0.00852373
0.00835253
0.00836011
0.00815490
0.00759795
0.00670473
0.00559427
0.00469764
0.00427134
0.00391987
0.00309660
0.00169787
0.00012030
-0.00113542
-0.00218797
-0.00314068
-0.00409338
-0.00512567
-0.00597118
-0.00634785
-0.00630743
-0.00613203
-0.00606062
-0.00606541
-0.00581025
-0.00527929
-0.00473348
-0.00419757
-0.00363309
-0.00296315
-0.00224969
-0.00165589
-0.00154057
-0.00172622
-0.00162602
-0.00116292
-0.00070214
-0.00052664
-0.00061260
-0.00063975
-0.00028017
0.00017293
0.00026549
0.00008010
-0.00030041
-0.00087064
-0.00157993
-0.00212423
-0.00248136
-0.00289785
-0.00331652
-0.00355787
-0.00358444
-0.00350627
-0.00344989
-0.00345333
-0.00331650
-0.00302162
-0.00298660
-0.00344636
-0.00427742
-0.00493895
-0.00488663
-0.00416282
-0.00338246
-0.00283976
-0.00242871
-0.00187353
-0.00072116
0.00086584
0.00208356
0.00268439
0.00317765
0.00386455
0.00452929
0.00505805
0.00528125
0.00518301
0.00549483
0.00644354
0.00740294
0.00781882
0.00769122
0.00738969
0.00724235
0.00732031
0.00750386
0.00757301
0.00729370
0.00694344
0.00663082
0.00606617
0.00532991
0.00481383
0.00453349
0.00390139
0.00290525
0.00203955
0.00135077
0.00058250
-0.00014781
-0.00053147
-0.00052759
-0.00045136
-0.00084496
-0.00185965
-0.00292970
-0.00344745
-0.00334316
-0.00284928
-0.00229914
-0.00222072
-0.00262395
-0.00306916
-0.00322995
-0.00309849
-0.00288837
-0.00292395
-0.00341928
-0.00406413
-0.00443179
-0.00454353
-0.00477668
-0.00517758
-0.00550933
-0.00561034
-0.00536719
-0.00474397
-0.00392770
-0.00293299
-0.00174068
-0.00058124
0.00030584
0.00111898
0.00199927
0.00285691
0.00379635
0.00478326
0.00548522
0.00590212
0.00649483
0.00739985
0.00801091
0.00799255
0.00783668
0.00771323
0.00741931
0.00701974
0.00657650
0.00626914
0.00615525
0.00603120
0.00602912
0.00615372
0.00628299
0.00632098
0.00628279
0.00619926
0.00599067
0.00599150
0.00659620
0.00737904
0.00757640
0.00698993
0.00624483
0.00610197
0.00653311
0.00702694
0.00725766
0.00744821
0.00780184
0.00815895
0.00833409
0.00825980
0.00783296
0.00716776
0.00637716
0.00539176
0.00415045
0.00273823
0.00125188
-0.00045039
-0.00233950
-0.00410654
-0.00557005
-0.00670382
-0.00725631
-0.00740612
-0.00745357
-0.00726369
-0.00686623
-0.00654222
-0.00637785
-0.00609022
-0.00561827
-0.00521505
-0.00506911
-0.00513546
-0.00516090
-0.00488391
-0.00464985
-0.00467515
-0.00458008
-0.00421107
-0.00390193
-0.00399967
-0.00416205
-0.00393898
-0.00324074
-0.00249434
-0.00213306
-0.00207583
-0.00200545
-0.00202403
-0.00206258
-0.00190916
-0.00170450
-0.00156448
-0.00184238
-0.00254086
-0.00299339
-0.00300264
-0.00302859
-0.00329127
-0.00374391
-0.00434597
-0.00471978
-0.00461785
-0.00433968
-0.00385198
-0.00324770
-0.00288822
-0.00285988
-0.00339038
-0.00432482
-0.00488387
-0.00456261
-0.00397543
-0.00397192
-0.00452657
-0.00509057
-0.00527479
-0.00494468
-0.00421284
-0.00354190
-0.00312018
-0.00276433
-0.00246315
-0.00229962
-0.00227564
-0.00231190
-0.00233132
-0.00232039
-0.00247812
-0.00313659
-0.00397865
-0.00426749
-0.00394425
-0.00345228
-0.00300208
-0.00258841
-0.00231276
-0.00219112
-0.00198365
-0.00170513
-0.00147389
-0.00123699
-0.00122633
-0.00142311
-0.00162553
-0.00165416
-0.00135491
-0.00094583
-0.00068488
-0.00043559
-0.00001240
0.00041389
0.00062189
0.00054456
0.00010809
-0.00052872
-0.00093695
-0.00070397
0.00003905
0.00068654
0.00083973
0.00059516
0.00030571
0.00021459
0.00031704
0.00046817
0.00056053
0.00057373
0.00048739
0.00011448
-0.00053299
-0.00132863
-0.00197326
-0.00202216
-0.00169861
-0.00131676
-0.00093365
-0.00042580
0.00010333
0.00020920
0.00009844
0.00043410
0.00124052
0.00201375
0.00260534
0.00301991
0.00321216
0.00322221
0.00317198
0.00324953
0.00378200
0.00480953
0.00571279
0.00583414
0.00544043
0.00483569
0.00406327
0.00339147
0.00310122
0.00306773
0.00282056
0.00216750
0.00138855
0.00113389
0.00159905
0.00225352
0.00213036
0.00124190
0.00023990
-0.00051941
-0.00104070
-0.00154352
-0.00197905
-0.00219040
-0.00218441
-0.00210139
-0.00206429
-0.00209848
-0.00215734
-0.00218118
-0.00199043
-0.00147046
-0.00092105
-0.00061551
-0.00036484
0.00006159
0.00050539
0.00076693
0.00100958
0.00142160
0.00180232
0.00172328
0.00116312
0.00059389
0.00043880
0.00085620
0.00131694
0.00128983
0.00089309
0.00055115
0.00050026
0.00066118
0.00082766
0.00087354
0.00081331
0.00073384
0.00070114
0.00072064
0.00076388
0.00081358
0.00084607
0.00083753
0.00081777
0.00081994
0.00084116
0.00086145
0.00086810
0.00086299
0.00085548
0.00085258
0.00085531
0.00086966
0.00090550
0.00093739
0.00077177
0.00043665
0.00037447
0.00062522
0.00091193
0.00102071
0.00096478
0.00088492
0.00086137
0.00070897
0.00019853
-0.00061774
-0.00142899
-0.00167831
-0.00142641
-0.00127747
-0.00137948
-0.00114981
-0.00023269
0.00104789
0.00233019
0.00327472
0.00370323
0.00400504
0.00471080
0.00570501
0.00643533
0.00665206
0.00676051
0.00714305
0.00781723
0.00834705
0.00861965
0.00877612
0.00887561
0.00893032
0.00903978
0.00936291
0.00955853
0.00946973
0.00960032
0.01033828
0.01104409
0.01073151
0.00962220
0.00855061
0.00788824
0.00752583
0.00710128
0.00633602
0.00519745
0.00425837
0.00358789
0.00292512
0.00219952
0.00145041
0.00092095
0.00057313
-0.00001396
-0.00093086
-0.00171966
-0.00200908
-0.00206696
-0.00255638
-0.00352772
-0.00436846
-0.00464764
-0.00446443
-0.00419179
-0.00409609
-0.00417659
-0.00428694
-0.00432351
-0.00428099
-0.00419887
-0.00417990
-0.00448877
-0.00511864
-0.00590885
-0.00657986
-0.00686689
-0.00679863
-0.00655172
-0.00606428
-0.00520358
-0.00427384
-0.00357103
-0.00273507
-0.00165525
-0.00047440
0.00059013
0.00109775
0.00138070
0.00228228
0.00365066
0.00465430
0.00487651
0.00458416
0.00429375
0.00428998
0.00476547
0.00574996
0.00650569
0.00669031
0.00674365
0.00695842
0.00724595
0.00743042
0.00745712
0.00739580
0.00734213
0.00733990
0.00737317
0.00740439
0.00741183
0.00737684
0.00693802
0.00587664
0.00480474
0.00433151
0.00446756
0.00480257
0.00490516
0.00429972
0.00303442
0.00185611
0.00095734
0.00012261
-0.00062412
-0.00154990
-0.00273946
-0.00417211
-0.00551574
-0.00630810
-0.00676935
-0.00744247
-0.00830887
-0.00893720
-0.00910305
-0.00885052
-0.00801721
-0.00685087
-0.00603569
-0.00588938
-0.00607866
-0.00594583
-0.00531502
-0.00437102
-0.00355319
-0.00331412
-0.00374119
-0.00425467
-0.00448633
-0.00425851
-0.00374923
-0.00350421
-0.00404122
-0.00521914
-0.00627139
-0.00677218
-0.00712490
-0.00777962
-0.00855204
-0.00916985
-0.00982548
-0.01067633
-0.01143541
-0.01179773
-0.01191446
-0.01203234
-0.01197326
-0.01175020
-0.01155704
-0.01151157
-0.01155980
-0.01125266
-0.01024411
-0.00911310
-0.00854512
-0.00863023
-0.00897584
-0.00917789
-0.00915056
-0.00923434
-0.00966241
-0.01017432
-0.01046166
-0.01063801
-0.01071181
-0.01031150
-0.00946968
-0.00856730
-0.00803888
-0.00773758
-0.00718533
-0.00649852
-0.00604146
-0.00590451
-0.00572168
-0.00524866
-0.00447661
-0.00368984
-0.00317662
-0.00255322
-0.00163942
-0.00074147
0.00024551
0.00129611
0.00200681
0.00235318
0.00297234
0.00394425
0.00472796
0.00497261
0.00481003
0.00459854
0.00454763
0.00472744
0.00524478
0.00579588
0.00587541
0.00559253
0.00527292
0.00534403
0.00577231
0.00604246
0.00570650
0.00501312
0.00450983
0.00444088
0.00463647
0.00449545
0.00353174
0.00231554
0.00163608
0.00167228
0.00204085
0.00229118
0.00225959
0.00206830
0.00191519
0.00189469
0.00196832
0.00204515
0.00203914
0.00176117
0.00115423
0.00034576
-0.00043074
-0.00086535
-0.00089682
-0.00073152
-0.00059816
-0.00058552
-0.00065594
-0.00067531
-0.00032125
0.00059552
0.00160414
0.00192377
0.00168244
0.00151394
0.00165287
0.00193470
0.00212485
0.00213921
0.00204969
0.00196997
0.00195720
0.00199278
0.00193539
0.00152570
0.00101445
0.00083597
0.00055344
-0.00008247
-0.00070804
-0.00097587
-0.00090072
-0.00084309
-0.00106082
-0.00147401
-0.00225374
-0.00314258
-0.00365592
-0.00353773
-0.00301384
-0.00278083
-0.00303807
-0.00345937
-0.00367827
-0.00360226
-0.00341168
-0.00331621
-0.00335009
-0.00342988
-0.00349146
-0.00350819
-0.00348818
-0.00344518
-0.00339603
-0.00336583
-0.00336566
-0.00339778
-0.00344814
-0.00348487
-0.00349163
-0.00347825
-0.00346073
-0.00343387
-0.00339870
-0.00337280
-0.00336624
-0.00337290
-0.00338024
-0.00338102
-0.00337633
-0.00336937
-0.00327380
-0.00277464
-0.00177048
-0.00067908
0.00017636
0.00065299
0.00085965
0.00118754
0.00169878
0.00212235
0.00235942
0.00268668
0.00301770
0.00292854
0.00249008
0.00210764
0.00201935
0.00215662
0.00232029
0.00251541
0.00305907
0.00400107
0.00499806
0.00595405
0.00688695
0.00756514
0.00781180
0.00772050
0.00720392
0.00616599
0.00519184
0.00480832
0.00497236
0.00528126
0.00540667
0.00531302
0.00531112
0.00552346
0.00557776
0.00539249
0.00518289
0.00511433
0.00517759
0.00529976
0.00557425
0.00583993
0.00578719
0.00568546
0.00571049
0.00565377
0.00548337
0.00532813
0.00527833
0.00531610
0.00536916
0.00538622
0.00536980
0.00536493
0.00539329
0.00543259
0.00545893
0.00537455
0.00472530
0.00359827
0.00270944
0.00248153
0.00268651
0.00261611
0.00179917
0.00063512
-0.00012772
-0.00020560
0.00004207
-0.00014439
-0.00109403
-0.00223042
-0.00291932
-0.00332848
-0.00393972
-0.00468648
-0.00516787
-0.00523087
-0.00505950
-0.00491581
-0.00491779
-0.00500666
-0.00506170
-0.00503847
-0.00497673
-0.00493195
-0.00491673
-0.00490322
-0.00488065
-0.00486539
-0.00499132
-0.00543564
-0.00612613
-0.00691562
-0.00750082
-0.00768878
-0.00756432
-0.00701672
-0.00591855
-0.00485231
-0.00419980
-0.00361839
-0.00284362
-0.00214742
-0.00181050
-0.00145417
-0.00054913
0.00051496
0.00111319
0.00110660
0.00081667
0.00055953
0.00008620
-0.00081244
-0.00167249
-0.00202889
-0.00191994
-0.00169561
-0.00162088
-0.00178094
-0.00244618
-0.00366071
-0.00516243
-0.00656922
-0.00735768
-0.00742751
-0.00714944
-0.00692275
-0.00667318
-0.00603454
-0.00510309
-0.00434025
-0.00363668
-0.00273640
-0.00189897
-0.00124660
-0.00070236
-0.00011079
0.00052106
0.00097100
0.00112211
0.00105913
0.00094099
0.00088527
0.00093204
0.00097687
0.00070435
0.00017472
0.00001046
0.00044105
0.00105598
0.00139819
0.00136257
0.00115200
0.00095860
0.00070454
0.00052849
0.00040555
0.00013903
-0.00036280
-0.00075549
-0.00094591
-0.00110331
-0.00124726
-0.00133189
-0.00134845
-0.00133110
-0.00131159
-0.00128777
-0.00126014
-0.00123485
-0.00119763
-0.00098413
-0.00025808
0.00042859
0.00042808
0.00026831
0.00019398
-0.00005226
-0.00031074
-0.00055607
-0.00082049
-0.00101182
-0.00106506
-0.00100996
-0.00094663
-0.00092495
-0.00093485
-0.00095103
-0.00095631
-0.00094916
-0.00094912
-0.00122228
-0.00212434
-0.00311634
-0.00333596
-0.00266098
-0.00155890
-0.00074329
-0.00057332
-0.00084829
-0.00114296
-0.00120235
-0.00105812
-0.00088706
-0.00082011
-0.00086271
-0.00092870
-0.00069099
0.00022533
0.00138133
0.00206395
0.00207531
0.00175486
0.00165819
0.00229079
0.00352412
0.00457824
0.00508063
0.00513682
0.00481477
0.00442208
0.00425319
0.00433829
0.00450795
0.00459669
0.00455605
0.00428288
0.00388235
0.00365698
0.00363429
0.00355689
0.00291585
0.00201320
0.00145791
0.00145904
0.00175150
0.00195942
0.00193165
0.00177096
0.00164077
0.00162370
0.00168476
0.00173329
0.00152547
0.00096900
0.00018931
-0.00057711
-0.00101319
-0.00104807
-0.00088450
-0.00076617
-0.00078917
-0.00086324
-0.00064655
0.00017074
0.00128992
0.00205268
0.00217769
0.00191008
0.00165836
0.00163509
0.00178680
0.00195858
0.00204505
0.00203217
0.00200465
0.00225606
0.00308815
0.00418014
0.00488634
0.00496743
0.00469081
0.00445471
0.00445218
0.00462609
0.00473853
0.00439973
0.00350797
0.00270438
0.00234600
0.00225813
0.00224231
0.00220602
0.00214332
0.00208554
0.00205776
0.00206025
0.00207573
0.00208685
0.00208736
0.00208136
0.00197174
0.00130782
0.00015489
-0.00064145
-0.00015478
0.00118429
0.00204546
0.00211682
0.00188016
0.00175469
0.00184439
0.00202815
0.00215404
0.00216621
0.00210832
0.00205349
0.00204110
0.00206306
0.00208953
0.00209954
0.00209257
0.00208065
0.00207451
0.00207636
0.00208171
0.00208537
0.00208546
0.00208348
0.00208180
0.00207776
0.00189696
0.00117073
0.00029626
-0.00033907
-0.00065220
-0.00069885
-0.00063266
-0.00059503
-0.00062551
-0.00067543
-0.00070306
-0.00069589
-0.00068475
-0.00069077
-0.00070729
-0.00071978
-0.00072154
-0.00070662
-0.00066849
-0.00062644
-0.00061444
-0.00064993
-0.00071479
-0.00102629
-0.00193165
-0.00303604
-0.00368135
-0.00368183
-0.00334439
-0.00308385
-0.00308270
-0.00323878
-0.00310936
-0.00223368
-0.00105722
-0.00034498
-0.00005808
0.00052538
0.00143458
0.00228433
0.00308443
0.00393564
0.00461086
0.00488718
0.00483020
0.00468411
0.00463894
0.00460261
0.00442001
0.00401056
0.00316613
0.00226533
0.00144724
0.00048084
-0.00036367
-0.00076526
-0.00108783
-0.00174521
-0.00244625
-0.00300852
-0.00330762
-0.00334714
-0.00325630
-0.00302456
-0.00274089
-0.00261183
-0.00244450
-0.00219378
-0.00180752
-0.00122769
-0.00090484
-0.00141310
-0.00256840
-0.00335084
-0.00292677
-0.00178114
-0.00130206
-0.00201630
-0.00317462
-0.00387804
-0.00404433
-0.00434024
-0.00510244
-0.00592061
-0.00632770
-0.00626592
-0.00600251
-0.00583312
-0.00585821
-0.00600061
-0.00613630
-0.00618416
-0.00615025
-0.00603119
-0.00546516
-0.00435655
-0.00334430
-0.00292987
-0.00282771
-0.00237573
-0.00149865
-0.00072213
-0.00043769
-0.00054206
-0.00052427
-0.00027210
0.00003476
0.00041702
0.00093261
0.00129330
0.00094071
-0.00001342
-0.00084650
-0.00107165
-0.00079938
-0.00047224
-0.00042750
-0.00083645
-0.00155037
-0.00211149
-0.00225294
-0.00211632
-0.00218387
-0.00264290
-0.00298956
-0.00301485
-0.00300505
-0.00288517
-0.00246645
-0.00175154
-0.00099999
-0.00057732
-0.00055927
-0.00071562
-0.00080206
-0.00076751
-0.00069020
-0.00064629
-0.00065521
-0.00069043
-0.00071736
-0.00072112
-0.00070914
-0.00069677
-0.00069318
-0.00069735
-0.00070303
-0.00070541
-0.00070404
-0.00070136
-0.00069977
-0.00069605
-0.00067263
-0.00063133
-0.00065182
-0.00098392
-0.00158092
-0.00206231
-0.00224851
-0.00245932
-0.00288538
-0.00325915
-0.00311797
-0.00249599
-0.00185902
-0.00134832
-0.00093572
-0.00070269
-0.00067247
-0.00074300
-0.00087570
-0.00130605
-0.00202359
-0.00217969
-0.00148072
-0.00059521
-0.00018146
-0.00031708
-0.00065226
-0.00084524
-0.00081523
-0.00066409
-0.00053621
-0.00050697
-0.00046792
-0.00021120
-0.00004536
-0.00021225
-0.00053070
-0.00073037
-0.00072436
-0.00060996
-0.00052269
-0.00052074
-0.00057400
-0.00062261
-0.00063344
-0.00061383
-0.00058976
-0.00057035
-0.00054287
-0.00051193
-0.00049309
-0.00049117
-0.00049805
-0.00050321
-0.00049701
-0.00035257
0.00022291
0.00121131
0.00210143
0.00246380
0.00234221
0.00208353
0.00197373
0.00204601
0.00216076
0.00220628
0.00218520
0.00216219
0.00216788
0.00219126
0.00221049
0.00221524
0.00219132
0.00181144
0.00095806
0.00015981
-0.00036553
-0.00056305
-0.00052215
-0.00062067
-0.00115595
-0.00183378
-0.00240625
-0.00290850
-0.00324003
-0.00333423
-0.00327615
-0.00320814
-0.00320876
-0.00326374
-0.00331742
-0.00333332
-0.00331537
-0.00329003
-0.00327837
-0.00328315
-0.00329417
-0.00330089
-0.00330016
-0.00329547
-0.00329179
-0.00329133
-0.00329307
-0.00329480
-0.00329293
-0.00323604
-0.00291153
-0.00235344
-0.00184165
-0.00135001
-0.00085500
-0.00052597
-0.00040908
-0.00017339
0.00038572
0.00117573
0.00164996
0.00143019
0.00062114
-0.00027956
-0.00075326
-0.00070996
-0.00043716
-0.00024210
-0.00023682
-0.00034437
-0.00041870
-0.00039919
-0.00041443
-0.00067463
-0.00093692
-0.00115685
-0.00147944
-0.00205589
-0.00268124
-0.00293503
-0.00261311
-0.00226283
-0.00234103
-0.00271225
-0.00302064
-0.00308151
-0.00295502
-0.00278989
-0.00252769
-0.00182326
-0.00118667
-0.00137879
-0.00221074
-0.00292857
-0.00309501
-0.00283850
-0.00253131
-0.00241109
-0.00248213
-0.00261234
-0.00268110
-0.00266102
-0.00260043
-0.00255775
-0.00254626
-0.00254611
-0.00254902
-0.00253712
-0.00251083
-0.00248809
-0.00248069
-0.00248583
-0.00249333
-0.00249594
-0.00249244
-0.00246762
-0.00239836
-0.00231580
-0.00226871
-0.00226945
-0.00230246
-0.00234169
-0.00233856
-0.00211505
-0.00138850
-0.00031486
0.00051787
0.00112297
0.00196453
0.00282836
0.00329975
0.00366862
0.00433123
0.00500984
0.00556523
0.00589670
0.00599886
0.00595759
0.00589380
0.00588761
0.00593235
0.00599528
0.00602310
0.00601693
0.00620750
0.00655568
0.00659752
0.00629498
0.00596078
0.00583658
0.00591789
0.00602316
0.00583341
0.00528113
0.00470058
0.00420705
0.00375218
0.00343458
0.00331476
0.00330489
0.00313341
0.00288682
0.00286151
0.00261352
0.00180918
0.00113511
0.00120772
0.00180962
0.00255467
0.00312793
0.00292993
0.00203080
0.00117877
0.00093486
0.00112494
0.00123131
0.00109988
0.00087489
0.00078301
0.00109451
0.00170997
0.00225867
0.00273106
0.00319760
0.00353567
0.00365341
0.00366238
0.00396639
0.00484518
0.00591982
0.00658582
0.00665931
0.00635446
0.00575540
0.00485328
0.00398160
0.00354406
0.00356109
0.00376555
0.00389140
0.00388724
0.00401586
0.00416251
0.00406918
0.00381833
0.00363071
0.00365815
0.00400913
0.00442102
0.00492915
0.00542446
0.00582941
0.00618994
0.00641331
0.00645641
0.00639941
0.00635118
0.00635977
0.00640415
0.00644061
0.00644842
0.00652156
0.00682194
0.00709296
0.00723058
0.00708109
0.00677621
0.00675455
0.00685039
0.00676722
0.00646145
0.00581447
0.00481271
0.00389009
0.00339735
0.00310655
0.00271460
0.00204965
0.00134766
0.00096764
0.00097168
0.00115090
0.00112075
0.00044247
-0.00037073
-0.00073098
-0.00086335
-0.00104702
-0.00125784
-0.00138370
-0.00138068
-0.00139168
-0.00180099
-0.00257932
-0.00286473
-0.00257326
-0.00224370
-0.00218331
-0.00220703
-0.00191152
-0.00136366
-0.00106121
-0.00138530
-0.00203335
-0.00232738
-0.00188234
-0.00096032
-0.00010966
0.00019164
0.00007278
-0.00016879
-0.00022502
-0.00026951
-0.00043731
-0.00063054
-0.00072925
-0.00071946
-0.00066724
-0.00062854
-0.00060727
-0.00059598
-0.00059710
-0.00074097
-0.00121561
-0.00193029
-0.00270621
-0.00325074
-0.00340594
-0.00329435
-0.00316540
-0.00335203
-0.00415221
-0.00530938
-0.00614526
-0.00632020
-0.00605387
-0.00577451
-0.00572807
-0.00587539
-0.00604082
-0.00609141
-0.00586111
-0.00529103
-0.00472396
-0.00445256
-0.00428408
-0.00391565
-0.00328276
-0.00275884
-0.00272143
-0.00261120
-0.00188911
-0.00095461
-0.00041665
-0.00042580
-0.00069583
-0.00087040
-0.00083031
-0.00072026
-0.00084024
-0.00112653
-0.00144514
-0.00182226
-0.00237935
-0.00301923
-0.00343328
-0.00348647
-0.00333949
-0.00322980
-0.00325282
-0.00335315
-0.00348320
-0.00386662
-0.00466445
-0.00536353
-0.00569154
-0.00580999
-0.00585460
-0.00580644
-0.00546944
-0.00495260
-0.00450731
-0.00407154
-0.00364835
-0.00329711
-0.00283739
-0.00221585
-0.00145853
-0.00081840
-0.00054903
-0.00061193
-0.00077074
-0.00074709
-0.00036878
0.00004233
0.00051938
0.00123762
0.00193117
0.00226535
0.00222443
0.00205022
0.00208606
0.00243676
0.00264985
0.00249676
0.00218706
0.00213177
0.00260576
0.00329115
0.00368265
0.00352178
0.00297537
0.00255109
0.00249455
0.00271825
0.00273191
0.00244464
0.00212556
0.00215622
0.00251637
0.00266541
0.00245093
0.00212771
0.00195920
0.00199554
0.00211838
0.00218707
0.00198907
0.00159855
0.00151757
0.00180878
0.00215648
0.00229956
0.00222667
0.00208779
0.00201811
0.00207427
0.00236219
0.00270407
0.00288515
0.00286091
0.00281327
0.00323406
0.00410813
0.00483528
0.00484544
0.00438201
0.00416977
0.00440252
0.00478634
0.00499879
0.00491150
0.00438962
0.00349928
0.00308622
0.00336463
0.00368487
0.00342840
0.00267463
0.00200717
0.00180326
0.00203376
0.00256436
0.00289589
0.00269531
0.00222665
0.00190795
0.00189853
0.00207048
0.00221678
0.00223526
0.00210014
0.00167383
0.00117608
0.00116504
0.00157586
0.00170136
0.00139033
0.00125631
0.00157540
0.00204332
0.00230095
0.00227024
0.00211001
0.00200381
0.00201562
0.00209318
0.00215496
0.00216274
0.00213262
0.00209922
0.00198007
0.00154539
0.00082423
0.00011684
-0.00017302
-0.00011087
0.00009661
0.00003695
-0.00032754
-0.00069100
-0.00096997
-0.00149633
-0.00252683
-0.00381115
-0.00472853
-0.00495579
-0.00459631
-0.00403789
-0.00402822
-0.00483672
-0.00585600
-0.00639952
-0.00635030
-0.00603224
-0.00581261
-0.00584541
-0.00602643
-0.00615149
-0.00595353
-0.00535294
-0.00472558
-0.00427035
-0.00386142
-0.00353525
-0.00338323
-0.00338570
-0.00342988
-0.00325125
-0.00268966
-0.00208643
-0.00198919
-0.00258035
-0.00334212
-0.00372272
-0.00360417
-0.00304484
-0.00208888
-0.00108126
-0.00051190
-0.00049535
-0.00074556
-0.00091931
-0.00088595
-0.00073401
-0.00061325
-0.00059380
-0.00063355
-0.00067288
-0.00069466
-0.00069830
-0.00069125
-0.00068383
-0.00068225
-0.00068600
-0.00069074
-0.00069298
-0.00068844
-0.00066604
-0.00064726
-0.00065195
-0.00065662
-0.00065793
-0.00066863
-0.00068445
-0.00069071
-0.00066698
-0.00062050
-0.00058342
-0.00057274
-0.00050622
-0.00020946
0.00008651
0.00033767
0.00067933
0.00125189
0.00188855
0.00225440
0.00225883
0.00208834
0.00196943
0.00198735
0.00208340
0.00215972
0.00216951
0.00213228
0.00209561
0.00217385
0.00250529
0.00280420
0.00312146
0.00374581
0.00448778
0.00493931
0.00498609
0.00484404
0.00488090
0.00535326
0.00599954
0.00640084
0.00655353
0.00668489
0.00651514
0.00583808
0.00505675
0.00465816
0.00471677
0.00496126
0.00510569
0.00505919
0.00479132
0.00424670
0.00365535
0.00316504
0.00269366
0.00233030
0.00217980
0.00220260
0.00226189
0.00210543
0.00174705
0.00146704
0.00102551
0.00028920
-0.00020922
-0.00021384
-0.00012413
-0.00016752
-0.00010371
0.00023666
0.00043121
0.00014302
-0.00036791
-0.00069072
-0.00068931
-0.00051405
-0.00037784
-0.00037410
-0.00045746
-0.00053445
-0.00055244
-0.00052233
-0.00053934
-0.00081252
-0.00107028
-0.00104732
-0.00108884
-0.00141676
-0.00181914
-0.00211928
-0.00241805
-0.00250670
-0.00235101
-0.00240961
-0.00280804
-0.00324816
-0.00344968
-0.00337405
-0.00318564
-0.00294854
-0.00266690
-0.00264669
-0.00293028
-0.00324396
-0.00335411
-0.00324709
-0.00307839
-0.00298475
-0.00297995
-0.00301221
-0.00302108
-0.00299151
-0.00295383
-0.00291891
-0.00288344
-0.00284091
-0.00280616
-0.00280381
-0.00301243
-0.00352721
-0.00399708
-0.00391445
-0.00324558
-0.00252807
-0.00221438
-0.00225773
-0.00199610
-0.00127163
-0.00069738
-0.00035434
-0.00002190
0.00028769
0.00045795
0.00048084
0.00050277
0.00088782
0.00179371
0.00262586
0.00304073
0.00319867
0.00328375
0.00345631
0.00385094
0.00408939
0.00393072
0.00369367
0.00389397
0.00458148
0.00553505
0.00632199
0.00661708
0.00650558
0.00631065
0.00613185
0.00591221
0.00580180
0.00566552
0.00544537
0.00527187
0.00522183
0.00510412
0.00467899
0.00430624
0.00432066
0.00456286
0.00496850
0.00534584
0.00551910
0.00567132
0.00609013
0.00660561
0.00690134
0.00671712
0.00603552
0.00513749
0.00435577
0.00400004
0.00406967
0.00428892
0.00440022
0.00435752
0.00426287
0.00419945
0.00419802
0.00424880
0.00430446
0.00432724
0.00431965
0.00432161
0.00435552
0.00441301
0.00445396
0.00446790
0.00447435
0.00448260
0.00449479
0.00452408
0.00456699
0.00459941
0.00460936
0.00468750
0.00514822
0.00610599
0.00700519
0.00718786
0.00694103
0.00683498
0.00693893
0.00683099
0.00632963
0.00553416
0.00481768
0.00451012
0.00458205
0.00463850
0.00414543
0.00307247
0.00205571
0.00163828
0.00153546
0.00095642
-0.00003911
-0.00081221
-0.00101099
-0.00079945
-0.00055047
-0.00050197
-0.00081077
-0.00163473
-0.00256230
-0.00301480
-0.00313686
-0.00318311
-0.00325424
-0.00334147
-0.00340675
-0.00343137
-0.00342512
-0.00341024
-0.00340290
-0.00340577
-0.00341262
-0.00341684
-0.00341419
-0.00339441
-0.00337160
-0.00337440
-0.00335864
-0.00302075
-0.00212640
-0.00107614
-0.00046697
-0.00043762
-0.00069920
-0.00088858
-0.00087041
-0.00073895
-0.00063606
-0.00062578
-0.00067957
-0.00068399
-0.00044197
-0.00013283
0.00010845
0.00002809
-0.00028861
-0.00036566
-0.00030932
-0.00030169
-0.00009152
0.00025731
0.00023080
-0.00022380
-0.00068989
-0.00085363
-0.00073726
-0.00056170
-0.00050738
-0.00057869
-0.00069074
-0.00075094
-0.00071891
-0.00064032
-0.00059430
-0.00061371
-0.00066000
-0.00070187
-0.00072404
-0.00072487
-0.00071505
-0.00069833
-0.00067051
-0.00051640
0.00009873
0.00097451
0.00134419
0.00089273
0.00008262
-0.00021226
0.00013815
0.00047086
0.00021914
-0.00022517
-0.00036933
-0.00041166
-0.00052091
-0.00065866
-0.00074108
-0.00074727
-0.00071597
-0.00069356
-0.00069739
-0.00071616
-0.00076263
-0.00100255
-0.00128568
-0.00126951
-0.00118709
-0.00118963
-0.00107705
-0.00085754
-0.00068685
-0.00064959
-0.00070512
-0.00076449
-0.00077547
-0.00074563
-0.00071149
-0.00069919
-0.00070892
-0.00072487
-0.00067913
-0.00038931
-0.00013569
-0.00014087
0.00014736
0.00072424
0.00109808
0.00134344
0.00166122
0.00196469
0.00202521
0.00152173
0.00054380
0.00000051
0.00054824
0.00168405
0.00247715
0.00254322
0.00216666
0.00183258
0.00178949
0.00196394
0.00214698
0.00220405
0.00214480
0.00205886
0.00201898
0.00203514
0.00206709
0.00194521
0.00147823
0.00102500
0.00113524
0.00157086
0.00174569
0.00173960
0.00180009
0.00194503
0.00207096
0.00211310
0.00208866
0.00205228
0.00203162
0.00184881
0.00134171
0.00063138
0.00006112
0.00007811
0.00034000
0.00020246
-0.00032253
-0.00080466
-0.00095925
-0.00083508
-0.00064031
-0.00053484
-0.00055301
-0.00063120
-0.00070349
-0.00074228
-0.00074508
-0.00072932
-0.00071671
-0.00071452
-0.00064819
-0.00033200
-0.00007702
-0.00022285
-0.00054778
-0.00048053
0.00008236
0.00068282
0.00087987
0.00045441
-0.00030671
-0.00085148
-0.00094932
-0.00076595
-0.00058539
-0.00056128
-0.00066363
-0.00085802
-0.00127771
-0.00189220
-0.00262709
-0.00323520
-0.00350132
-0.00346999
-0.00334616
-0.00329701
-0.00335177
-0.00344047
-0.00348584
-0.00358346
-0.00383060
-0.00389675
-0.00379337
-0.00381421
-0.00392066
-0.00407713
-0.00434336
-0.00502472
-0.00581876
-0.00625315
-0.00623114
-0.00600428
-0.00585792
-0.00590168
-0.00605099
-0.00614921
-0.00613770
-0.00607781
-0.00627262
-0.00708238
-0.00819534
-0.00868945
-0.00799926
-0.00664623
-0.00566160
-0.00549125
-0.00564742
-0.00551624
-0.00504975
-0.00437652
-0.00368444
-0.00326508
-0.00321099
-0.00335752
-0.00348003
-0.00347159
-0.00330308
-0.00283785
-0.00219668
-0.00174874
-0.00172187
-0.00216239
-0.00255830
-0.00245752
-0.00197638
-0.00128900
-0.00069182
-0.00073750
-0.00164483
-0.00281200
-0.00345746
-0.00339926
-0.00301732
-0.00276141
-0.00278784
-0.00295679
-0.00316974
-0.00359527
-0.00421082
-0.00492103
-0.00549986
-0.00574264
-0.00568690
-0.00552446
-0.00543146
-0.00545274
-0.00550934
-0.00552619
-0.00549647
-0.00545485
-0.00543254
-0.00542903
-0.00541433
-0.00538183
-0.00534602
-0.00530637
-0.00526951
-0.00524900
-0.00523752
-0.00521156
-0.00517465
-0.00513849
-0.00509963
-0.00506606
-0.00504951
-0.00504009
-0.00501341
-0.00496526
-0.00490505
-0.00485267
-0.00468659
-0.00408955
-0.00307851
-0.00230108
-0.00236252
-0.00289310
-0.00302764
-0.00256937
-0.00197254
-0.00167921
-0.00175187
-0.00195589
-0.00204919
-0.00197135
-0.00181172
-0.00169864
-0.00168599
-0.00173729
-0.00178620
-0.00179613
-0.00177457
-0.00174878
-0.00172555
-0.00169471
-0.00167531
-0.00185071
-0.00219657
-0.00243903
-0.00268784
-0.00312648
-0.00380544
-0.00439753
-0.00462767
-0.00450914
-0.00407168
-0.00341587
-0.00271982
-0.00229873
-0.00223099
-0.00218159
-0.00201209
-0.00179910
-0.00165169
-0.00161355
-0.00165015
-0.00171075
-0.00176029
-0.00177824
-0.00176915
-0.00175350
-0.00174544
-0.00173216
-0.00164069
-0.00108851
0.00000710
0.00100656
0.00138483
0.00114581
0.00030893
-0.00089649
-0.00176124
-0.00170052
-0.00087111
-0.00008435
-0.00008084
-0.00084749
-0.00167572
-0.00199800
-0.00181450
-0.00148437
-0.00130778
-0.00133802
-0.00146177
-0.00154573
-0.00149580
-0.00111873
-0.00024060
0.00084651
0.00156705
0.00168922
0.00146637
0.00128209
0.00130619
0.00146372
0.00159887
0.00163015
0.00156434
0.00130308
0.00102671
0.00106201
0.00111538
0.00086743
0.00042219
-0.00014976
-0.00071255
-0.00103425
-0.00106057
-0.00088634
-0.00045377
0.00008794
0.00023465
0.00008807
0.00002939
-0.00008306
-0.00039432
-0.00072434
-0.00087565
-0.00084221
-0.00076199
-0.00073035
-0.00074889
-0.00078205
-0.00079954
-0.00079466
-0.00077937
-0.00082239
-0.00110929
-0.00141187
-0.00156624
-0.00145550
-0.00143525
-0.00145189
-0.00210823
-0.00255098
-0.00212934
-0.00127929
-0.00071348
-0.00073933
-0.00139324
-0.00251293
-0.00344658
-0.00323840
-0.00197924
-0.00076015
-0.00035905
-0.00068297
-0.00115647
-0.00128349
-0.00084631
-0.00034713
-0.00027194
-0.00034934
-0.00040715
-0.00035627
-0.00029785
-0.00023702
-0.00029001
-0.00055684
-0.00085806
-0.00099889
-0.00095755
-0.00076396
-0.00023263
0.00071249
0.00163831
0.00207371
0.00191623
0.00119463
0.00011060
-0.00078885
-0.00109702
-0.00083275
-0.00016814
0.00050185
0.00087521
0.00107189
0.00093200
0.00025990
-0.00056575
-0.00101726
-0.00097628
-0.00071149
-0.00053570
-0.00055878
-0.00069045
-0.00078173
-0.00075834
-0.00054273
-0.00015468
-0.00003220
-0.00017259
-0.00022273
-0.00028459
-0.00045634
-0.00063349
-0.00069688
-0.00063218
-0.00052737
-0.00048018
-0.00052199
-0.00059905
-0.00064270
-0.00062645
-0.00044520
0.00006691
0.00085024
0.00151416
0.00172055
0.00177111
0.00189342
0.00206639
0.00219169
0.00222659
0.00220136
0.00217028
0.00216458
0.00218130
0.00220097
0.00220935
0.00220604
0.00219924
0.00219635
0.00219886
0.00220368
0.00220725
0.00220829
0.00220783
0.00221885
0.00243065
0.00295735
0.00349043
0.00373905
0.00386191
0.00398026
0.00409040
0.00409105
0.00363114
0.00279380
0.00211321
0.00192075
0.00209951
0.00232556
0.00238542
0.00228550
0.00215470
0.00209708
0.00212350
0.00218005
0.00221282
0.00220682
0.00218106
0.00216102
0.00215759
0.00211793
0.00182700
0.00131524
0.00085181
0.00041652
-0.00002347
-0.00032247
-0.00040496
-0.00036038
-0.00030374
-0.00023680
0.00010742
0.00082480
0.00114583
0.00062367
-0.00022693
-0.00073449
-0.00070524
-0.00040106
-0.00015553
-0.00011434
-0.00026838
-0.00069233
-0.00125907
-0.00168939
-0.00200256
-0.00207553
-0.00188968
-0.00182573
-0.00192159
-0.00215399
-0.00246557
-0.00267805
-0.00270481
-0.00261207
-0.00252544
-0.00252552
-0.00258470
-0.00261463
-0.00257965
-0.00251359
-0.00246293
-0.00244658
-0.00252989
-0.00289342
-0.00341054
-0.00383035
-0.00421448
-0.00456295
-0.00476020
-0.00469126
-0.00425324
-0.00367348
-0.00324139
-0.00288048
-0.00253712
-0.00229842
-0.00219999
-0.00220415
-0.00223522
-0.00223412
-0.00219390
-0.00214307
-0.00210860
-0.00209537
-0.00209080
-0.00208082
-0.00205585
-0.00190047
-0.00135509
-0.00046097
0.00030736
0.00059088
0.00046341
0.00024346
0.00017064
0.00026557
0.00040774
0.00048980
0.00059769
0.00082895
0.00101909
0.00134115
0.00197118
0.00262330
0.00284036
0.00243904
0.00181132
0.00156479
0.00199022
0.00270188
0.00314401
0.00313623
0.00288832
0.00270495
0.00272472
0.00287868
0.00302693
0.00307723
0.00303697
0.00298310
0.00297978
0.00301897
0.00305780
0.00308863
0.00313164
0.00317309
0.00320055
0.00322090
0.00324071
0.00340758
0.00398175
0.00483715
0.00533411
0.00494912
0.00394070
0.00310730
0.00292018
0.00321341
0.00355092
0.00365864
0.00355241
0.00340690
0.00334833
0.00339217
0.00348029
0.00353718
0.00354222
0.00352675
0.00351525
0.00352109
0.00354589
0.00356765
0.00356802
0.00355814
0.00356018
0.00356989
0.00357188
0.00356928
0.00357554
0.00358513
0.00359505
0.00360704
0.00361341
0.00361777
0.00362614
0.00362977
0.00362013
0.00359906
0.00357476
0.00355357
0.00353635
0.00352189
0.00351813
0.00352707
0.00353254
0.00352161
0.00349644
0.00346790
0.00344431
0.00342643
0.00341177
0.00340695
0.00341367
0.00341664
0.00340373
0.00337726
0.00334776
0.00332305
0.00330377
0.00328593
0.00326744
0.00325783
0.00326115
0.00326272
0.00325106
0.00323736
0.00323392
0.00323245
0.00322057
0.00317616
0.00299765
0.00275983
0.00244007
0.00192048
0.00142533
0.00119756
0.00123426
0.00135798
0.00141149
0.00136420
0.00128857
0.00125715
0.00127548
0.00128682
0.00115404
0.00097672
0.00100381
0.00120111
0.00133995
0.00115554
0.00074141
0.00058070
0.00085813
0.00126729
0.00143473
0.00118934
0.00087422
0.00085404
0.00108461
0.00131923
0.00139125
0.00131493
0.00120421
0.00114924
0.00116081
0.00119553
0.00121017
0.00119330
0.00116089
0.00113360
0.00111994
0.00111509
0.00110982
0.00109899
0.00108355
0.00106732
0.00104946
0.00102431
0.00100545
0.00100156
0.00100333
0.00099889
0.00098520
0.00096691
0.00094449
0.00091266
0.00087901
0.00086078
0.00087086
0.00096109
0.00113585
0.00117290
0.00100845
0.00080159
0.00069326
0.00069982
0.00075216
0.00078620
0.00078637
0.00076363
0.00073033
0.00070049
0.00069161
0.00069107
0.00067508
0.00064518
0.00061888
0.00052131
0.00035870
0.00034601
0.00049266
0.00064388
0.00068749
0.00063246
0.00055528
0.00051592
0.00052071
0.00054008
0.00054526
0.00054422
0.00063004
0.00075731
0.00083328
0.00082327
0.00080264
0.00101746
0.00141645
0.00163005
0.00156528
0.00131844
0.00102931
0.00085681
0.00084110
0.00087735
0.00076239
0.00047819
0.00021311
0.00010815
0.00014496
0.00021569
0.00023680
0.00019903
0.00014237
0.00010561
0.00009783
0.00010356
0.00010393
0.00009165
0.00007155
0.00005212
0.00003787
0.00002773
0.00001810
0.00000650
-0.00000708
-0.00002122
-0.00003466
-0.00004715
-0.00005923
-0.00007148
-0.00008411
-0.00009695
-0.00010973
-0.00012231
-0.00013473
-0.00014711
-0.00015953
-0.00017197
-0.00018439
-0.00019895
-0.00026479
-0.00040046
-0.00045228
-0.00037017
-0.00025626
-0.00025949
-0.00046295
-0.00078430
-0.00110962
-0.00131259
-0.00134783
-0.00128410
-0.00121864
-0.00119887
-0.00121777
-0.00124264
-0.00125204
-0.00130423
-0.00146201
-0.00169542
-0.00194368
-0.00209556
-0.00210311
-0.00201989
-0.00193857
-0.00191368
-0.00193601
-0.00195967
-0.00195254
-0.00191663
-0.00187367
-0.00184075
-0.00181623
-0.00179106
-0.00176434
-0.00174322
-0.00173057
-0.00171906
-0.00170159
-0.00167780
-0.00165139
-0.00162319
-0.00159749
-0.00157891
-0.00156397
-0.00154687
-0.00152547
-0.00150169
-0.00147843
-0.00145706
-0.00143615
-0.00141056
-0.00138044
-0.00135205
-0.00132949
-0.00131237
-0.00130061
-0.00129081
-0.00126555
-0.00117380
-0.00102966
-0.00090163
-0.00078630
-0.00068478
-0.00066287
-0.00080992
-0.00104258
-0.00115748
-0.00100816
-0.00070897
-0.00049061
-0.00045789
-0.00054486
-0.00062725
-0.00063781
-0.00059180
-0.00054100
-0.00052013
-0.00052824
-0.00054358
-0.00053063
-0.00043259
-0.00027960
-0.00020043
-0.00023570
-0.00031730
-0.00038663
-0.00044661
-0.00047160
-0.00040385
-0.00025725
-0.00012981
-0.00010853
-0.00021829
-0.00039634
-0.00052948
-0.00055861
-0.00051432
-0.00046292
-0.00044411
-0.00045673
-0.00049145
-0.00053459
-0.00055299
-0.00056183
-0.00059136
-0.00065099
-0.00070452
-0.00071964
-0.00069944
-0.00066898
-0.00064870
-0.00064186
-0.00063980
-0.00063288
-0.00060428
-0.00054665
-0.00048931
-0.00045827
-0.00043990
-0.00042064
-0.00040561
-0.00038167
-0.00036616
-0.00037035
-0.00036745
-0.00034957
-0.00032827
-0.00031572
-0.00031381
-0.00031641
-0.00031703
-0.00031362
-0.00030827
-0.00030459
-0.00030390
-0.00030401
-0.00030179
-0.00029661
-0.00029099
-0.00028790
-0.00028768
-0.00028789
-0.00028643
-0.00028320
-0.00027930
-0.00027517
-0.00027095
-0.00026731
-0.00026460
-0.00026249
-0.00026041
-0.00026045
-0.00027765
-0.00031351
-0.00033726
-0.00033547
-0.00032309
-0.00030795
-0.00029858
-0.00030130
-0.00030866
-0.00031061
-0.00030443
-0.00029429
-0.00028528
-0.00027767
-0.00026331
-0.00023644
-0.00020712
-0.00018988
-0.00018765
-0.00019245
-0.00019526
-0.00019279
-0.00018702
-0.00018168
-0.00017902
-0.00017856
-0.00017853
-0.00017762
-0.00017573
-0.00017351
-0.00017018
-0.00016123
-0.00014538
-0.00013038
-0.00012394
-0.00012588
-0.00013062
-0.00013324
-0.00013275
-0.00013100
-0.00012995
-0.00013007
-0.00013080
-0.00013150
-0.00013197
-0.00013238
-0.00013276
-0.00013301
-0.00013309
-0.00013315
-0.00013328
-0.00013327
-0.00013302
-0.00013268
-0.00013246
-0.00013239
-0.00013228
-0.00013211
-0.00013184
-0.00013150
-0.00013202
-0.00013329
-0.00013483
-0.00013787
-0.00014071
-0.00014126
-0.00013948
-0.00013687
-0.00013474
-0.00013343
-0.00013244
-0.00013125
-0.00012969
-0.00012791
-0.00012617
-0.00012458
-0.00012310
-0.00012162
-0.00012008
-0.00011845
-0.00011683
-0.00011572
-0.00011469
-0.00011295
-0.00011074
-0.00010866
-0.00010710
-0.00010629
-0.00010578
-0.00010480
-0.00010313
-0.00010117
-0.00009964
-0.00009861
-0.00009747
-0.00009585
-0.00009385
-0.00009180
-0.00008988
-0.00008809
-0.00008635
-0.00008460
-0.00008280
-0.00008099
-0.00007921
-0.00007753
-0.00007610
-0.00007484
-0.00007339
-0.00007169
-0.00006987
-0.00006802
-0.00006620
-0.00006441
-0.00006261
-0.00006081
-0.00005900
-0.00005720
-0.00005541
-0.00005360
-0.00005176
-0.00004995
-0.00004816
-0.00004635
-0.00004454
-0.00004283
-0.00004115
-0.00003943
-0.00003767
-0.00003594
-0.00003424
-0.00003257
-0.00003090
-0.00002922
-0.00002752
-0.00002582
-0.00002410
-0.00002236
-0.00002060
-0.00001888
-0.00001719
-0.00001552
-0.00001385
-0.00001216
-0.00001046
-0.00000873
-0.00000700
-0.00000528
-0.00000356
-0.00000185
-0.00000012
0.00000161
0.00000335
0.00000509
0.00000683
0.00000857
0.00001032
0.00001207
0.00001383
0.00001559
0.00001735
0.00001912
0.00002088
0.00002266
0.00002443
0.00002621
0.00002799
0.00002977
0.00003155
0.00003334
0.00003513
0.00003692
0.00003872
0.00004051
0.00004231
0.00004411
0.00004592
0.00004772
0.00004953
0.00005134
0.00005315
0.00005496
0.00005677
0.00005859
0.00006041
0.00006222
0.00006404
0.00006587
0.00006769
0.00006951
0.00007133
0.00007316
0.00007499
0.00007681
0.00007864
0.00008047
0.00008230
0.00008413
0.00008596
0.00008779
0.00008962
0.00009145
