0.00004282
0.00004261
0.00004238
0.00004214
0.00004188
0.00004161
0.00004132
0.00004100
0.00004065
0.00004028
0.00003986
0.00003942
0.00003893
0.00003840
0.00003781
0.00003714
0.00003634
0.00003540
0.00003430
0.00003304
0.00003162
0.00002996
0.00002788
0.00002529
0.00002217
0.00001848
0.00001429
0.00000972
0.00000500
0.00000062
-0.00000290
-0.00000545
-0.00000710
-0.00000768
-0.00000709
-0.00000518
-0.00000131
0.00000561
0.00001637
0.00003073
0.00004770
0.00006628
0.00008437
0.00009964
0.00011080
0.00011804
0.00012225
0.00012339
0.00011989
0.00010970
0.00009239
0.00007118
0.00005066
0.00003608
0.00003161
0.00004016
0.00006173
0.00009127
0.00012367
0.00015586
0.00018465
0.00020932
0.00022984
0.00024397
0.00024984
0.00024714
0.00023407
0.00020682
0.00016348
0.00010707
0.00004156
-0.00002977
-0.00009944
-0.00015618
-0.00019176
-0.00019683
-0.00016899
-0.00012357
-0.00007687
-0.00003311
0.00001247
0.00006728
0.00014101
0.00023461
0.00033647
0.00042929
0.00049665
0.00052844
0.00053119
0.00052162
0.00051281
0.00050316
0.00047830
0.00042118
0.00032402
0.00019770
0.00006150
-0.00007829
-0.00022717
-0.00039281
-0.00057645
-0.00076494
-0.00093231
-0.00105141
-0.00111294
-0.00112411
-0.00110672
-0.00107955
-0.00105418
-0.00103398
-0.00101080
-0.00097348
-0.00091232
-0.00082530
-0.00071602
-0.00060120
-0.00050856
-0.00045506
-0.00044913
-0.00048288
-0.00052653
-0.00054577
-0.00051459
-0.00043089
-0.00032183
-0.00023397
-0.00020276
-0.00023410
-0.00030774
-0.00039280
-0.00046172
-0.00049381
-0.00047846
-0.00043290
-0.00038308
-0.00033705
-0.00029268
-0.00025487
-0.00023679
-0.00023584
-0.00023803
-0.00022569
-0.00018353
-0.00011704
-0.00004091
0.00002288
0.00006845
0.00009683
0.00010294
0.00009131
0.00006770
0.00004349
0.00001725
-0.00001842
-0.00005824
-0.00008420
-0.00009666
-0.00010862
-0.00012918
-0.00015156
-0.00014112
-0.00005641
0.00011018
0.00032639
0.00053982
0.00069500
0.00075231
0.00071795
0.00063318
0.00057044
0.00056208
0.00057757
0.00058089
0.00058318
0.00063809
0.00080548
0.00111210
0.00152201
0.00196029
0.00235528
0.00264680
0.00281528
0.00286434
0.00282837
0.00277004
0.00271601
0.00264390
0.00252981
0.00236766
0.00214717
0.00186740
0.00155913
0.00124408
0.00096185
0.00074923
0.00061894
0.00058324
0.00059643
0.00057919
0.00046275
0.00022210
-0.00013921
-0.00059717
-0.00109115
-0.00153963
-0.00188681
-0.00214895
-0.00240370
-0.00274176
-0.00322491
-0.00385471
-0.00454230
-0.00512016
-0.00541592
-0.00533018
-0.00488036
-0.00418185
-0.00333973
-0.00240574
-0.00140314
-0.00034618
0.00072675
0.00177522
0.00272232
0.00344707
0.00385309
0.00388380
0.00351359
0.00279961
0.00190843
0.00103171
0.00028273
-0.00027919
-0.00066182
-0.00091430
-0.00110008
-0.00127996
-0.00145380
-0.00158471
-0.00164507
-0.00163307
-0.00154305
-0.00134024
-0.00104756
-0.00072785
-0.00044536
-0.00029173
-0.00030706
-0.00045679
-0.00061964
-0.00070412
-0.00068052
-0.00056758
-0.00046102
-0.00042721
-0.00048298
-0.00062415
-0.00078997
-0.00090318
-0.00090849
-0.00078522
-0.00057654
-0.00031339
0.00000820
0.00037550
0.00074438
0.00106119
0.00128468
0.00141641
0.00148666
0.00146232
0.00130501
0.00101782
0.00063604
0.00024255
-0.00010466
-0.00036682
-0.00048726
-0.00044355
-0.00029015
-0.00013429
-0.00002904
0.00006403
0.00026797
0.00064444
0.00112262
0.00157217
0.00184988
0.00194962
0.00192944
0.00177794
0.00148317
0.00109122
0.00066944
0.00026577
-0.00001213
-0.00001515
0.00028919
0.00081121
0.00136093
0.00175278
0.00189793
0.00183617
0.00169836
0.00157592
0.00151639
0.00153925
0.00157763
0.00160722
0.00163877
0.00170626
0.00185780
0.00214092
0.00254553
0.00295188
0.00320557
0.00318585
0.00287425
0.00237237
0.00184124
0.00142499
0.00119992
0.00116263
0.00125175
0.00139758
0.00159790
0.00191543
0.00237805
0.00293013
0.00345318
0.00377910
0.00374150
0.00326162
0.00242473
0.00145289
0.00058220
-0.00005751
-0.00043314
-0.00065888
-0.00091626
-0.00133303
-0.00187816
-0.00239261
-0.00268172
-0.00263648
-0.00230929
-0.00189057
-0.00155490
-0.00140884
-0.00143729
-0.00154773
-0.00169517
-0.00188728
-0.00218129
-0.00264174
-0.00322428
-0.00382561
-0.00431907
-0.00464445
-0.00482894
-0.00493194
-0.00500677
-0.00507917
-0.00512404
-0.00501679
-0.00464436
-0.00398370
-0.00313898
-0.00231996
-0.00163882
-0.00110701
-0.00074699
-0.00054602
-0.00047664
-0.00048416
-0.00055341
-0.00074681
-0.00111751
-0.00166925
-0.00230301
-0.00290677
-0.00341228
-0.00378135
-0.00400702
-0.00411091
-0.00411904
-0.00400163
-0.00365948
-0.00295412
-0.00182487
-0.00038768
0.00112632
0.00243352
0.00334983
0.00388241
0.00424904
0.00471023
0.00530213
0.00591931
0.00642317
0.00660121
0.00628389
0.00554620
0.00464553
0.00379627
0.00307053
0.00246672
0.00196395
0.00148887
0.00093346
0.00023197
-0.00066545
-0.00173174
-0.00282376
-0.00374949
-0.00432927
-0.00452010
-0.00444108
-0.00426455
-0.00412299
-0.00403275
-0.00392489
-0.00370178
-0.00331523
-0.00285104
-0.00242481
-0.00209988
-0.00194056
-0.00200792
-0.00238495
-0.00314257
-0.00421698
-0.00540767
-0.00651595
-0.00741563
-0.00805263
-0.00847255
-0.00873434
-0.00883521
-0.00863870
-0.00795782
-0.00671241
-0.00485762
-0.00244462
0.00023194
0.00271757
0.00461375
0.00577320
0.00630209
0.00642145
0.00631692
0.00610273
0.00585188
0.00556107
0.00513682
0.00443054
0.00338522
0.00213459
0.00092704
-0.00000423
-0.00054389
-0.00075810
-0.00082232
-0.00088274
-0.00095515
-0.00093788
-0.00076529
-0.00050007
-0.00028758
-0.00023422
-0.00031348
-0.00039496
-0.00028527
0.00020678
0.00112215
0.00229511
0.00348767
0.00447523
0.00511424
0.00534425
0.00518170
0.00470573
0.00399413
0.00313838
0.00226792
0.00148291
0.00082477
0.00034778
0.00011495
0.00009184
0.00014166
0.00010647
-0.00009218
-0.00042765
-0.00084064
-0.00121255
-0.00139944
-0.00131367
-0.00103236
-0.00085879
-0.00110410
-0.00188646
-0.00317242
-0.00479830
-0.00643617
-0.00775077
-0.00857947
-0.00890540
-0.00883748
-0.00855572
-0.00816496
-0.00770345
-0.00721614
-0.00676579
-0.00640210
-0.00607762
-0.00566154
-0.00503038
-0.00419191
-0.00336740
-0.00279722
-0.00262489
-0.00285179
-0.00332289
-0.00381513
-0.00408741
-0.00403882
-0.00368562
-0.00314748
-0.00256367
-0.00200965
-0.00150136
-0.00100321
-0.00050485
-0.00006994
0.00018308
0.00022039
0.00011325
-0.00007937
-0.00030736
-0.00055022
-0.00080900
-0.00105552
-0.00129644
-0.00151260
-0.00165725
-0.00172064
-0.00170612
-0.00164986
-0.00154700
-0.00132986
-0.00088004
-0.00024444
0.00031880
0.00054773
0.00030502
-0.00031188
-0.00100943
-0.00144373
-0.00137233
-0.00090285
-0.00038967
-0.00012234
-0.00027830
-0.00088700
-0.00179444
-0.00273938
-0.00348228
-0.00386734
-0.00386264
-0.00367422
-0.00364205
-0.00394580
-0.00449353
-0.00503827
-0.00531922
-0.00521160
-0.00475422
-0.00408619
-0.00341265
-0.00285278
-0.00237234
-0.00185913
-0.00123471
-0.00049939
0.00021891
0.00073511
0.00089326
0.00066640
0.00015143
-0.00052315
-0.00123859
-0.00192883
-0.00257135
-0.00318522
-0.00375307
-0.00415487
-0.00424073
-0.00396751
-0.00341064
-0.00268664
-0.00195698
-0.00138029
-0.00097896
-0.00071284
-0.00049799
-0.00026076
0.00003639
0.00040309
0.00078278
0.00109110
0.00120596
0.00110323
0.00084678
0.00049102
0.00009147
-0.00028578
-0.00058657
-0.00078374
-0.00087975
-0.00089980
-0.00087749
-0.00080099
-0.00058579
-0.00021169
0.00028954
0.00085288
0.00138173
0.00180127
0.00214182
0.00251936
0.00302532
0.00367783
0.00435309
0.00482333
0.00491515
0.00458473
0.00397033
0.00328634
0.00274084
0.00242532
0.00230237
0.00227055
0.00217392
0.00186895
0.00136001
0.00072677
0.00000797
-0.00081033
-0.00176418
-0.00287741
-0.00408960
-0.00511518
-0.00563794
-0.00555826
-0.00501491
-0.00428038
-0.00360048
-0.00303040
-0.00248571
-0.00182463
-0.00099560
-0.00000702
0.00106084
0.00199062
0.00250671
0.00242560
0.00179708
0.00093591
0.00026611
0.00005928
0.00029619
0.00079154
0.00130127
0.00168128
0.00196021
0.00224296
0.00264127
0.00320154
0.00390757
0.00469091
0.00544089
0.00609199
0.00663443
0.00705905
0.00731992
0.00740769
0.00733009
0.00701562
0.00644670
0.00569884
0.00484315
0.00395227
0.00308395
0.00228241
0.00161199
0.00117490
0.00103980
0.00112295
0.00120406
0.00108858
0.00074315
0.00036668
0.00028287
0.00073292
0.00176340
0.00318311
0.00460172
0.00562388
0.00600988
0.00570238
0.00484261
0.00373360
0.00270535
0.00194971
0.00144825
0.00109922
0.00081180
0.00050435
0.00015208
-0.00024061
-0.00062847
-0.00087351
-0.00083923
-0.00046942
0.00023188
0.00121497
0.00236487
0.00349492
0.00441611
0.00501217
0.00527674
0.00533686
0.00541918
0.00567545
0.00607004
0.00644247
0.00660240
0.00646707
0.00606689
0.00548113
0.00486955
0.00444440
0.00435931
0.00466404
0.00526106
0.00595497
0.00655009
0.00692796
0.00709712
0.00715264
0.00714504
0.00706843
0.00687833
0.00656875
0.00616375
0.00570709
0.00528180
0.00489041
0.00446892
0.00396511
0.00335642
0.00269044
0.00204142
0.00141969
0.00078091
0.00009849
-0.00063340
-0.00135224
-0.00193437
-0.00234417
-0.00266576
-0.00297131
-0.00322739
-0.00332407
-0.00312819
-0.00261277
-0.00180871
-0.00085166
0.00000290
0.00051323
0.00056604
0.00028654
-0.00005628
-0.00028008
-0.00031748
-0.00011009
0.00042162
0.00126052
0.00224710
0.00315869
0.00381448
0.00414099
0.00417735
0.00403607
0.00385842
0.00378291
0.00382385
0.00385905
0.00379745
0.00359710
0.00326309
0.00287213
0.00256176
0.00241806
0.00250353
0.00281135
0.00321780
0.00356788
0.00371147
0.00357384
0.00324197
0.00286726
0.00258748
0.00245532
0.00241234
0.00233983
0.00217383
0.00191827
0.00165832
0.00159260
0.00179560
0.00213118
0.00237998
0.00236142
0.00204175
0.00152783
0.00099263
0.00059260
0.00044394
0.00060200
0.00104557
0.00169830
0.00245639
0.00322203
0.00385827
0.00421975
0.00421561
0.00380990
0.00306388
0.00215426
0.00127441
0.00059033
0.00025440
0.00028592
0.00059237
0.00100004
0.00138799
0.00165996
0.00169524
0.00141085
0.00088601
0.00034750
-0.00000049
-0.00004512
0.00021160
0.00064120
0.00111883
0.00156650
0.00198212
0.00238164
0.00275517
0.00305129
0.00317738
0.00308326
0.00276481
0.00221778
0.00152158
0.00076321
-0.00003993
-0.00092791
-0.00192958
-0.00296075
-0.00377777
-0.00410201
-0.00386153
-0.00317737
-0.00227100
-0.00134825
-0.00054011
0.00012738
0.00068128
0.00113814
0.00147937
0.00162302
0.00146703
0.00099939
0.00032176
-0.00042650
-0.00106773
-0.00145098
-0.00153698
-0.00138526
-0.00106095
-0.00056993
0.00012079
0.00103094
0.00208885
0.00307762
0.00371405
0.00382010
0.00339565
0.00263636
0.00181858
0.00118342
0.00088919
0.00090054
0.00098820
0.00087034
0.00039038
-0.00035903
-0.00111126
-0.00162254
-0.00178353
-0.00159315
-0.00109117
-0.00039363
0.00031016
0.00089446
0.00127537
0.00138368
0.00120276
0.00079210
0.00032630
0.00000968
-0.00002983
0.00018265
0.00056377
0.00097770
0.00124893
0.00126836
0.00102768
0.00056698
-0.00004314
-0.00073511
-0.00140438
-0.00187163
-0.00196787
-0.00166741
-0.00108369
-0.00037628
0.00026614
0.00074393
0.00110533
0.00142301
0.00167747
0.00180697
0.00177402
0.00154975
0.00116393
0.00074791
0.00041719
0.00025124
0.00028788
0.00049039
0.00076148
0.00095233
0.00093940
0.00070715
0.00033871
-0.00003366
-0.00026068
-0.00028967
-0.00020515
-0.00020112
-0.00043538
-0.00087620
-0.00133485
-0.00155967
-0.00146314
-0.00120681
-0.00104204
-0.00116373
-0.00163215
-0.00233432
-0.00295113
-0.00317786
-0.00293540
-0.00237155
-0.00183135
-0.00160165
-0.00176638
-0.00222063
-0.00276607
-0.00321272
-0.00345086
-0.00344076
-0.00323313
-0.00303120
-0.00302619
-0.00327367
-0.00369759
-0.00415623
-0.00451665
-0.00468384
-0.00457345
-0.00414258
-0.00347462
-0.00278010
-0.00224446
-0.00197144
-0.00192912
-0.00199003
-0.00202024
-0.00189763
-0.00157421
-0.00109822
-0.00053731
0.00004929
0.00063552
0.00121250
0.00175427
0.00225017
0.00260814
0.00265641
0.00235638
0.00184944
0.00133253
0.00092819
0.00067948
0.00057219
0.00051760
0.00042970
0.00024866
0.00000785
-0.00021051
-0.00039213
-0.00052928
-0.00063392
-0.00067794
-0.00060931
-0.00040206
-0.00013706
0.00007587
0.00016809
0.00011117
-0.00011601
-0.00048799
-0.00094261
-0.00141952
-0.00181603
-0.00206092
-0.00217363
-0.00219285
-0.00218322
-0.00216471
-0.00212674
-0.00211533
-0.00219034
-0.00236234
-0.00259295
-0.00282536
-0.00302390
-0.00322106
-0.00346523
-0.00375977
-0.00405732
-0.00425201
-0.00424648
-0.00403340
-0.00368365
-0.00326080
-0.00279980
-0.00230507
-0.00177160
-0.00123798
-0.00080304
-0.00055319
-0.00050773
-0.00064950
-0.00087996
-0.00108074
-0.00117893
-0.00109008
-0.00072181
-0.00007510
0.00067588
0.00128264
0.00150755
0.00126388
0.00070784
0.00009989
-0.00036266
-0.00061872
-0.00065960
-0.00052073
-0.00028263
0.00000522
0.00039915
0.00094202
0.00158485
0.00223744
0.00286900
0.00346877
0.00393724
0.00421335
0.00429506
0.00411499
0.00358501
0.00272646
0.00165587
0.00055098
-0.00036901
-0.00086476
-0.00086300
-0.00049108
0.00006419
0.00059481
0.00097419
0.00118691
0.00123766
0.00118018
0.00112650
0.00119596
0.00141750
0.00174145
0.00206280
0.00224835
0.00218721
0.00184068
0.00124037
0.00047809
-0.00033524
-0.00111653
-0.00178951
-0.00230167
-0.00267115
-0.00293882
-0.00309397
-0.00308401
-0.00282508
-0.00228675
-0.00155406
-0.00075822
-0.00003924
0.00045360
0.00067332
0.00065856
0.00040988
-0.00006263
-0.00072326
-0.00144323
-0.00207404
-0.00254735
-0.00279154
-0.00280554
-0.00261531
-0.00229035
-0.00189000
-0.00137964
-0.00071885
0.00009267
0.00097854
0.00182281
0.00253565
0.00304716
0.00339361
0.00372816
0.00421233
0.00486582
0.00553067
0.00602516
0.00625899
0.00611894
0.00553856
0.00456700
0.00334573
0.00210916
0.00101486
0.00012897
-0.00047081
-0.00073809
-0.00069986
-0.00038443
0.00022638
0.00106952
0.00199825
0.00285890
0.00347228
0.00366913
0.00339572
0.00273473
0.00191698
0.00126433
0.00096165
0.00092588
0.00089305
0.00059185
-0.00007432
-0.00095143
-0.00180007
-0.00245325
-0.00284143
-0.00297658
-0.00288669
-0.00260541
-0.00216524
-0.00161306
-0.00103250
-0.00047677
0.00004549
0.00056239
0.00109790
0.00162664
0.00208824
0.00243182
0.00267816
0.00284048
0.00283239
0.00247328
0.00159247
0.00029589
-0.00104472
-0.00206135
-0.00256082
-0.00256327
-0.00223606
-0.00174783
-0.00117669
-0.00056205
0.00004377
0.00061793
0.00116172
0.00165339
0.00205244
0.00233712
0.00255358
0.00277723
0.00304101
0.00332595
0.00358565
0.00377193
0.00383199
0.00378942
0.00374578
0.00373813
0.00371747
0.00360203
0.00339682
0.00317354
0.00303731
0.00308661
0.00329118
0.00350916
0.00357695
0.00345994
0.00326658
0.00312658
0.00310825
0.00317410
0.00324204
0.00324606
0.00308999
0.00270110
0.00205057
0.00122532
0.00047273
0.00000666
-0.00013892
-0.00009166
0.00001960
0.00011593
0.00020168
0.00037691
0.00070401
0.00119082
0.00180089
0.00239714
0.00275992
0.00272386
0.00225791
0.00145827
0.00053066
-0.00029117
-0.00080692
-0.00091913
-0.00075280
-0.00055472
-0.00047541
-0.00054574
-0.00071551
-0.00089835
-0.00098590
-0.00088785
-0.00060779
-0.00026559
0.00000290
0.00015748
0.00022951
0.00034450
0.00065864
0.00116766
0.00170262
0.00204194
0.00199043
0.00148928
0.00067380
-0.00017067
-0.00074994
-0.00095234
-0.00084849
-0.00063941
-0.00059061
-0.00083901
-0.00135126
-0.00201629
-0.00266308
-0.00310247
-0.00319594
-0.00291335
-0.00232147
-0.00155139
-0.00077267
-0.00008706
0.00052699
0.00111991
0.00164532
0.00198983
0.00204419
0.00177549
0.00127224
0.00069787
0.00021335
-0.00009035
-0.00024156
-0.00030532
-0.00035585
-0.00046198
-0.00060207
-0.00073608
-0.00085262
-0.00090011
-0.00081975
-0.00061001
-0.00032549
-0.00004781
0.00016383
0.00033369
0.00052932
0.00078893
0.00114261
0.00160340
0.00216525
0.00280126
0.00348554
0.00417846
0.00476162
0.00510206
0.00515491
0.00497073
0.00461765
0.00416280
0.00368667
0.00322736
0.00277665
0.00229429
0.00175439
0.00118346
0.00061649
0.00012319
-0.00025835
-0.00051512
-0.00056668
-0.00038387
-0.00001521
0.00041833
0.00080147
0.00104429
0.00113203
0.00106361
0.00078675
0.00023371
-0.00061582
-0.00165213
-0.00262130
-0.00326173
-0.00342279
-0.00317221
-0.00273635
-0.00233391
-0.00204986
-0.00185325
-0.00164093
-0.00131454
-0.00080231
-0.00006848
0.00081178
0.00163955
0.00225899
0.00262875
0.00277216
0.00272084
0.00256738
0.00242420
0.00232484
0.00230337
0.00244109
0.00276058
0.00313089
0.00331511
0.00309627
0.00237429
0.00121898
-0.00007778
-0.00111011
-0.00162363
-0.00170529
-0.00164496
-0.00173830
-0.00213519
-0.00280089
-0.00361777
-0.00442592
-0.00502532
-0.00527696
-0.00517169
-0.00478733
-0.00428811
-0.00381845
-0.00344890
-0.00320131
-0.00306368
-0.00300546
-0.00299460
-0.00299189
-0.00292082
-0.00272466
-0.00241931
-0.00207593
-0.00177756
-0.00156861
-0.00141883
-0.00131549
-0.00128006
-0.00132278
-0.00144109
-0.00163162
-0.00179981
-0.00187783
-0.00191693
-0.00195412
-0.00197765
-0.00197560
-0.00194921
-0.00189541
-0.00176884
-0.00154610
-0.00130921
-0.00118818
-0.00128922
-0.00158457
-0.00194998
-0.00230683
-0.00261445
-0.00278503
-0.00270318
-0.00233471
-0.00178254
-0.00125478
-0.00087946
-0.00063219
-0.00047613
-0.00040909
-0.00042223
-0.00049077
-0.00057941
-0.00065576
-0.00070385
-0.00072100
-0.00074039
-0.00090507
-0.00136831
-0.00209242
-0.00286616
-0.00341662
-0.00355181
-0.00323265
-0.00262401
-0.00198459
-0.00146124
-0.00102272
-0.00055301
-0.00003086
0.00045998
0.00079716
0.00082510
0.00050297
-0.00007545
-0.00071939
-0.00128265
-0.00174323
-0.00209714
-0.00235868
-0.00254488
-0.00273086
-0.00301046
-0.00331463
-0.00352405
-0.00365010
-0.00378881
-0.00404851
-0.00448879
-0.00511332
-0.00586247
-0.00661745
-0.00728919
-0.00781135
-0.00815352
-0.00836344
-0.00850782
-0.00862769
-0.00869333
-0.00859557
-0.00823989
-0.00758580
-0.00671946
-0.00585809
-0.00514037
-0.00462152
-0.00430552
-0.00415193
-0.00411160
-0.00408751
-0.00400507
-0.00387973
-0.00381313
-0.00388203
-0.00408548
-0.00433186
-0.00449917
-0.00453494
-0.00443916
-0.00429998
-0.00421644
-0.00420901
-0.00419801
-0.00412854
-0.00402501
-0.00387767
-0.00364247
-0.00333750
-0.00300913
-0.00272531
-0.00252338
-0.00244463
-0.00248578
-0.00252839
-0.00238447
-0.00191608
-0.00112704
-0.00012453
0.00092850
0.00190189
0.00270157
0.00321935
0.00339632
0.00327844
0.00297678
0.00257595
0.00213691
0.00171111
0.00130895
0.00098274
0.00085567
0.00100020
0.00137078
0.00183479
0.00220248
0.00232625
0.00222128
0.00197441
0.00160875
0.00108448
0.00040352
-0.00030519
-0.00090862
-0.00139201
-0.00176832
-0.00207034
-0.00239004
-0.00277407
-0.00319060
-0.00357279
-0.00385670
-0.00401822
-0.00407155
-0.00409321
-0.00415185
-0.00427023
-0.00443291
-0.00463276
-0.00481972
-0.00485771
-0.00467030
-0.00429909
-0.00386027
-0.00344925
-0.00308117
-0.00275181
-0.00249771
-0.00240045
-0.00249505
-0.00273843
-0.00301895
-0.00322306
-0.00335785
-0.00344623
-0.00346829
-0.00336511
-0.00311200
-0.00273264
-0.00225154
-0.00170548
-0.00112982
-0.00059987
-0.00016555
0.00017242
0.00042491
0.00061770
0.00082469
0.00112045
0.00157197
0.00221538
0.00295630
0.00361128
0.00401844
0.00402850
0.00357287
0.00271837
0.00163785
0.00052365
-0.00047715
-0.00130509
-0.00196532
-0.00243880
-0.00271523
-0.00285655
-0.00294464
-0.00306789
-0.00326489
-0.00347549
-0.00361994
-0.00365587
-0.00358338
-0.00337288
-0.00298145
-0.00245804
-0.00187059
-0.00124304
-0.00052317
0.00028684
0.00112673
0.00196658
0.00277528
0.00344659
0.00389960
0.00414723
0.00423583
0.00426114
0.00431774
0.00449057
0.00486944
0.00543356
0.00609838
0.00677624
0.00742294
0.00800665
0.00849784
0.00889462
0.00913760
0.00919826
0.00912924
0.00901012
0.00892282
0.00896353
0.00918307
0.00955030
0.01001057
0.01047272
0.01086090
0.01117041
0.01146331
0.01181027
0.01222207
0.01264301
0.01295680
0.01310048
0.01309953
0.01292791
0.01252960
0.01189401
0.01107855
0.01017511
0.00930130
0.00866421
0.00841878
0.00857483
0.00899811
0.00951448
0.01005345
0.01064605
0.01131729
0.01202038
0.01264338
0.01298876
0.01289621
0.01238861
0.01164195
0.01083635
0.01005424
0.00931040
0.00853092
0.00758950
0.00644744
0.00515777
0.00379719
0.00242731
0.00109221
-0.00014854
-0.00127765
-0.00236615
-0.00342969
-0.00442581
-0.00532146
-0.00618259
-0.00711583
-0.00811362
-0.00914172
-0.01016815
-0.01116089
-0.01208869
-0.01295583
-0.01382255
-0.01475698
-0.01574856
-0.01669759
-0.01747712
-0.01801115
-0.01832860
-0.01844664
-0.01828073
-0.01777039
-0.01693434
-0.01583683
-0.01457540
-0.01330592
-0.01221585
-0.01144398
-0.01103208
-0.01094190
-0.01113039
-0.01156158
-0.01212215
-0.01267532
-0.01308020
-0.01324331
-0.01314746
-0.01279145
-0.01216679
-0.01129685
-0.01029934
-0.00935390
-0.00857791
-0.00795086
-0.00747238
-0.00721607
-0.00724524
-0.00757852
-0.00816556
-0.00891923
-0.00971352
-0.01038666
-0.01077257
-0.01080187
-0.01054121
-0.01014551
-0.00975711
-0.00944363
-0.00926121
-0.00921718
-0.00926406
-0.00940503
-0.00962716
-0.00989699
-0.01015371
-0.01038073
-0.01061685
-0.01093321
-0.01134963
-0.01184395
-0.01239691
-0.01295784
-0.01345125
-0.01381323
-0.01401548
-0.01401553
-0.01373048
-0.01317130
-0.01246548
-0.01176015
-0.01116511
-0.01070498
-0.01028499
-0.00977897
-0.00899401
-0.00769356
-0.00571519
-0.00308411
-0.00007481
0.00291706
0.00562225
0.00800879
0.01019064
0.01228096
0.01421621
0.01579207
0.01682940
0.01724006
0.01706746
0.01647057
0.01571815
0.01514751
0.01500327
0.01536053
0.01614398
0.01723377
0.01846601
0.01964032
0.02062769
0.02136704
0.02179653
0.02187078
0.02155328
0.02090635
0.02001360
0.01890203
0.01751707
0.01578859
0.01371255
0.01134171
0.00886438
0.00650828
0.00438900
0.00251902
0.00083648
-0.00076886
-0.00236012
-0.00394125
-0.00540816
-0.00666968
-0.00770452
-0.00851227
-0.00912100
-0.00954816
-0.00974462
-0.00971044
-0.00947006
-0.00912299
-0.00881329
-0.00862619
-0.00858810
-0.00862220
-0.00859589
-0.00839505
-0.00800916
-0.00753424
-0.00717118
-0.00710757
-0.00738443
-0.00792426
-0.00852752
-0.00896073
-0.00913189
-0.00910271
-0.00890150
-0.00850906
-0.00791486
-0.00710877
-0.00610003
-0.00498051
-0.00396501
-0.00328705
-0.00310398
-0.00345906
-0.00420090
-0.00508479
-0.00594637
-0.00670174
-0.00730079
-0.00772171
-0.00797305
-0.00807517
-0.00801571
-0.00776516
-0.00723085
-0.00628725
-0.00495922
-0.00347154
-0.00212836
-0.00115729
-0.00061917
-0.00052247
-0.00083206
-0.00146800
-0.00235502
-0.00341952
-0.00455007
-0.00564220
-0.00659258
-0.00725849
-0.00754378
-0.00744751
-0.00696569
-0.00609416
-0.00489694
-0.00352354
-0.00210127
-0.00075784
0.00032621
0.00105029
0.00145569
0.00169783
0.00193641
0.00224359
0.00258762
0.00284159
0.00287500
0.00259741
0.00199208
0.00122158
0.00059981
0.00043424
0.00087759
0.00184866
0.00310169
0.00431749
0.00529660
0.00597730
0.00644697
0.00682238
0.00718343
0.00753253
0.00785550
0.00812969
0.00830116
0.00837898
0.00841808
0.00846495
0.00853899
0.00865537
0.00885647
0.00915552
0.00950537
0.00980820
0.00993675
0.00982667
0.00949816
0.00895946
0.00812958
0.00692219
0.00539630
0.00371736
0.00207489
0.00065987
-0.00040320
-0.00114694
-0.00172114
-0.00225427
-0.00280579
-0.00338203
-0.00391529
-0.00433619
-0.00456923
-0.00457858
-0.00436202
-0.00390785
-0.00328540
-0.00257634
-0.00184451
-0.00120950
-0.00080926
-0.00072705
-0.00091489
-0.00125416
-0.00157345
-0.00175345
-0.00181661
-0.00189464
-0.00220452
-0.00290154
-0.00394039
-0.00514521
-0.00637738
-0.00753905
-0.00855685
-0.00937206
-0.01003626
-0.01063148
-0.01118458
-0.01166892
-0.01201822
-0.01213924
-0.01195658
-0.01142928
-0.01062966
-0.00967437
-0.00875261
-0.00807838
-0.00779248
-0.00784912
-0.00805723
-0.00819863
-0.00816715
-0.00796039
-0.00766857
-0.00736889
-0.00710266
-0.00685016
-0.00647147
-0.00582463
-0.00489604
-0.00377923
-0.00258899
-0.00138288
-0.00018665
0.00099422
0.00205373
0.00285389
0.00328479
0.00329393
0.00295161
0.00243039
0.00192697
0.00158369
0.00145096
0.00149432
0.00163089
0.00177352
0.00192157
0.00219445
0.00265931
0.00326508
0.00388347
0.00435212
0.00452223
0.00433397
0.00384641
0.00323432
0.00264624
0.00217882
0.00184639
0.00157645
0.00136270
0.00132672
0.00157695
0.00217260
0.00313839
0.00444425
0.00594313
0.00740560
0.00855624
0.00924792
0.00951368
0.00944977
0.00919172
0.00885362
0.00845092
0.00794840
0.00733017
0.00657662
0.00572631
0.00499887
0.00472322
0.00511759
0.00615948
0.00763281
0.00928475
0.01086961
0.01227645
0.01351260
0.01456200
0.01539562
0.01591698
0.01605833
0.01587858
0.01544866
0.01479970
0.01393867
0.01287516
0.01163629
0.01024098
0.00868236
0.00698829
0.00526240
0.00369414
0.00250301
0.00186164
0.00177582
0.00205345
0.00243222
0.00270930
0.00279411
0.00274171
0.00265922
0.00263036
0.00268103
0.00275075
0.00272688
0.00250850
0.00201395
0.00120962
0.00016762
-0.00089039
-0.00168477
-0.00201249
-0.00181592
-0.00115712
-0.00005640
0.00148527
0.00342226
0.00569391
0.00826197
0.01103858
0.01382973
0.01640161
0.01853514
0.02007729
0.02098679
0.02131075
0.02120261
0.02080301
0.02014852
0.01923847
0.01807956
0.01666760
0.01501666
0.01319676
0.01131925
0.00949891
0.00781392
0.00629964
0.00498615
0.00387777
0.00297038
0.00226114
0.00168661
0.00111561
0.00041691
-0.00045978
-0.00151273
-0.00266281
-0.00388134
-0.00514912
-0.00638663
-0.00756833
-0.00869704
-0.00976561
-0.01071462
-0.01139237
-0.01164014
-0.01140999
-0.01075099
-0.00978177
-0.00867909
-0.00762504
-0.00679145
-0.00626146
-0.00605937
-0.00616481
-0.00657525
-0.00732201
-0.00836310
-0.00957538
-0.01077440
-0.01177173
-0.01246418
-0.01291738
-0.01330396
-0.01371381
-0.01408967
-0.01434200
-0.01445582
-0.01448170
-0.01440554
-0.01417063
-0.01375221
-0.01312926
-0.01225528
-0.01109646
-0.00969939
-0.00811864
-0.00642862
-0.00471789
-0.00303265
-0.00134529
0.00040739
0.00228669
0.00423043
0.00602853
0.00740678
0.00819326
0.00840001
0.00816541
0.00778702
0.00765120
0.00800231
0.00884514
0.00999761
0.01116889
0.01205045
0.01239274
0.01208328
0.01121629
0.01011656
0.00919111
0.00875604
0.00892363
0.00961117
0.01065058
0.01186560
0.01308325
0.01417974
0.01509985
0.01586025
0.01651717
0.01713206
0.01769305
0.01811703
0.01834426
0.01836902
0.01819644
0.01783832
0.01730055
0.01656818
0.01562843
0.01450660
0.01328409
0.01202613
0.01084227
0.00985413
0.00917290
0.00885892
0.00890069
0.00930915
0.01010832
0.01128189
0.01280837
0.01465393
0.01667406
0.01866822
0.02050803
0.02219977
0.02381165
0.02539678
0.02692835
0.02824900
0.02914002
0.02940085
0.02899676
0.02807382
0.02689251
0.02568300
0.02453420
0.02337680
0.02212226
0.02076029
0.01926029
0.01752370
0.01545776
0.01297738
0.00994322
0.00622203
0.00180113
-0.00313203
-0.00819904
-0.01288774
-0.01672200
-0.01939880
-0.02084901
-0.02121890
-0.02082144
-0.02004240
-0.01926008
-0.01872246
-0.01858784
-0.01888806
-0.01949741
-0.02019908
-0.02078643
-0.02113346
-0.02117866
-0.02084680
-0.02006915
-0.01889873
-0.01747239
-0.01590376
-0.01428092
-0.01263811
-0.01099072
-0.00936627
-0.00779076
-0.00627853
-0.00478771
-0.00324171
-0.00156491
0.00027571
0.00222180
0.00407892
0.00563572
0.00674296
0.00731404
0.00730915
0.00672276
0.00570460
0.00449984
0.00329279
0.00214759
0.00095603
-0.00047817
-0.00231955
-0.00461800
-0.00725970
-0.00998392
-0.01246545
-0.01441924
-0.01576806
-0.01665694
-0.01727013
-0.01770142
-0.01798243
-0.01812773
-0.01808717
-0.01784014
-0.01741108
-0.01684926
-0.01628340
-0.01581318
-0.01547986
-0.01524630
-0.01501691
-0.01473642
-0.01437687
-0.01396080
-0.01352870
-0.01322113
-0.01334599
-0.01419784
-0.01590022
-0.01835228
-0.02121665
-0.02401916
-0.02633688
-0.02787818
-0.02853764
-0.02836779
-0.02745500
-0.02585253
-0.02356424
-0.02056465
-0.01683481
-0.01248189
-0.00774878
-0.00292742
0.00166656
0.00578731
0.00932974
0.01227495
0.01466178
0.01657649
0.01801911
0.01885070
0.01890542
0.01815797
0.01676676
0.01504810
0.01338533
0.01202018
0.01097643
0.01011255
0.00914913
0.00781235
0.00606345
0.00414332
0.00238365
0.00110593
0.00054784
0.00078566
0.00171339
0.00306517
0.00452548
0.00592589
0.00735296
0.00905601
0.01130571
0.01425788
0.01780764
0.02159413
0.02506052
0.02757909
0.02870114
0.02837089
0.02694723
0.02501834
0.02311781
0.02158231
0.02048356
0.01967258
0.01891160
0.01799292
0.01685711
0.01555586
0.01417777
0.01279648
0.01141841
0.00997375
0.00838025
0.00654921
0.00444951
0.00217658
-0.00009286
-0.00222018
-0.00417678
-0.00598200
-0.00760500
-0.00893782
-0.00989631
-0.01038827
-0.01037122
-0.00997014
-0.00943101
-0.00896985
-0.00872760
-0.00871424
-0.00883427
-0.00887534
-0.00868790
-0.00824382
-0.00759751
-0.00688325
-0.00625960
-0.00587087
-0.00584761
-0.00624043
-0.00700767
-0.00807933
-0.00932134
-0.01060669
-0.01183542
-0.01286903
-0.01351949
-0.01363529
-0.01316999
-0.01219352
-0.01086010
-0.00935172
-0.00781894
-0.00635161
-0.00497364
-0.00366140
-0.00239456
-0.00119750
-0.00008384
0.00095753
0.00192452
0.00281726
0.00361120
0.00423429
0.00458026
0.00460157
0.00431187
0.00369442
0.00271181
0.00133993
-0.00036091
-0.00219655
-0.00382344
-0.00488733
-0.00518876
-0.00470392
-0.00363520
-0.00232944
-0.00109710
-0.00014347
0.00046636
0.00077991
0.00083184
0.00068914
0.00043312
0.00019626
0.00016449
0.00051363
0.00135502
0.00263255
0.00417134
0.00581894
0.00743170
0.00888677
0.01009014
0.01098922
0.01161350
0.01198060
0.01205085
0.01182383
0.01137658
0.01078171
0.01007004
0.00928109
0.00844228
0.00756555
0.00671862
0.00593687
0.00525321
0.00468296
0.00419239
0.00366084
0.00292043
0.00182326
0.00031848
-0.00149262
-0.00337105
-0.00505630
-0.00631602
-0.00694644
-0.00679659
-0.00578781
-0.00386904
-0.00106177
0.00232547
0.00565876
0.00825697
0.00963599
0.00968203
0.00866820
0.00710353
0.00549183
0.00412844
0.00306969
0.00224119
0.00151316
0.00074176
-0.00013094
-0.00103038
-0.00177747
-0.00218432
-0.00215115
-0.00170688
-0.00106376
-0.00059935
-0.00068732
-0.00149900
-0.00299189
-0.00497087
-0.00711030
-0.00907587
-0.01071596
-0.01205314
-0.01313334
-0.01397901
-0.01462901
-0.01511927
-0.01548152
-0.01585685
-0.01645549
-0.01741485
-0.01874426
-0.02037394
-0.02216865
-0.02392818
-0.02546577
-0.02663850
-0.02735276
-0.02754316
-0.02722238
-0.02648159
-0.02536524
-0.02388805
-0.02212917
-0.02026284
-0.01848429
-0.01689513
-0.01554328
-0.01445634
-0.01369871
-0.01326832
-0.01301766
-0.01271399
-0.01211911
-0.01103026
-0.00934461
-0.00712203
-0.00457500
-0.00198542
0.00031747
0.00207715
0.00323291
0.00389885
0.00431430
0.00467206
0.00489118
0.00474799
0.00410685
0.00305085
0.00186307
0.00092954
0.00058373
0.00097708
0.00202563
0.00344876
0.00494148
0.00635168
0.00774006
0.00922635
0.01092956
0.01285153
0.01487051
0.01671703
0.01807784
0.01867202
0.01836444
0.01724731
0.01559269
0.01372802
0.01192092
0.01030541
0.00885370
0.00748794
0.00611891
0.00471836
0.00332076
0.00197364
0.00074451
-0.00033488
-0.00128380
-0.00206683
-0.00260022
-0.00279693
-0.00264078
-0.00222742
-0.00170921
-0.00119160
-0.00073113
-0.00041042
-0.00030541
-0.00039916
-0.00050537
-0.00033768
0.00035298
0.00167260
0.00360158
0.00600252
0.00863466
0.01114850
0.01318884
0.01446481
0.01479014
0.01414051
0.01267240
0.01066405
0.00846148
0.00635807
0.00455082
0.00320431
0.00234589
0.00181359
0.00137642
0.00077034
-0.00025841
-0.00186232
-0.00400727
-0.00646536
-0.00892253
-0.01110402
-0.01275763
-0.01363281
-0.01361095
-0.01277605
-0.01141155
-0.00991903
-0.00863778
-0.00777170
-0.00743438
-0.00758263
-0.00803353
-0.00859052
-0.00905425
-0.00925953
-0.00916161
-0.00877836
-0.00802571
-0.00672690
-0.00477798
-0.00223185
0.00066840
0.00354986
0.00612332
0.00822570
0.00986319
0.01120742
0.01237318
0.01338485
0.01418603
0.01470319
0.01485624
0.01470848
0.01441534
0.01413203
0.01398825
0.01404928
0.01424024
0.01443509
0.01456752
0.01461222
0.01445270
0.01392537
0.01284697
0.01113160
0.00888427
0.00622783
0.00331064
0.00031754
-0.00264831
-0.00556521
-0.00842174
-0.01112722
-0.01348566
-0.01528516
-0.01636766
-0.01659793
-0.01587631
-0.01420387
-0.01180254
-0.00909913
-0.00660229
-0.00470485
-0.00355060
-0.00310025
-0.00319819
-0.00365406
-0.00430799
-0.00512182
-0.00612726
-0.00731975
-0.00856501
-0.00963331
-0.01035788
-0.01063607
-0.01043722
-0.00984421
-0.00902428
-0.00821350
-0.00757859
-0.00716736
-0.00693946
-0.00677199
-0.00653424
-0.00613248
-0.00554816
-0.00480439
-0.00393034
-0.00299059
-0.00203968
-0.00106327
0.00002487
0.00125930
0.00258401
0.00387955
0.00503842
0.00598557
0.00667206
0.00706347
0.00705388
0.00650094
0.00542397
0.00404821
0.00265080
0.00146460
0.00062307
0.00009951
-0.00023861
-0.00058846
-0.00117889
-0.00210948
-0.00330296
-0.00453116
-0.00554946
-0.00619415
-0.00645161
-0.00646335
-0.00645709
-0.00665798
-0.00712514
-0.00777227
-0.00846659
-0.00907650
-0.00955620
-0.00994318
-0.01032362
-0.01076897
-0.01127270
-0.01176558
-0.01217184
-0.01248842
-0.01276574
-0.01303620
-0.01329703
-0.01352355
-0.01368191
-0.01371591
-0.01362648
-0.01348454
-0.01332605
-0.01316511
-0.01290985
-0.01240430
-0.01153695
-0.01032583
-0.00894992
-0.00757127
-0.00622701
-0.00482179
-0.00325282
-0.00154576
0.00019796
0.00187488
0.00341961
0.00478608
0.00594942
0.00694577
0.00779188
0.00843039
0.00880205
0.00883928
0.00852403
0.00795337
0.00726045
0.00655442
0.00589013
0.00527406
0.00468778
0.00418015
0.00385440
0.00376562
0.00388917
0.00418063
0.00463299
0.00520040
0.00578464
0.00631180
0.00669020
0.00682169
0.00665414
0.00620055
0.00552470
0.00464188
0.00351583
0.00214087
0.00054117
-0.00119380
-0.00281912
-0.00399920
-0.00446506
-0.00403364
-0.00257352
-0.00015118
0.00297987
0.00644852
0.00980661
0.01269892
0.01485867
0.01612794
0.01646622
0.01590845
0.01467233
0.01304528
0.01124635
0.00940192
0.00754497
0.00572523
0.00410578
0.00288866
0.00216798
0.00191881
0.00196817
0.00213486
0.00230379
0.00234034
0.00207060
0.00133344
0.00009752
-0.00152174
-0.00335494
-0.00524099
-0.00694627
-0.00822948
-0.00898088
-0.00913876
-0.00865944
-0.00765668
-0.00640067
-0.00514962
-0.00418444
-0.00369792
-0.00371169
-0.00417777
-0.00493898
-0.00576469
-0.00644247
-0.00681971
-0.00678869
-0.00633248
-0.00551971
-0.00437673
-0.00293034
-0.00128106
0.00047633
0.00224548
0.00396208
0.00559581
0.00705194
0.00821915
0.00898760
0.00933915
0.00938849
0.00928227
0.00920494
0.00931378
0.00960243
0.00994888
0.01022283
0.01034899
0.01032444
0.01020059
0.01002892
0.00983015
0.00968410
0.00971779
0.01000657
0.01053228
0.01113910
0.01160883
0.01171325
0.01128185
0.01035148
0.00916740
0.00802701
0.00711842
0.00652992
0.00632683
0.00655648
0.00719779
0.00814962
0.00933252
0.01066875
0.01203386
0.01332728
0.01450314
0.01553579
0.01640606
0.01702730
0.01730244
0.01729201
0.01718157
0.01711706
0.01717364
0.01728819
0.01729891
0.01705407
0.01641923
0.01534325
0.01387663
0.01209342
0.01006687
0.00791604
0.00581658
0.00398629
0.00261373
0.00178220
0.00146732
0.00160875
0.00212437
0.00288636
0.00378345
0.00474090
0.00564739
0.00635395
0.00678264
0.00690784
0.00674758
0.00634499
0.00579202
0.00519840
0.00460117
0.00396966
0.00323769
0.00229468
0.00115543
-0.00007689
-0.00129439
-0.00239885
-0.00334260
-0.00408216
-0.00453925
-0.00467818
-0.00453036
-0.00412820
-0.00350152
-0.00271833
-0.00185913
-0.00102510
-0.00030527
0.00024237
0.00050922
0.00043338
0.00007535
-0.00043809
-0.00102820
-0.00167819
-0.00235509
-0.00298583
-0.00346888
-0.00369110
-0.00361411
-0.00330793
-0.00290911
-0.00257621
-0.00243938
-0.00251418
-0.00276214
-0.00311255
-0.00349430
-0.00391163
-0.00444190
-0.00513310
-0.00588841
-0.00655979
-0.00708222
-0.00745741
-0.00773163
-0.00799862
-0.00832258
-0.00867509
-0.00895753
-0.00913000
-0.00919427
-0.00912702
-0.00890409
-0.00851041
-0.00798498
-0.00738297
-0.00668886
-0.00588578
-0.00499019
-0.00407982
-0.00325213
-0.00250515
-0.00174220
-0.00091564
0.00000618
0.00099204
0.00194979
0.00278723
0.00336989
0.00358378
0.00347658
0.00321138
0.00295711
0.00282231
0.00285441
0.00305470
0.00332501
0.00351318
0.00347754
0.00317801
0.00267432
0.00200665
0.00114955
0.00011590
-0.00102278
-0.00215546
-0.00319156
-0.00405803
-0.00469902
-0.00507514
-0.00515123
-0.00495441
-0.00461041
-0.00429748
-0.00410285
-0.00399802
-0.00389572
-0.00377443
-0.00366840
-0.00361179
-0.00359458
-0.00354028
-0.00334430
-0.00280377
-0.00169877
-0.00000071
0.00204001
0.00400747
0.00550802
0.00627295
0.00622268
0.00550770
0.00439819
0.00313954
0.00188202
0.00064570
-0.00071258
-0.00232781
-0.00414725
-0.00598279
-0.00760057
-0.00878878
-0.00937503
-0.00922580
-0.00833209
-0.00686942
-0.00516369
-0.00351580
-0.00204634
-0.00076593
0.00035769
0.00135547
0.00224561
0.00297456
0.00346922
0.00375652
0.00391596
0.00399565
0.00410455
0.00434337
0.00465270
0.00484527
0.00476163
0.00432368
0.00355145
0.00263192
0.00181541
0.00123145
0.00086677
0.00060195
0.00031303
-0.00005789
-0.00052211
-0.00099654
-0.00135111
-0.00150705
-0.00148186
-0.00140312
-0.00141154
-0.00156646
-0.00182398
-0.00205607
-0.00218797
-0.00224588
-0.00233340
-0.00255421
-0.00298656
-0.00366915
-0.00453474
-0.00543372
-0.00626382
-0.00703426
-0.00781877
-0.00865869
-0.00955383
-0.01046339
-0.01135722
-0.01224426
-0.01309418
-0.01378015
-0.01416344
-0.01416050
-0.01377919
-0.01305146
-0.01199998
-0.01068272
-0.00919374
-0.00763620
-0.00610105
-0.00468568
-0.00346143
-0.00245493
-0.00163786
-0.00095744
-0.00038395
0.00012650
0.00062478
0.00116644
0.00181996
0.00259443
0.00340315
0.00411409
0.00462455
0.00495345
0.00523788
0.00556215
0.00590164
0.00622729
0.00650886
0.00671874
0.00688291
0.00703408
0.00718418
0.00732543
0.00744127
0.00751562
0.00754566
0.00757794
0.00765562
0.00774739
0.00780775
0.00785133
0.00794548
0.00812697
0.00837531
0.00860439
0.00869003
0.00863211
0.00857458
0.00862800
0.00882972
0.00912358
0.00946125
0.00979925
0.01009175
0.01030446
0.01042604
0.01046643
0.01039167
0.01009618
0.00952523
0.00867934
0.00762705
0.00652994
0.00558175
0.00492447
0.00460038
0.00455435
0.00467278
0.00483380
0.00492644
0.00482694
0.00444143
0.00379841
0.00304521
0.00238776
0.00204861
0.00217532
0.00277711
0.00378296
0.00501254
0.00619451
0.00702653
0.00726866
0.00683115
0.00580441
0.00443896
0.00299911
0.00161365
0.00034438
-0.00074844
-0.00166893
-0.00250952
-0.00338255
-0.00434355
-0.00543119
-0.00661549
-0.00778417
-0.00888577
-0.00998478
-0.01120309
-0.01257579
-0.01397076
-0.01513069
-0.01582566
-0.01599369
-0.01574901
-0.01529051
-0.01472610
-0.01402173
-0.01306751
-0.01180715
-0.01021932
-0.00831780
-0.00622749
-0.00414007
-0.00222574
-0.00060990
0.00061576
0.00141664
0.00183116
0.00195750
0.00191952
0.00182950
0.00176273
0.00174818
0.00174286
0.00162476
0.00131277
0.00088360
0.00047947
0.00018574
-0.00005080
-0.00032387
-0.00068401
-0.00120545
-0.00191794
-0.00281813
-0.00385440
-0.00489208
-0.00576853
-0.00641052
-0.00689469
-0.00730860
-0.00770609
-0.00803147
-0.00814954
-0.00798440
-0.00758154
-0.00705197
-0.00646419
-0.00582797
-0.00513838
-0.00434148
-0.00340444
-0.00234212
-0.00117946
0.00006097
0.00137345
0.00277372
0.00417761
0.00541948
0.00626689
0.00655608
0.00631383
0.00568928
0.00488814
0.00413767
0.00365258
0.00354544
0.00373496
0.00405379
0.00432594
0.00440439
0.00420561
0.00374113
0.00312376
0.00246877
0.00181510
0.00116238
0.00053127
-0.00006789
-0.00064507
-0.00118247
-0.00163625
-0.00196044
-0.00209805
-0.00199991
-0.00165893
-0.00108313
-0.00033985
0.00041866
0.00107923
0.00157860
0.00189703
0.00205344
0.00206052
0.00181672
0.00117621
0.00017768
-0.00100914
-0.00215114
-0.00306090
-0.00367038
-0.00396513
-0.00400593
-0.00395194
-0.00393445
-0.00395626
-0.00393698
-0.00377033
-0.00341730
-0.00293834
-0.00245022
-0.00205234
-0.00175170
-0.00151346
-0.00135088
-0.00126585
-0.00126941
-0.00137715
-0.00156803
-0.00177720
-0.00190242
-0.00191545
-0.00188426
-0.00194762
-0.00225545
-0.00283202
-0.00352228
-0.00415258
-0.00462973
-0.00496896
-0.00524670
-0.00553298
-0.00593957
-0.00655490
-0.00734467
-0.00821908
-0.00907705
-0.00980135
-0.01025856
-0.01036660
-0.01016077
-0.00976651
-0.00928905
-0.00873975
-0.00806130
-0.00719415
-0.00617139
-0.00516831
-0.00438187
-0.00388917
-0.00366700
-0.00364055
-0.00374387
-0.00387757
-0.00391969
-0.00385043
-0.00372072
-0.00359716
-0.00352708
-0.00352881
-0.00363213
-0.00390452
-0.00434585
-0.00483277
-0.00521930
-0.00538840
-0.00526793
-0.00489385
-0.00439390
-0.00388983
-0.00339743
-0.00286604
-0.00225808
-0.00159051
-0.00098650
-0.00057422
-0.00040930
-0.00049050
-0.00079691
-0.00127900
-0.00185419
-0.00239259
-0.00282843
-0.00319470
-0.00362673
-0.00419710
-0.00483085
-0.00543109
-0.00594688
-0.00637574
-0.00668420
-0.00683523
-0.00683451
-0.00673040
-0.00661186
-0.00662174
-0.00686961
-0.00730134
-0.00775866
-0.00807590
-0.00810621
-0.00774831
-0.00699104
-0.00596407
-0.00488771
-0.00393319
-0.00317645
-0.00258796
-0.00207208
-0.00147332
-0.00071025
0.00011630
0.00086347
0.00145195
0.00190171
0.00226213
0.00251182
0.00261824
0.00265286
0.00277219
0.00308083
0.00357290
0.00418363
0.00477079
0.00517704
0.00532740
0.00524919
0.00503911
0.00481070
0.00463380
0.00444021
0.00410391
0.00358503
0.00291004
0.00214523
0.00135830
0.00061640
0.00004099
-0.00025267
-0.00025426
-0.00009730
0.00002148
-0.00007600
-0.00050719
-0.00125533
-0.00216091
-0.00300607
-0.00362064
-0.00397597
-0.00411667
-0.00409085
-0.00396385
-0.00379861
-0.00358844
-0.00324983
-0.00271636
-0.00193828
-0.00092436
0.00022949
0.00138129
0.00238030
0.00319282
0.00394540
0.00476476
0.00565539
0.00651965
0.00726037
0.00781181
0.00814678
0.00828604
0.00824772
0.00803487
0.00761167
0.00693100
0.00596981
0.00472034
0.00323107
0.00164075
0.00009198
-0.00129844
-0.00246076
-0.00338285
-0.00403211
-0.00435973
-0.00438072
-0.00418626
-0.00390465
-0.00365219
-0.00349768
-0.00342454
-0.00333589
-0.00315948
-0.00289390
-0.00259420
-0.00236208
-0.00231791
-0.00250032
-0.00281511
-0.00304495
-0.00298463
-0.00261532
-0.00209066
-0.00159202
-0.00129599
-0.00128074
-0.00147216
-0.00171007
-0.00190351
-0.00202505
-0.00205358
-0.00197536
-0.00183010
-0.00166555
-0.00159771
-0.00175157
-0.00214466
-0.00268089
-0.00324189
-0.00373541
-0.00399673
-0.00386723
-0.00336673
-0.00265261
-0.00195403
-0.00147301
-0.00139160
-0.00173744
-0.00236488
-0.00301728
-0.00342619
-0.00346061
-0.00313612
-0.00254692
-0.00185410
-0.00123079
-0.00076749
-0.00040363
-0.00000817
0.00048403
0.00106292
0.00167683
0.00220056
0.00251460
0.00258150
0.00243104
0.00212895
0.00181130
0.00160466
0.00154086
0.00153396
0.00149912
0.00143064
0.00134476
0.00134342
0.00160943
0.00224156
0.00320133
0.00433743
0.00547743
0.00646370
0.00718236
0.00757382
0.00761499
0.00736036
0.00692059
0.00638627
0.00581715
0.00520900
0.00452003
0.00372035
0.00276842
0.00167743
0.00049819
-0.00070520
-0.00182686
-0.00274275
-0.00336716
-0.00368738
-0.00376154
-0.00368748
-0.00352241
-0.00321181
-0.00267208
-0.00183294
-0.00074536
0.00040579
0.00141849
0.00217361
0.00259952
0.00269665
0.00255276
0.00228275
0.00195028
0.00159434
0.00123549
0.00080795
0.00019591
-0.00059748
-0.00146091
-0.00222273
-0.00278116
-0.00312476
-0.00329501
-0.00333683
-0.00322899
-0.00291413
-0.00240189
-0.00179090
-0.00119544
-0.00064246
-0.00008205
0.00050957
0.00107252
0.00147411
0.00163517
0.00159937
0.00145349
0.00132498
0.00135516
0.00169124
0.00237986
0.00336062
0.00451233
0.00561201
0.00642349
0.00681397
0.00675381
0.00633078
0.00571791
0.00504744
0.00435895
0.00367336
0.00302800
0.00244041
0.00195224
0.00156350
0.00118831
0.00075480
0.00026993
-0.00019998
-0.00057667
-0.00081051
-0.00091139
-0.00097498
-0.00111897
-0.00143722
-0.00194159
-0.00254286
-0.00310565
-0.00350248
-0.00361117
-0.00335872
-0.00282794
-0.00216088
-0.00143063
-0.00064353
0.00018895
0.00106088
0.00198419
0.00292401
0.00378364
0.00445694
0.00489457
0.00514582
0.00524780
0.00517860
0.00496718
0.00463581
0.00409974
0.00323314
0.00194375
0.00025344
-0.00170038
-0.00375778
-0.00572127
-0.00736890
-0.00853884
-0.00918885
-0.00939900
-0.00930049
-0.00894817
-0.00837948
-0.00769623
-0.00702484
-0.00641468
-0.00584806
-0.00540498
-0.00520806
-0.00530413
-0.00566724
-0.00617048
-0.00668052
-0.00710218
-0.00735969
-0.00751477
-0.00770169
-0.00797728
-0.00824966
-0.00833629
-0.00811334
-0.00756274
-0.00677109
-0.00586872
-0.00498666
-0.00424865
-0.00373617
-0.00346540
-0.00337639
-0.00329446
-0.00306651
-0.00265623
-0.00214166
-0.00158936
-0.00100917
-0.00042655
0.00015729
0.00080108
0.00158847
0.00257161
0.00371495
0.00497103
0.00632150
0.00769156
0.00893318
0.00989551
0.01049560
0.01073898
0.01067429
0.01041647
0.01008313
0.00968785
0.00915908
0.00840895
0.00739933
0.00620123
0.00495199
0.00380129
0.00288616
0.00228121
0.00194703
0.00178533
0.00170015
0.00158530
0.00135042
0.00095012
0.00042979
-0.00010592
-0.00059029
-0.00105456
-0.00151963
-0.00188991
-0.00206724
-0.00202139
-0.00168838
-0.00101229
-0.00003334
0.00115743
0.00246118
0.00376454
0.00496051
0.00598637
0.00683151
0.00752859
0.00810294
0.00859896
0.00911337
0.00972248
0.01040963
0.01111495
0.01175370
0.01220456
0.01239729
0.01235149
0.01212715
0.01174384
0.01123118
0.01068411
0.01013958
0.00957539
0.00899866
0.00846056
0.00799462
0.00754503
0.00699528
0.00629556
0.00555834
0.00491944
0.00439439
0.00390928
0.00338853
0.00281023
0.00226992
0.00188509
0.00171369
0.00170561
0.00168946
0.00151466
0.00122647
0.00100403
0.00098537
0.00119053
0.00151388
0.00176572
0.00178535
0.00149002
0.00092551
0.00022518
-0.00049229
-0.00113060
-0.00161430
-0.00190994
-0.00203268
-0.00201189
-0.00184796
-0.00155897
-0.00120635
-0.00087076
-0.00061783
-0.00045716
-0.00032052
-0.00011762
0.00020735
0.00057097
0.00079011
0.00074156
0.00043565
-0.00003379
-0.00057998
-0.00112190
-0.00160376
-0.00205827
-0.00257223
-0.00317658
-0.00382771
-0.00448277
-0.00510086
-0.00562658
-0.00601197
-0.00622562
-0.00622654
-0.00599757
-0.00555005
-0.00494870
-0.00431569
-0.00376660
-0.00334092
-0.00306722
-0.00296858
-0.00299526
-0.00296770
-0.00271743
-0.00220974
-0.00149722
-0.00068256
0.00013996
0.00090164
0.00159974
0.00229973
0.00303350
0.00375625
0.00439574
0.00494781
0.00547490
0.00597130
0.00635088
0.00649708
0.00635512
0.00597645
0.00543721
0.00477321
0.00402915
0.00329710
0.00268362
0.00226324
0.00205287
0.00202218
0.00214476
0.00236033
0.00260666
0.00286068
0.00311109
0.00338672
0.00373306
0.00418960
0.00476462
0.00543198
0.00609956
0.00666299
0.00702708
0.00708225
0.00678908
0.00619920
0.00547044
0.00478761
0.00429843
0.00404193
0.00390517
0.00377972
0.00374269
0.00394942
0.00443933
0.00510609
0.00573060
0.00605118
0.00591233
0.00536297
0.00460429
0.00384144
0.00319456
0.00271973
0.00242393
0.00227660
0.00222745
0.00222546
0.00223285
0.00223042
0.00221540
0.00219908
0.00223163
0.00238098
0.00265736
0.00300113
0.00328879
0.00335520
0.00311566
0.00267206
0.00217992
0.00172774
0.00139026
0.00125382
0.00131074
0.00146215
0.00164508
0.00182478
0.00197592
0.00205413
0.00198975
0.00176536
0.00140329
0.00086640
0.00007979
-0.00091517
-0.00195405
-0.00284123
-0.00346733
-0.00383384
-0.00395941
-0.00391627
-0.00382908
-0.00373683
-0.00357665
-0.00334143
-0.00317607
-0.00320355
-0.00343088
-0.00386133
-0.00446072
-0.00512327
-0.00571606
-0.00613563
-0.00633997
-0.00633329
-0.00612570
-0.00574803
-0.00525626
-0.00477855
-0.00442563
-0.00417284
-0.00389735
-0.00351448
-0.00303673
-0.00253308
-0.00202831
-0.00148047
-0.00087047
-0.00024761
0.00031473
0.00078660
0.00113907
0.00137160
0.00147719
0.00143149
0.00120227
0.00081321
0.00040495
0.00015462
0.00020285
0.00057292
0.00115382
0.00178189
0.00235535
0.00283501
0.00320411
0.00344907
0.00351965
0.00332773
0.00281088
0.00205880
0.00128502
0.00063399
0.00010448
-0.00032064
-0.00061285
-0.00075306
-0.00075078
-0.00060181
-0.00030704
0.00008931
0.00055153
0.00106082
0.00161623
0.00221015
0.00279087
0.00328871
0.00368185
0.00397737
0.00418831
0.00436699
0.00455735
0.00480425
0.00514735
0.00556773
0.00599087
0.00629790
0.00637377
0.00616443
0.00571974
0.00513554
0.00446247
0.00376676
0.00310617
0.00252659
0.00208635
0.00180441
0.00170634
0.00175517
0.00188589
0.00212693
0.00249589
0.00297382
0.00351051
0.00400775
0.00439202
0.00464662
0.00488351
0.00517195
0.00545399
0.00564052
0.00565624
0.00547173
0.00515892
0.00477256
0.00430932
0.00378440
0.00325876
0.00278713
0.00235925
0.00193123
0.00144830
0.00088446
0.00023418
-0.00043610
-0.00099223
-0.00136853
-0.00157989
-0.00167657
-0.00172779
-0.00183521
-0.00205558
-0.00232894
-0.00257593
-0.00271353
-0.00267369
-0.00241553
-0.00196325
-0.00142006
-0.00091791
-0.00057262
-0.00046922
-0.00057289
-0.00075438
-0.00089107
-0.00091870
-0.00082772
-0.00061875
-0.00036012
-0.00021647
-0.00032923
-0.00076091
-0.00150912
-0.00247310
-0.00346282
-0.00428978
-0.00488991
-0.00534611
-0.00572370
-0.00595761
-0.00591318
-0.00552023
-0.00479945
-0.00382978
-0.00279413
-0.00189429
-0.00126921
-0.00095925
-0.00087462
-0.00092173
-0.00106099
-0.00126194
-0.00148613
-0.00168961
-0.00183603
-0.00191048
-0.00192131
-0.00189214
-0.00185033
-0.00181264
-0.00174802
-0.00158484
-0.00122384
-0.00058443
0.00027855
0.00119406
0.00196889
0.00246841
0.00262356
0.00243612
0.00200481
0.00145217
0.00086535
0.00028481
-0.00029095
-0.00088135
-0.00150796
-0.00217813
-0.00288192
-0.00356063
-0.00413048
-0.00452655
-0.00473102
-0.00477060
-0.00466632
-0.00442776
-0.00413279
-0.00388520
-0.00375121
-0.00374059
-0.00377938
-0.00378710
-0.00372090
-0.00355294
-0.00329609
-0.00300488
-0.00270331
-0.00237891
-0.00203328
-0.00169342
-0.00132366
-0.00086813
-0.00030170
0.00033209
0.00092281
0.00140651
0.00176449
0.00203463
0.00231065
0.00267963
0.00318701
0.00379327
0.00439243
0.00484341
0.00504027
0.00499199
0.00474673
0.00438791
0.00398836
0.00356936
0.00312421
0.00265505
0.00224471
0.00197775
0.00184982
0.00173097
0.00146310
0.00096638
0.00024694
-0.00061035
-0.00150037
-0.00230400
-0.00294757
-0.00342030
-0.00372553
-0.00392968
-0.00410488
-0.00431547
-0.00462418
-0.00499918
-0.00527594
-0.00527462
-0.00494816
-0.00439716
-0.00376882
-0.00316102
-0.00264211
-0.00225565
-0.00198486
-0.00177405
-0.00162772
-0.00156791
-0.00159582
-0.00171633
-0.00195568
-0.00229597
-0.00267004
-0.00299750
-0.00322156
-0.00335779
-0.00349988
-0.00371560
-0.00397381
-0.00415564
-0.00419789
-0.00411703
-0.00393581
-0.00369696
-0.00345855
-0.00327149
-0.00316219
-0.00312391
-0.00309223
-0.00297420
-0.00273428
-0.00241096
-0.00208774
-0.00187709
-0.00184592
-0.00197210
-0.00213858
-0.00215550
-0.00192296
-0.00147667
-0.00090749
-0.00029978
0.00026350
0.00075446
0.00119628
0.00159119
0.00187226
0.00195810
0.00184525
0.00165023
0.00152358
0.00149880
0.00150623
0.00147363
0.00137957
0.00129171
0.00130856
0.00146864
0.00173597
0.00203145
0.00227545
0.00241962
0.00247374
0.00256977
0.00286502
0.00339024
0.00404456
0.00465569
0.00504259
0.00515457
0.00507726
0.00492435
0.00472644
0.00442470
0.00398177
0.00342924
0.00280880
0.00217466
0.00160475
0.00115734
0.00082214
0.00058570
0.00040806
0.00023223
0.00003450
-0.00018475
-0.00043666
-0.00070148
-0.00097352
-0.00123215
-0.00141563
-0.00151859
-0.00160463
-0.00177416
-0.00208173
-0.00251499
-0.00302112
-0.00347536
-0.00375599
-0.00383992
-0.00380888
-0.00374725
-0.00372527
-0.00373642
-0.00373143
-0.00367632
-0.00354938
-0.00333424
-0.00306683
-0.00280180
-0.00260165
-0.00245671
-0.00230237
-0.00208048
-0.00183441
-0.00164357
-0.00155796
-0.00155008
-0.00151654
-0.00138163
-0.00114456
-0.00089492
-0.00077399
-0.00085753
-0.00111447
-0.00140715
-0.00156270
-0.00149340
-0.00122774
-0.00087137
-0.00054513
-0.00033381
-0.00026289
-0.00030425
-0.00040082
-0.00049511
-0.00054997
-0.00055566
-0.00052479
-0.00048035
-0.00044362
-0.00041866
-0.00035453
-0.00018736
0.00008826
0.00041849
0.00072552
0.00093262
0.00096817
0.00085633
0.00070156
0.00059957
0.00058190
0.00059352
0.00058790
0.00053366
0.00044297
0.00032241
0.00017788
0.00006141
0.00000537
0.00004651
0.00019982
0.00043131
0.00065578
0.00074867
0.00063837
0.00035184
-0.00003558
-0.00047528
-0.00092404
-0.00132737
-0.00163599
-0.00179581
-0.00174639
-0.00149363
-0.00108978
-0.00058051
-0.00000710
0.00060786
0.00118485
0.00155372
0.00156110
0.00120057
0.00060976
-0.00004463
-0.00066284
-0.00121994
-0.00174168
-0.00223441
-0.00267122
-0.00301389
-0.00324398
-0.00340059
-0.00352725
-0.00360286
-0.00356216
-0.00334413
-0.00295737
-0.00244711
-0.00191247
-0.00144767
-0.00109171
-0.00088926
-0.00083273
-0.00084149
-0.00083684
-0.00078032
-0.00067622
-0.00055523
-0.00045250
-0.00037794
-0.00029062
-0.00018992
-0.00012178
-0.00011894
-0.00018141
-0.00028263
-0.00037300
-0.00037733
-0.00027977
-0.00010679
0.00006127
0.00013502
0.00008045
-0.00007487
-0.00026801
-0.00043596
-0.00054096
-0.00057339
-0.00054813
-0.00049431
-0.00044146
-0.00040900
-0.00040232
-0.00041412
-0.00040078
-0.00025295
0.00012663
0.00071870
0.00139576
0.00196836
0.00225090
0.00218093
0.00183950
0.00138953
0.00098972
0.00070176
0.00048475
0.00028820
0.00012907
0.00007855
0.00017272
0.00038420
0.00064326
0.00087974
0.00108926
0.00131839
0.00159120
0.00189011
0.00217048
0.00238642
0.00250138
0.00246238
0.00223813
0.00187200
0.00146203
0.00110366
0.00080522
0.00047582
0.00004531
-0.00043324
-0.00087095
-0.00116592
-0.00124428
-0.00111585
-0.00084796
-0.00048806
-0.00007507
0.00033232
0.00067234
0.00090408
0.00101819
0.00103254
0.00098366
0.00091343
0.00085507
0.00082393
0.00081586
0.00081766
0.00081746
0.00080763
0.00078222
0.00069070
0.00043628
0.00003890
-0.00036662
-0.00059968
-0.00056728
-0.00030629
0.00006361
0.00043588
0.00078048
0.00112151
0.00151271
0.00193028
0.00228922
0.00251910
0.00257036
0.00247970
0.00229213
0.00198501
0.00156287
0.00108652
0.00064228
0.00030454
0.00010926
0.00006304
0.00021891
0.00058891
0.00110187
0.00161132
0.00190553
0.00183742
0.00138775
0.00069729
-0.00002442
-0.00057779
-0.00083211
-0.00082228
-0.00066522
-0.00050520
-0.00046478
-0.00054379
-0.00068570
-0.00081536
-0.00089153
-0.00092743
-0.00091327
-0.00089139
-0.00096924
-0.00116776
-0.00142219
-0.00169620
-0.00197907
-0.00224956
-0.00247841
-0.00262924
-0.00265064
-0.00256680
-0.00245109
-0.00231830
-0.00215975
-0.00203223
-0.00201037
-0.00211577
-0.00231330
-0.00253811
-0.00270460
-0.00273483
-0.00265245
-0.00252104
-0.00234771
-0.00212703
-0.00190471
-0.00178634
-0.00184391
-0.00206210
-0.00236426
-0.00267601
-0.00296301
-0.00317057
-0.00325138
-0.00320601
-0.00307799
-0.00292833
-0.00280912
-0.00274740
-0.00274261
-0.00277486
-0.00281789
-0.00284931
-0.00283070
-0.00275736
-0.00274829
-0.00287636
-0.00310849
-0.00337503
-0.00350140
-0.00330285
-0.00276854
-0.00200321
-0.00118440
-0.00049407
-0.00004905
0.00012481
0.00005567
-0.00013707
-0.00024510
-0.00013935
0.00014217
0.00047062
0.00072100
0.00078614
0.00060937
0.00023424
-0.00018197
-0.00048770
-0.00064162
-0.00068224
-0.00067592
-0.00071437
-0.00081089
-0.00092304
-0.00101031
-0.00104659
-0.00103366
-0.00099176
-0.00097550
-0.00095513
-0.00087806
-0.00076653
-0.00063935
-0.00055368
-0.00059287
-0.00082052
-0.00121323
-0.00167031
-0.00206824
-0.00229160
-0.00234917
-0.00234538
-0.00237713
-0.00248790
-0.00267153
-0.00293135
-0.00327144
-0.00365182
-0.00399094
-0.00412869
-0.00391594
-0.00331362
-0.00241969
-0.00144257
-0.00060365
-0.00004326
0.00025240
0.00041001
0.00059666
0.00092243
0.00134213
0.00175573
0.00210265
0.00234455
0.00243301
0.00238084
0.00227198
0.00215125
0.00204819
0.00196430
0.00186824
0.00179004
0.00179278
0.00185370
0.00189512
0.00190890
0.00193833
0.00197501
0.00200995
0.00207868
0.00224855
0.00255723
0.00292864
0.00325453
0.00339471
0.00323336
0.00282832
0.00232351
0.00183249
0.00140054
0.00105532
0.00079726
0.00058495
0.00038723
0.00019891
0.00003117
-0.00009821
-0.00017935
-0.00021601
-0.00022104
-0.00021053
-0.00019756
-0.00020077
-0.00028159
-0.00047629
-0.00072070
-0.00095383
-0.00115753
-0.00131126
-0.00135218
-0.00124589
-0.00107347
-0.00094660
-0.00089117
-0.00090995
-0.00100624
-0.00115722
-0.00132204
-0.00145070
-0.00147564
-0.00138595
-0.00119437
-0.00092207
-0.00061943
-0.00036119
-0.00023959
-0.00027361
-0.00041648
-0.00052897
-0.00051055
-0.00037388
-0.00017632
0.00004906
0.00024425
0.00032666
0.00022746
-0.00001391
-0.00027447
-0.00044588
-0.00048150
-0.00039902
-0.00025614
-0.00011766
-0.00002843
0.00001567
0.00007314
0.00017725
0.00037586
0.00071368
0.00112563
0.00150815
0.00180921
0.00199760
0.00208722
0.00210115
0.00210484
0.00216482
0.00230071
0.00250662
0.00277510
0.00305660
0.00332712
0.00360140
0.00386288
0.00396355
0.00381696
0.00347650
0.00307144
0.00270710
0.00239565
0.00209013
0.00171696
0.00125072
0.00074114
0.00027619
-0.00008710
-0.00035436
-0.00051288
-0.00054863
-0.00048386
-0.00036766
-0.00025433
-0.00020687
-0.00030229
-0.00052191
-0.00070488
-0.00072129
-0.00053201
-0.00020840
0.00016618
0.00052584
0.00083861
0.00111630
0.00133217
0.00146531
0.00154737
0.00157869
0.00152031
0.00131351
0.00094863
0.00048825
0.00003481
-0.00032032
-0.00058774
-0.00087388
-0.00120020
-0.00151898
-0.00174023
-0.00175727
-0.00151301
-0.00100975
-0.00031543
0.00048012
0.00125520
0.00185854
0.00214936
0.00210267
0.00187302
0.00172003
0.00176690
0.00195857
0.00212561
0.00216139
0.00207155
0.00184581
0.00145819
0.00094616
0.00040961
-0.00001272
-0.00021135
-0.00021540
-0.00012791
-0.00004966
-0.00006749
-0.00022533
-0.00044999
-0.00063283
-0.00070524
-0.00068618
-0.00065154
-0.00065088
-0.00071271
-0.00081660
-0.00096704
-0.00118969
-0.00152255
-0.00195150
-0.00237584
-0.00267351
-0.00282668
-0.00288169
-0.00286646
-0.00275409
-0.00253571
-0.00225292
-0.00197241
-0.00172503
-0.00150372
-0.00131816
-0.00113967
-0.00097234
-0.00085999
-0.00081600
-0.00084097
-0.00087224
-0.00084699
-0.00074755
-0.00062699
-0.00056346
-0.00055496
-0.00056165
-0.00055428
-0.00055252
-0.00054831
-0.00048698
-0.00037361
-0.00021683
-0.00003592
0.00009936
0.00013881
0.00011861
0.00013384
0.00020783
0.00027768
0.00031865
0.00037033
0.00042954
0.00043363
0.00034165
0.00016493
-0.00005181
-0.00028740
-0.00052140
-0.00068412
-0.00069550
-0.00056845
-0.00038192
-0.00018178
-0.00003854
-0.00003882
-0.00024475
-0.00062749
-0.00105674
-0.00143237
-0.00177785
-0.00213095
-0.00248538
-0.00276555
-0.00286335
-0.00270210
-0.00227689
-0.00171868
-0.00120884
-0.00087637
-0.00076490
-0.00083085
-0.00098347
-0.00109051
-0.00106394
-0.00089923
-0.00065669
-0.00041938
-0.00026002
-0.00024357
-0.00037455
-0.00055884
-0.00069555
-0.00076937
-0.00084166
-0.00092653
-0.00096760
-0.00092428
-0.00083955
-0.00081554
-0.00091949
-0.00117351
-0.00150387
-0.00179810
-0.00200822
-0.00206152
-0.00193242
-0.00170401
-0.00145231
-0.00119377
-0.00094094
-0.00074981
-0.00066006
-0.00059845
-0.00047547
-0.00022252
0.00022977
0.00085121
0.00148155
0.00191869
0.00208636
0.00203346
0.00187006
0.00174580
0.00175309
0.00185833
0.00194326
0.00195036
0.00188973
0.00180201
0.00176320
0.00178256
0.00178986
0.00172470
0.00158185
0.00142806
0.00129606
0.00111617
0.00083765
0.00047929
0.00010895
-0.00019767
-0.00039133
-0.00046404
-0.00044401
-0.00037782
-0.00031025
-0.00027445
-0.00031506
-0.00044425
-0.00060185
-0.00078839
-0.00105945
-0.00146102
-0.00200356
-0.00258887
-0.00311985
-0.00353464
-0.00380424
-0.00396911
-0.00405300
-0.00407171
-0.00408289
-0.00410038
-0.00410735
-0.00409364
-0.00406112
-0.00405827
-0.00412675
-0.00430544
-0.00462290
-0.00503620
-0.00537724
-0.00542955
-0.00511471
-0.00452800
-0.00386306
-0.00331113
-0.00298718
-0.00290508
-0.00299669
-0.00312867
-0.00314124
-0.00295687
-0.00257755
-0.00203951
-0.00143268
-0.00087762
-0.00047567
-0.00026925
-0.00023614
-0.00031122
-0.00041580
-0.00045847
-0.00034930
-0.00010370
0.00014307
0.00026284
0.00020655
-0.00004936
-0.00052183
-0.00106980
-0.00149066
-0.00170682
-0.00172285
-0.00158093
-0.00137399
-0.00117875
-0.00108321
-0.00110322
-0.00117491
-0.00127214
-0.00141835
-0.00164210
-0.00191139
-0.00220935
-0.00251478
-0.00279204
-0.00300644
-0.00313812
-0.00315858
-0.00299191
-0.00260668
-0.00211623
-0.00168263
-0.00142162
-0.00139260
-0.00158792
-0.00190808
-0.00223997
-0.00244992
-0.00243519
-0.00217658
-0.00177034
-0.00131284
-0.00085710
-0.00036903
0.00021421
0.00088158
0.00151715
0.00197523
0.00222279
0.00230940
0.00231007
0.00226260
0.00217008
0.00208590
0.00206400
0.00212075
0.00226462
0.00252233
0.00287905
0.00326987
0.00361561
0.00388617
0.00409779
0.00419568
0.00409065
0.00379984
0.00344265
0.00310248
0.00282475
0.00263044
0.00251724
0.00243568
0.00231765
0.00215311
0.00193272
0.00166633
0.00136150
0.00100071
0.00059669
0.00025611
0.00014272
0.00028175
0.00060908
0.00106025
0.00154773
0.00197602
0.00227694
0.00242954
0.00245888
0.00244486
0.00247781
0.00255235
0.00261805
0.00263699
0.00260382
0.00253769
0.00246687
0.00241625
0.00242779
0.00256666
0.00284723
0.00327151
0.00382308
0.00433641
0.00466945
0.00479328
0.00468385
0.00432631
0.00378708
0.00319930
0.00270045
0.00237660
0.00223997
0.00224711
0.00232929
0.00241944
0.00247696
0.00249096
0.00247063
0.00243319
0.00239747
0.00237364
0.00236402
0.00236887
0.00238349
0.00239935
0.00243285
0.00254440
0.00277133
0.00308518
0.00343496
0.00380913
0.00419918
0.00455151
0.00475649
0.00474247
0.00455175
0.00431779
0.00412550
0.00399429
0.00391455
0.00386704
0.00383399
0.00380471
0.00377706
0.00377569
0.00386843
0.00407448
0.00432035
0.00453389
0.00463493
0.00457608
0.00440295
0.00425142
0.00422019
0.00425528
0.00420261
0.00395966
0.00354184
0.00305239
0.00261685
0.00230511
0.00210402
0.00200919
0.00202051
0.00211291
0.00224315
0.00238790
0.00255837
0.00273864
0.00291182
0.00302489
0.00302698
0.00289516
0.00263090
0.00230023
0.00193549
0.00150661
0.00100988
0.00052440
0.00021566
0.00022134
0.00050574
0.00090907
0.00126171
0.00145589
0.00144942
0.00124843
0.00093744
0.00061600
0.00039716
0.00035540
0.00048748
0.00073871
0.00104843
0.00128387
0.00134168
0.00119812
0.00092647
0.00061211
0.00032184
0.00016751
0.00027926
0.00069054
0.00130023
0.00190865
0.00223912
0.00212314
0.00165673
0.00107993
0.00058229
0.00028219
0.00016368
0.00008536
-0.00002630
-0.00011475
-0.00014328
-0.00013477
-0.00012320
-0.00013052
-0.00016151
-0.00020754
-0.00025427
-0.00028920
-0.00030625
-0.00030665
-0.00029660
-0.00028384
-0.00028223
-0.00034615
-0.00052382
-0.00076417
-0.00099734
-0.00119353
-0.00130313
-0.00131060
-0.00123288
-0.00111770
-0.00100059
-0.00086451
-0.00064316
-0.00024678
0.00030344
0.00087185
0.00135496
0.00168465
0.00180644
0.00172451
0.00147576
0.00113724
0.00083483
0.00062704
0.00048319
0.00038977
0.00033929
0.00025137
0.00006793
-0.00016608
-0.00037143
-0.00049226
-0.00055048
-0.00062888
-0.00074458
-0.00082356
-0.00076964
-0.00055644
-0.00027239
-0.00003078
0.00008818
0.00002832
-0.00023518
-0.00064797
-0.00106471
-0.00134566
-0.00143998
-0.00133355
-0.00110201
-0.00093869
-0.00103512
-0.00140473
-0.00187201
-0.00220735
-0.00222673
-0.00187110
-0.00119485
-0.00036381
0.00041320
0.00097183
0.00121607
0.00111290
0.00073788
0.00027407
-0.00005128
-0.00010300
0.00013739
0.00062163
0.00122845
0.00180506
0.00222978
0.00245162
0.00251449
0.00257149
0.00277832
0.00311558
0.00340646
0.00346750
0.00321084
0.00271485
0.00211708
0.00157159
0.00124076
0.00120419
0.00139858
0.00165794
0.00185100
0.00188402
0.00172603
0.00143019
0.00109766
0.00083899
0.00075600
0.00085524
0.00108043
0.00131685
0.00144231
0.00140554
0.00123526
0.00100851
0.00082074
0.00078439
0.00094585
0.00119436
0.00131963
0.00117159
0.00076086
0.00026625
-0.00008648
-0.00016936
0.00000060
0.00027059
0.00049519
0.00063395
0.00075320
0.00094938
0.00125212
0.00161108
0.00190578
0.00206030
0.00209239
0.00201874
0.00183701
0.00157424
0.00128388
0.00099168
0.00071890
0.00053302
0.00051913
0.00072436
0.00103431
0.00125804
0.00134637
0.00134752
0.00132535
0.00133013
0.00137639
0.00145485
0.00154224
0.00165130
0.00176226
0.00182518
0.00185557
0.00186285
0.00180124
0.00164339
0.00140948
0.00109047
0.00057772
-0.00017204
-0.00101803
-0.00172290
-0.00203565
-0.00185320
-0.00132756
-0.00072585
-0.00027763
-0.00009443
-0.00016034
-0.00037395
-0.00061053
-0.00077582
-0.00085395
-0.00094459
-0.00117162
-0.00154841
-0.00198844
-0.00231142
-0.00239526
-0.00220178
-0.00178638
-0.00126006
-0.00070657
-0.00017505
0.00032386
0.00077215
0.00120597
0.00164435
0.00207265
0.00242357
0.00262822
0.00271962
0.00274520
0.00261303
0.00229260
0.00184849
0.00136772
0.00094277
0.00064113
0.00047761
0.00038636
0.00031010
0.00024500
0.00016531
0.00006465
-0.00004173
-0.00007001
0.00009567
0.00046705
0.00089838
0.00115485
0.00111991
0.00085368
0.00046188
0.00006399
-0.00020310
-0.00027135
-0.00020125
-0.00013763
-0.00018829
-0.00037359
-0.00063644
-0.00085699
-0.00094361
-0.00092540
-0.00094707
-0.00111932
-0.00140670
-0.00174559
-0.00207003
-0.00235251
-0.00260077
-0.00277633
-0.00287158
-0.00292481
-0.00289936
-0.00271469
-0.00238673
-0.00205363
-0.00182024
-0.00164442
-0.00140561
-0.00106141
-0.00070383
-0.00043999
-0.00027722
-0.00018752
-0.00016839
-0.00017534
-0.00017058
-0.00019105
-0.00026557
-0.00038068
-0.00056818
-0.00081158
-0.00104208
-0.00119802
-0.00125462
-0.00125305
-0.00135034
-0.00167459
-0.00217427
-0.00270215
-0.00305064
-0.00309725
-0.00283770
-0.00235732
-0.00179333
-0.00125092
-0.00082519
-0.00054811
-0.00037340
-0.00024383
-0.00012354
-0.00000499
0.00009092
0.00009557
-0.00005931
-0.00036057
-0.00067789
-0.00085264
-0.00082070
-0.00067437
-0.00061279
-0.00073742
-0.00095599
-0.00114643
-0.00126256
-0.00130674
-0.00130201
-0.00128502
-0.00132427
-0.00145039
-0.00160461
-0.00174499
-0.00185521
-0.00189259
-0.00183294
-0.00168683
-0.00146278
-0.00118742
-0.00091435
-0.00070401
-0.00065889
-0.00078630
-0.00100585
-0.00126282
-0.00151123
-0.00171324
-0.00180641
-0.00176317
-0.00164074
-0.00153937
-0.00148297
-0.00147884
-0.00154043
-0.00164066
-0.00172321
-0.00167983
-0.00147284
-0.00111164
-0.00069097
-0.00034830
-0.00012965
-0.00001253
0.00004666
0.00005336
-0.00003842
-0.00024633
-0.00057679
-0.00104321
-0.00154740
-0.00196061
-0.00216391
-0.00213385
-0.00196877
-0.00177957
-0.00166081
-0.00163999
-0.00172814
-0.00189350
-0.00204730
-0.00213339
-0.00212601
-0.00205250
-0.00192597
-0.00172969
-0.00140303
-0.00090662
-0.00035233
0.00005454
0.00020098
0.00009937
-0.00007438
-0.00010228
0.00009769
0.00040588
0.00058700
0.00047231
0.00005799
-0.00051020
-0.00100479
-0.00127721
-0.00128580
-0.00111792
-0.00091809
-0.00076095
-0.00068327
-0.00067006
-0.00071019
-0.00081330
-0.00096716
-0.00113808
-0.00128813
-0.00139133
-0.00145158
-0.00153429
-0.00171529
-0.00199805
-0.00227748
-0.00241682
-0.00234672
-0.00204966
-0.00156369
-0.00100377
-0.00054243
-0.00029206
-0.00027623
-0.00043533
-0.00071687
-0.00106646
-0.00138339
-0.00158719
-0.00165520
-0.00160691
-0.00145090
-0.00123882
-0.00106901
-0.00100690
-0.00105907
-0.00118563
-0.00132826
-0.00143751
-0.00149671
-0.00155237
-0.00163055
-0.00169650
-0.00171351
-0.00167126
-0.00158612
-0.00149631
-0.00148279
-0.00161944
-0.00189624
-0.00220024
-0.00243077
-0.00257160
-0.00264587
-0.00268334
-0.00270050
-0.00266755
-0.00259315
-0.00257056
-0.00260764
-0.00266454
-0.00281745
-0.00311504
-0.00340624
-0.00351000
-0.00334992
-0.00298841
-0.00254713
-0.00212588
-0.00183556
-0.00172485
-0.00176974
-0.00185045
-0.00184517
-0.00172851
-0.00150597
-0.00123345
-0.00097807
-0.00079852
-0.00071316
-0.00072027
-0.00082606
-0.00100821
-0.00121029
-0.00133649
-0.00135762
-0.00137302
-0.00145798
-0.00159218
-0.00172025
-0.00179676
-0.00180517
-0.00175787
-0.00168443
-0.00162397
-0.00164192
-0.00175268
-0.00189960
-0.00205558
-0.00219156
-0.00224431
-0.00214583
-0.00190606
-0.00158394
-0.00123270
-0.00091045
-0.00066521
-0.00052682
-0.00053955
-0.00072429
-0.00099296
-0.00120928
-0.00133173
-0.00140189
-0.00143900
-0.00150615
-0.00166261
-0.00187596
-0.00207512
-0.00220559
-0.00224286
-0.00215156
-0.00190949
-0.00156432
-0.00125302
-0.00111223
-0.00114854
-0.00129586
-0.00145989
-0.00158123
-0.00167111
-0.00176398
-0.00191767
-0.00213419
-0.00233881
-0.00246731
-0.00253647
-0.00257404
-0.00257579
-0.00257926
-0.00261249
-0.00268178
-0.00275599
-0.00276969
-0.00269259
-0.00254219
-0.00237412
-0.00227492
-0.00223155
-0.00214365
-0.00199582
-0.00185922
-0.00180091
-0.00184264
-0.00196077
-0.00210659
-0.00223140
-0.00230495
-0.00233037
-0.00236963
-0.00245237
-0.00253528
-0.00257042
-0.00254263
-0.00246177
-0.00231714
-0.00213760
-0.00200501
-0.00197674
-0.00205600
-0.00220214
-0.00235757
-0.00247428
-0.00253720
-0.00259429
-0.00268050
-0.00281399
-0.00301084
-0.00320861
-0.00331263
-0.00331623
-0.00324802
-0.00312975
-0.00303177
-0.00299474
-0.00299566
-0.00303599
-0.00310670
-0.00319477
-0.00327148
-0.00328112
-0.00319279
-0.00297874
-0.00263925
-0.00228599
-0.00210952
-0.00219700
-0.00247393
-0.00279815
-0.00305157
-0.00321424
-0.00329670
-0.00329197
-0.00321403
-0.00309769
-0.00298386
-0.00290515
-0.00287441
-0.00287701
-0.00285835
-0.00282928
-0.00279011
-0.00267527
-0.00244682
-0.00207680
-0.00153269
-0.00088137
-0.00028480
0.00012455
0.00033440
0.00039401
0.00038795
0.00041079
0.00046540
0.00047523
0.00034493
0.00007253
-0.00023725
-0.00047000
-0.00056836
-0.00057787
-0.00055562
-0.00051054
-0.00044274
-0.00036795
-0.00034424
-0.00038319
-0.00038893
-0.00029311
-0.00008114
0.00023598
0.00060326
0.00094378
0.00118943
0.00127631
0.00119803
0.00104754
0.00093158
0.00091349
0.00099689
0.00113574
0.00123374
0.00122284
0.00114440
0.00110867
0.00118558
0.00130010
0.00134937
0.00132158
0.00125640
0.00119956
0.00118437
0.00125709
0.00146577
0.00179748
0.00217553
0.00246850
0.00255162
0.00243376
0.00224742
0.00212484
0.00212495
0.00216458
0.00210243
0.00190504
0.00163322
0.00141096
0.00133250
0.00141492
0.00164140
0.00191746
0.00213188
0.00223135
0.00217513
0.00197343
0.00169187
0.00141497
0.00118058
0.00100810
0.00097076
0.00105802
0.00116766
0.00118527
0.00107904
0.00081325
0.00038946
-0.00007422
-0.00043489
-0.00061260
-0.00060793
-0.00045006
-0.00015258
0.00023721
0.00064034
0.00100652
0.00135410
0.00169915
0.00202804
0.00230760
0.00251076
0.00262838
0.00266973
0.00262960
0.00249863
0.00231495
0.00212034
0.00196637
0.00184247
0.00174943
0.00174349
0.00185687
0.00203910
0.00219781
0.00234016
0.00249067
0.00255688
0.00245666
0.00219433
0.00184757
0.00155151
0.00148638
0.00171589
0.00206993
0.00236094
0.00252787
0.00256430
0.00245821
0.00226198
0.00210279
0.00205126
0.00208874
0.00220178
0.00236951
0.00253061
0.00261243
0.00262746
0.00260138
0.00253931
0.00249578
0.00252102
0.00262277
0.00277090
0.00291961
0.00303206
0.00309277
0.00310526
0.00309058
0.00310138
0.00318827
0.00330838
0.00336576
0.00331346
0.00323351
0.00320774
0.00328231
0.00340269
0.00345655
0.00332899
0.00302676
0.00269593
0.00248695
0.00246752
0.00258233
0.00265361
0.00253008
0.00220167
0.00174661
0.00130220
0.00094531
0.00072547
0.00067575
0.00078982
0.00107467
0.00147316
0.00190214
0.00223442
0.00240933
0.00245810
0.00240108
0.00226472
0.00209436
0.00196663
0.00195184
0.00201652
0.00205495
0.00194465
0.00167657
0.00138145
0.00122908
0.00135407
0.00176377
0.00233870
0.00287843
0.00320332
0.00329347
0.00323560
0.00313870
0.00308679
0.00311279
0.00317335
0.00319079
0.00316640
0.00314038
0.00314640
0.00322664
0.00344136
0.00378954
0.00417099
0.00445491
0.00461189
0.00470838
0.00486306
0.00513951
0.00551168
0.00586762
0.00605438
0.00599997
0.00577413
0.00555557
0.00549008
0.00561748
0.00585527
0.00606747
0.00617253
0.00611259
0.00589325
0.00558509
0.00528197
0.00503070
0.00482600
0.00466905
0.00452109
0.00438256
0.00432151
0.00435295
0.00439724
0.00437780
0.00426765
0.00406060
0.00377288
0.00347210
0.00321743
0.00308937
0.00310147
0.00318777
0.00328574
0.00333873
0.00333792
0.00328965
0.00325399
0.00325196
0.00326737
0.00328244
0.00328882
0.00331966
0.00336440
0.00339705
0.00344304
0.00352417
0.00359838
0.00358443
0.00348316
0.00338603
0.00337502
0.00346896
0.00359894
0.00367962
0.00367053
0.00357689
0.00344172
0.00331274
0.00322675
0.00316197
0.00308606
0.00298667
0.00287333
0.00276703
0.00268757
0.00264494
0.00263677
0.00265155
0.00267000
0.00264316
0.00253937
0.00236995
0.00213893
0.00186999
0.00160791
0.00139322
0.00122024
0.00110118
0.00105265
0.00103312
0.00102885
0.00100833
0.00094449
0.00084255
0.00072877
0.00066835
0.00069685
0.00076243
0.00072477
0.00050280
0.00019631
-0.00004649
-0.00016667
-0.00013938
0.00005092
0.00036550
0.00072018
0.00102585
0.00122395
0.00129698
0.00122983
0.00100866
0.00069764
0.00036501
0.00003349
-0.00024327
-0.00041966
-0.00048545
-0.00046842
-0.00044909
-0.00052932
-0.00074750
-0.00106264
-0.00138596
-0.00159684
-0.00162729
-0.00153124
-0.00141097
-0.00134734
-0.00136844
-0.00145587
-0.00157161
-0.00171448
-0.00191673
-0.00214365
-0.00229515
-0.00230331
-0.00216688
-0.00191250
-0.00162939
-0.00140739
-0.00118149
-0.00087903
-0.00057739
-0.00042709
-0.00050777
-0.00078567
-0.00114564
-0.00142611
-0.00147847
-0.00123487
-0.00079033
-0.00035552
-0.00006680
0.00003975
0.00000207
-0.00010967
-0.00025849
-0.00041637
-0.00052072
-0.00057039
-0.00063033
-0.00070915
-0.00074735
-0.00073431
-0.00073717
-0.00084453
-0.00104736
-0.00123750
-0.00135595
-0.00139427
-0.00137393
-0.00132434
-0.00123934
-0.00111092
-0.00095253
-0.00075946
-0.00057357
-0.00044558
-0.00036589
-0.00034675
-0.00046738
-0.00075761
-0.00112186
-0.00142858
-0.00159077
-0.00159336
-0.00147686
-0.00127731
-0.00104020
-0.00085592
-0.00079013
-0.00084766
-0.00095245
-0.00097107
-0.00082711
-0.00053672
-0.00018105
0.00017036
0.00047189
0.00065380
0.00064276
0.00039921
-0.00002686
-0.00051688
-0.00093882
-0.00116595
-0.00111262
-0.00080099
-0.00035316
0.00003644
0.00015308
-0.00008148
-0.00054613
-0.00106992
-0.00150489
-0.00173046
-0.00171506
-0.00152021
-0.00125605
-0.00102745
-0.00089441
-0.00086225
-0.00089845
-0.00095488
-0.00098977
-0.00098870
-0.00099353
-0.00104487
-0.00111640
-0.00119727
-0.00128835
-0.00138401
-0.00150611
-0.00163081
-0.00171478
-0.00173376
-0.00165847
-0.00152641
-0.00140625
-0.00134793
-0.00139810
-0.00152055
-0.00160590
-0.00157881
-0.00146854
-0.00135197
-0.00128727
-0.00129432
-0.00131993
-0.00130984
-0.00128215
-0.00130936
-0.00140068
-0.00151541
-0.00160717
-0.00161432
-0.00154640
-0.00145776
-0.00139918
-0.00142881
-0.00152992
-0.00164178
-0.00171536
-0.00172625
-0.00168016
-0.00156764
-0.00139714
-0.00120002
-0.00101727
-0.00088216
-0.00080900
-0.00079203
-0.00081856
-0.00089906
-0.00099793
-0.00102964
-0.00097977
-0.00088352
-0.00075421
-0.00060919
-0.00055280
-0.00069452
-0.00104016
-0.00145962
-0.00176290
-0.00186959
-0.00180861
-0.00162525
-0.00138243
-0.00114708
-0.00096984
-0.00087505
-0.00085706
-0.00088862
-0.00093375
-0.00096411
-0.00097219
-0.00099545
-0.00106546
-0.00114846
-0.00123068
-0.00131471
-0.00139487
-0.00146110
-0.00146742
-0.00138287
-0.00118651
-0.00089746
-0.00058034
-0.00031352
-0.00022665
-0.00041802
-0.00086260
-0.00142548
-0.00190398
-0.00212213
-0.00207746
-0.00190950
-0.00176944
-0.00174596
-0.00184786
-0.00203223
-0.00226783
-0.00249788
-0.00263698
-0.00264178
-0.00252971
-0.00236667
-0.00227049
-0.00234489
-0.00260094
-0.00295612
-0.00325689
-0.00339877
-0.00335721
-0.00319638
-0.00303680
-0.00291488
-0.00275391
-0.00251461
-0.00224390
-0.00197392
-0.00174009
-0.00155682
-0.00139396
-0.00123625
-0.00112848
-0.00110083
-0.00115588
-0.00126034
-0.00138360
-0.00153875
-0.00176784
-0.00205664
-0.00231757
-0.00248061
-0.00256343
-0.00259694
-0.00258375
-0.00256839
-0.00258291
-0.00263939
-0.00270449
-0.00266117
-0.00241506
-0.00198100
-0.00147225
-0.00107247
-0.00093653
-0.00110243
-0.00153512
-0.00212666
-0.00268596
-0.00307105
-0.00320611
-0.00310016
-0.00287979
-0.00265815
-0.00249476
-0.00245915
-0.00259128
-0.00285768
-0.00317409
-0.00345012
-0.00361259
-0.00358865
-0.00335598
-0.00297798
-0.00256746
-0.00221845
-0.00193450
-0.00168593
-0.00149584
-0.00137614
-0.00133382
-0.00133241
-0.00131913
-0.00130438
-0.00129843
-0.00131674
-0.00133746
-0.00131080
-0.00121557
-0.00106863
-0.00089582
-0.00067815
-0.00037865
0.00004077
0.00057305
0.00111558
0.00144665
0.00138874
0.00093473
0.00020227
-0.00057779
-0.00116239
-0.00142234
-0.00138519
-0.00122646
-0.00114326
-0.00123648
-0.00147828
-0.00173330
-0.00190594
-0.00197364
-0.00190806
-0.00170048
-0.00139866
-0.00111043
-0.00100243
-0.00110838
-0.00135685
-0.00166243
-0.00194152
-0.00213625
-0.00224131
-0.00231947
-0.00241076
-0.00253448
-0.00266920
-0.00280638
-0.00293449
-0.00294865
-0.00280586
-0.00260921
-0.00244926
-0.00234714
-0.00229225
-0.00226414
-0.00224416
-0.00220829
-0.00210941
-0.00196279
-0.00183978
-0.00179525
-0.00184010
-0.00193325
-0.00197019
-0.00186204
-0.00161761
-0.00135122
-0.00116134
-0.00111835
-0.00123745
-0.00141624
-0.00151775
-0.00146997
-0.00130165
-0.00117116
-0.00118041
-0.00131927
-0.00155691
-0.00187532
-0.00221509
-0.00246454
-0.00251446
-0.00236497
-0.00212720
-0.00191511
-0.00177058
-0.00175950
-0.00195640
-0.00234557
-0.00281898
-0.00319789
-0.00332095
-0.00310486
-0.00258662
-0.00195656
-0.00141845
-0.00111489
-0.00110168
-0.00128474
-0.00153878
-0.00182886
-0.00212015
-0.00234813
-0.00250933
-0.00261014
-0.00262924
-0.00255585
-0.00236481
-0.00204960
-0.00169817
-0.00140043
-0.00117115
-0.00095829
-0.00073232
-0.00048636
-0.00020861
0.00007697
0.00027951
0.00029517
0.00006380
-0.00035364
-0.00079117
-0.00109770
-0.00120405
-0.00112256
-0.00088799
-0.00057978
-0.00028342
-0.00007737
-0.00002904
-0.00014133
-0.00035578
-0.00058851
-0.00076826
-0.00085953
-0.00086597
-0.00081826
-0.00075537
-0.00070824
-0.00069112
-0.00069397
-0.00066044
-0.00057092
-0.00047618
-0.00042228
-0.00038735
-0.00035369
-0.00033319
-0.00025151
-0.00003470
0.00032751
0.00079458
0.00123197
0.00148535
0.00148916
0.00129322
0.00105060
0.00089228
0.00088967
0.00105826
0.00130444
0.00152803
0.00169705
0.00181352
0.00188319
0.00187706
0.00179327
0.00164676
0.00144700
0.00126083
0.00113578
0.00106098
0.00105592
0.00115910
0.00136610
0.00161906
0.00180697
0.00186333
0.00178276
0.00162726
0.00150803
0.00149939
0.00160824
0.00178827
0.00197298
0.00209974
0.00209221
0.00190870
0.00163338
0.00141748
0.00136195
0.00147698
0.00170017
0.00194033
0.00212053
0.00220384
0.00219650
0.00213390
0.00205953
0.00200676
0.00198979
0.00200442
0.00204320
0.00213300
0.00227495
0.00245604
0.00267922
0.00292771
0.00315737
0.00328689
0.00329705
0.00330048
0.00342899
0.00372359
0.00412800
0.00453670
0.00484401
0.00494670
0.00480067
0.00450085
0.00416771
0.00382853
0.00350205
0.00320917
0.00297803
0.00280897
0.00266409
0.00255583
0.00249056
0.00243076
0.00234667
0.00223562
0.00211649
0.00201789
0.00196228
0.00195465
0.00198306
0.00201909
0.00199915
0.00190605
0.00179856
0.00173919
0.00175578
0.00183730
0.00194830
0.00204930
0.00211316
0.00213222
0.00210830
0.00201626
0.00186183
0.00167401
0.00150781
0.00143919
0.00149896
0.00165187
0.00179346
0.00185970
0.00186776
0.00185919
0.00186697
0.00190352
0.00196167
0.00201044
0.00198678
0.00187842
0.00170567
0.00153848
0.00146409
0.00151806
0.00167442
0.00185732
0.00195634
0.00194066
0.00186696
0.00180506
0.00179796
0.00185125
0.00194173
0.00203494
0.00210224
0.00213065
0.00212396
0.00209690
0.00206675
0.00204585
0.00201180
0.00184464
0.00145658
0.00094964
0.00056446
0.00048973
0.00075068
0.00122910
0.00174499
0.00214204
0.00234107
0.00234972
0.00223652
0.00208946
0.00197886
0.00193734
0.00194666
0.00193298
0.00187373
0.00180998
0.00177105
0.00172860
0.00168305
0.00167262
0.00171934
0.00181502
0.00193108
0.00204814
0.00218860
0.00233465
0.00242866
0.00242225
0.00226218
0.00193641
0.00150759
0.00107968
0.00076081
0.00065962
0.00081941
0.00116423
0.00150705
0.00168357
0.00167462
0.00150867
0.00119372
0.00081065
0.00050284
0.00040448
0.00051941
0.00073502
0.00092507
0.00101018
0.00096295
0.00077550
0.00050505
0.00021061
-0.00007663
-0.00032533
-0.00051000
-0.00062386
-0.00067464
-0.00067896
-0.00065808
-0.00063155
-0.00061238
-0.00060546
-0.00060899
-0.00061767
-0.00062624
-0.00064488
-0.00073151
-0.00092170
-0.00115416
-0.00135955
-0.00147907
-0.00150591
-0.00144306
-0.00130536
-0.00116928
-0.00108818
-0.00110301
-0.00122388
-0.00136407
-0.00141236
-0.00133362
-0.00119962
-0.00107114
-0.00096684
-0.00092905
-0.00096969
-0.00107272
-0.00119535
-0.00130926
-0.00142348
-0.00150983
-0.00154899
-0.00151946
-0.00139517
-0.00119366
-0.00096839
-0.00079278
-0.00080733
-0.00112061
-0.00165030
-0.00219000
-0.00255074
-0.00260247
-0.00232678
-0.00187181
-0.00141785
-0.00106672
-0.00085306
-0.00077002
-0.00081845
-0.00096264
-0.00114893
-0.00130866
-0.00136309
-0.00128565
-0.00110999
-0.00090272
-0.00072897
-0.00063554
-0.00067129
-0.00081928
-0.00097703
-0.00101357
-0.00088813
-0.00068694
-0.00055994
-0.00059166
-0.00079650
-0.00117881
-0.00162244
-0.00196888
-0.00215311
-0.00218123
-0.00206696
-0.00187216
-0.00170779
-0.00164388
-0.00164936
-0.00167864
-0.00172975
-0.00180512
-0.00189632
-0.00197935
-0.00198648
-0.00186693
-0.00171975
-0.00167466
-0.00176462
-0.00198612
-0.00227262
-0.00251210
-0.00267294
-0.00278489
-0.00279655
-0.00265892
-0.00242186
-0.00217621
-0.00199848
-0.00192336
-0.00194139
-0.00202200
-0.00217145
-0.00241206
-0.00272518
-0.00304611
-0.00325835
-0.00326091
-0.00305583
-0.00276960
-0.00252612
-0.00237258
-0.00234431
-0.00241913
-0.00249998
-0.00245930
-0.00222286
-0.00186135
-0.00148880
-0.00117106
-0.00093967
-0.00080023
-0.00074832
-0.00080468
-0.00094633
-0.00109547
-0.00122361
-0.00131978
-0.00138893
-0.00142550
-0.00140314
-0.00135537
-0.00131180
-0.00125503
-0.00116911
-0.00105829
-0.00095012
-0.00092718
-0.00111353
-0.00154896
-0.00206358
-0.00242325
-0.00244092
-0.00208006
-0.00149072
-0.00085291
-0.00033727
-0.00006767
-0.00001588
-0.00005461
-0.00009748
-0.00005129
0.00013523
0.00040263
0.00066061
0.00087761
0.00103305
0.00109646
0.00110772
0.00110733
0.00109096
0.00109692
0.00119644
0.00144682
0.00181367
0.00217420
0.00240848
0.00241733
0.00216618
0.00172580
0.00123255
0.00081331
0.00050587
0.00031607
0.00025882
0.00031933
0.00045895
0.00066436
0.00090224
0.00113286
0.00130605
0.00135999
0.00128754
0.00117936
0.00115133
0.00121797
0.00134114
0.00146066
0.00154467
0.00161846
0.00170907
0.00182193
0.00194291
0.00204995
0.00211720
0.00209399
0.00198073
0.00185191
0.00178760
0.00186989
0.00213364
0.00248179
0.00275144
0.00284413
0.00279557
0.00268057
0.00253841
0.00239631
0.00227551
0.00218518
0.00212319
0.00207521
0.00199048
0.00185868
0.00172978
0.00161534
0.00152855
0.00151105
0.00157176
0.00163769
0.00161606
0.00151121
0.00137046
0.00125254
0.00118577
0.00117511
0.00119924
0.00123664
0.00124802
0.00113903
0.00088914
0.00057736
0.00025948
-0.00005417
-0.00035224
-0.00060934
-0.00080205
-0.00092261
-0.00099394
-0.00111922
-0.00133008
-0.00152736
-0.00161203
-0.00155044
-0.00137630
-0.00116102
-0.00097650
-0.00086761
-0.00084233
-0.00087849
-0.00094003
-0.00099390
-0.00102100
-0.00101877
-0.00099693
-0.00096982
-0.00094949
-0.00094136
-0.00094165
-0.00094083
-0.00093211
-0.00091479
-0.00089754
-0.00091847
-0.00095745
-0.00086938
-0.00060216
-0.00029250
-0.00010080
-0.00010495
-0.00028394
-0.00055132
-0.00080564
-0.00097110
-0.00102131
-0.00097978
-0.00089585
-0.00081817
-0.00077686
-0.00077777
-0.00080571
-0.00083823
-0.00085344
-0.00080100
-0.00062203
-0.00029336
0.00012627
0.00047018
0.00064908
0.00064242
0.00047671
0.00029717
0.00026170
0.00035699
0.00049598
0.00069106
0.00093502
0.00113771
0.00124815
0.00131504
0.00137427
0.00141641
0.00146989
0.00153407
0.00157052
0.00159712
0.00164744
0.00173369
0.00184387
0.00195232
0.00200918
0.00195992
0.00184141
0.00173539
0.00170063
0.00175009
0.00185772
0.00197940
0.00207446
0.00209998
0.00201538
0.00186469
0.00173597
0.00169068
0.00174017
0.00185394
0.00198293
0.00208366
0.00213491
0.00213999
0.00209338
0.00197218
0.00179767
0.00158142
0.00133220
0.00107854
0.00085843
0.00070133
0.00060375
0.00049658
0.00030872
0.00003225
-0.00027012
-0.00046923
-0.00047497
-0.00032954
-0.00009296
0.00021436
0.00050303
0.00074313
0.00096973
0.00116647
0.00131774
0.00139101
0.00134975
0.00120185
0.00100938
0.00088044
0.00085277
0.00087896
0.00090092
0.00088567
0.00083801
0.00082738
0.00093227
0.00116401
0.00167630
0.00189637
0.00187108
0.00156869
0.00112182
0.00069853
0.00038164
0.00019743
0.00012254
0.00011759
0.00012701
0.00008667
0.00001189
-0.00006825
-0.00015414
-0.00020756
-0.00020607
-0.00014705
-0.00005517
0.00003262
0.00008910
0.00007114
0.00000246
-0.00002678
0.00004665
0.00022247
0.00044895
0.00062322
0.00063739
0.00049566
0.00028235
0.00008839
-0.00002701
-0.00008982
-0.00014943
-0.00023949
-0.00039909
-0.00062795
-0.00084596
-0.00097049
-0.00093472
-0.00073523
-0.00047349
-0.00023439
-0.00002474
0.00014150
0.00022952
0.00024187
0.00016394
0.00002777
-0.00009126
-0.00015272
-0.00008126
0.00020188
0.00065214
0.00109579
0.00139938
0.00153483
0.00149731
0.00132197
0.00108202
0.00085687
0.00070227
0.00063649
0.00064482
0.00071498
0.00087519
0.00114075
0.00147617
0.00181148
0.00205748
0.00213378
0.00204520
0.00184581
0.00164825
0.00155859
0.00161345
0.00177912
0.00198362
0.00215542
0.00225119
0.00226480
0.00221970
0.00215214
0.00209435
0.00206408
0.00206264
0.00207959
0.00210052
0.00211381
0.00211451
0.00211697
0.00217023
0.00226922
0.00235481
0.00239252
0.00244085
0.00262364
0.00300588
0.00352447
0.00399832
0.00425271
0.00422610
0.00397686
0.00364460
0.00340254
0.00332373
0.00336499
0.00344409
0.00350420
0.00355640
0.00360915
0.00368625
0.00380643
0.00391058
0.00393066
0.00388152
0.00379725
0.00372415
0.00366795
0.00358293
0.00340649
0.00314320
0.00282415
0.00249266
0.00224895
0.00218211
0.00230097
0.00255171
0.00288400
0.00322343
0.00350368
0.00367183
0.00368449
0.00355223
0.00333476
0.00310872
0.00293549
0.00284299
0.00281755
0.00278260
0.00265177
0.00240379
0.00208515
0.00177376
0.00153811
0.00141114
0.00138510
0.00142368
0.00148193
0.00152402
0.00153284
0.00150293
0.00140799
0.00126034
0.00112791
0.00105979
0.00103062
0.00101222
0.00101730
0.00105731
0.00112629
0.00120531
0.00127276
0.00130656
0.00124928
0.00101032
0.00056280
0.00001953
-0.00047364
-0.00084269
-0.00107222
-0.00118811
-0.00126817
-0.00140794
-0.00161120
-0.00178802
-0.00185859
-0.00180426
-0.00166132
-0.00149240
-0.00135559
-0.00128365
-0.00128237
-0.00136242
-0.00151133
-0.00165710
-0.00172868
-0.00167089
-0.00148630
-0.00126923
-0.00114979
-0.00119718
-0.00135994
-0.00153917
-0.00165418
-0.00166180
-0.00150605
-0.00115905
-0.00070884
-0.00029039
-0.00001222
0.00005283
-0.00011995
-0.00047123
-0.00088418
-0.00123945
-0.00143722
-0.00143203
-0.00129644
-0.00114558
-0.00106504
-0.00108394
-0.00118049
-0.00130609
-0.00141243
-0.00147056
-0.00147671
-0.00144676
-0.00140472
-0.00137237
-0.00138479
-0.00147268
-0.00161599
-0.00178005
-0.00189268
-0.00192523
-0.00190895
-0.00187577
-0.00188323
-0.00194266
-0.00198963
-0.00196344
-0.00185085
-0.00168264
-0.00150987
-0.00137797
-0.00131002
-0.00130322
-0.00133622
-0.00138157
-0.00141756
-0.00145082
-0.00153109
-0.00167645
-0.00182288
-0.00189221
-0.00185251
-0.00174093
-0.00164147
-0.00158782
-0.00156526
-0.00154984
-0.00154159
-0.00156824
-0.00161475
-0.00164108
-0.00162371
-0.00158100
-0.00156456
-0.00157890
-0.00159328
-0.00158278
-0.00155727
-0.00155875
-0.00160086
-0.00168135
-0.00175579
-0.00178236
-0.00177720
-0.00176126
-0.00176874
-0.00183548
-0.00196263
-0.00210978
-0.00220176
-0.00220427
-0.00211979
-0.00200171
-0.00192592
-0.00192420
-0.00195805
-0.00199741
-0.00204269
-0.00208640
-0.00210041
-0.00210404
-0.00209312
-0.00206201
-0.00204246
-0.00208592
-0.00219832
-0.00236553
-0.00256020
-0.00270730
-0.00273612
-0.00263416
-0.00244455
-0.00224511
-0.00212815
-0.00212721
-0.00223633
-0.00242789
-0.00264856
-0.00284060
-0.00295913
-0.00296393
-0.00286735
-0.00274027
-0.00265053
-0.00263019
-0.00267249
-0.00274599
-0.00281932
-0.00289044
-0.00293044
-0.00293249
-0.00292409
-0.00293515
-0.00296638
-0.00297624
-0.00290788
-0.00275603
-0.00257985
-0.00244384
-0.00238286
-0.00239484
-0.00245116
-0.00250967
-0.00251313
-0.00244581
-0.00234537
-0.00223905
-0.00218395
-0.00224767
-0.00240863
-0.00257689
-0.00267237
-0.00266285
-0.00256526
-0.00242114
-0.00225385
-0.00209071
-0.00195388
-0.00185621
-0.00181848
-0.00182370
-0.00184152
-0.00188965
-0.00198677
-0.00212079
-0.00225475
-0.00230778
-0.00222978
-0.00203540
-0.00176641
-0.00150499
-0.00134208
-0.00129488
-0.00130472
-0.00130429
-0.00125655
-0.00116003
-0.00103763
-0.00092126
-0.00083376
-0.00076319
-0.00069031
-0.00062920
-0.00059771
-0.00060128
-0.00065110
-0.00076287
-0.00092606
-0.00110334
-0.00125047
-0.00133769
-0.00135895
-0.00132774
-0.00126742
-0.00119994
-0.00111974
-0.00100127
-0.00085614
-0.00073652
-0.00068202
-0.00067965
-0.00066927
-0.00060540
-0.00048220
-0.00032515
-0.00017321
-0.00006025
-0.00001449
-0.00004491
-0.00010821
-0.00013530
-0.00006117
0.00012494
0.00037713
0.00062578
0.00081240
0.00089456
0.00084598
0.00070105
0.00055254
0.00047980
0.00049635
0.00054702
0.00057088
0.00053991
0.00046129
0.00036501
0.00029882
0.00030133
0.00035518
0.00043098
0.00050992
0.00054532
0.00049931
0.00038261
0.00021731
0.00003669
-0.00010907
-0.00017480
-0.00016863
-0.00011892
-0.00005483
-0.00003791
-0.00011226
-0.00026074
-0.00041120
-0.00049361
-0.00048032
-0.00038863
-0.00026066
-0.00012984
0.00000079
0.00013486
0.00025719
0.00032905
0.00032409
0.00024944
0.00013789
0.00002927
-0.00004629
-0.00007674
-0.00005999
0.00000239
0.00008158
0.00014069
0.00015836
0.00013502
0.00008792
0.00004017
0.00000903
0.00000186
0.00001617
0.00004982
0.00010554
0.00016561
0.00021170
0.00024489
0.00026677
0.00029038
0.00032332
0.00034729
0.00033970
0.00029130
0.00020105
0.00009430
0.00001066
-0.00002480
-0.00001440
0.00001187
0.00003391
0.00005095
0.00006717
0.00008545
0.00010583
0.00012617
0.00014360
0.00015241
0.00013648
0.00008848
0.00002820
-0.00002314
-0.00004545
-0.00002598
0.00002967
0.00010223
0.00016961
0.00021613
0.00023677
0.00023619
0.00022441
0.00021170
0.00020669
0.00022136
0.00025456
0.00028850
0.00030706
0.00030458
0.00028557
0.00025855
0.00022469
0.00018976
0.00016616
0.00015366
0.00014857
0.00014458
0.00013165
0.00010674
0.00007500
0.00004630
0.00003591
0.00005812
0.00011165
0.00017537
0.00022489
0.00024618
0.00023311
0.00019195
0.00013353
0.00007225
0.00002232
-0.00001291
-0.00002939
-0.00002112
0.00000540
0.00003157
0.00004310
0.00004106
0.00003679
0.00003457
0.00004191
0.00007123
0.00011883
0.00017087
0.00021417
0.00024142
0.00025209
0.00025076
0.00024775
0.00025365
0.00027026
0.00029513
0.00031812
0.00033202
0.00034021
0.00034718
0.00035056
0.00034685
0.00033630
0.00032252
0.00031023
0.00030304
0.00030234
0.00030900
0.00032405
0.00034421
0.00036703
0.00038912
0.00040319
0.00040439
0.00039529
0.00038584
0.00038445
0.00039093
0.00040112
0.00040504
0.00039377
0.00036767
0.00033563
0.00031086
0.00030104
0.00030917
0.00033536
0.00037154
0.00040599
0.00043287
0.00045187
0.00046415
0.00046887
0.00046479
0.00045358
0.00043930
0.00042644
0.00041828
0.00041614
0.00042118
0.00043331
0.00044810
0.00046107
0.00047075
0.00047716
0.00048082
0.00048306
0.00048806
0.00049829
0.00051099
0.00052047
0.00052275
0.00051766
0.00050784
0.00049797
0.00049047
0.00048453
0.00047890
0.00047394
0.00047034
0.00046723
0.00046362
0.00045933
0.00045573
0.00045480
0.00045708
0.00046132
0.00046548
0.00046714
0.00046477
0.00046013
0.00045611
0.00045348
0.00045160
0.00044957
0.00044728
0.00044512
0.00044247
0.00043868
0.00043372
0.00042812
0.00042299
0.00041937
0.00041680
0.00041429
0.00041143
0.00040878
0.00040665
0.00040432
0.00040119
0.00039749
0.00039334
0.00038876
0.00038393
0.00037934
0.00037579
0.00037364
0.00037234
0.00037060
0.00036744
0.00036278
0.00035720
0.00035148
0.00034593
0.00034061
0.00033562
0.00033112
0.00032722
0.00032390
0.00032104
0.00031848
0.00031602
0.00031354
0.00031104
0.00030868
0.00030644
0.00030406
0.00030139
0.00029838
0.00029500
0.00029142
0.00028788
0.00028446
0.00028135
0.00027860
0.00027616
0.00027401
0.00027199
0.00026995
0.00026772
0.00026524
0.00026255
0.00025984
0.00025735
0.00025513
0.00025304
0.00025094
0.00024864
0.00024600
0.00024300
0.00023978
0.00023646
0.00023316
0.00022993
0.00022680
0.00022380
0.00022090
0.00021806
0.00021524
0.00021242
0.00020952
0.00020653
0.00020346
0.00020034
0.00019724
0.00019416
0.00019108
0.00018803
0.00018502
0.00018207
0.00017918
0.00017633
0.00017350
0.00017066
0.00016782
0.00016497
0.00016210
0.00015923
0.00015637
0.00015352
0.00015068
0.00014787
0.00014508
0.00014229
0.00013951
0.00013672
0.00013394
0.00013115
0.00012837
0.00012560
0.00012284
0.00012009
0.00011735
0.00011461
0.00011187
0.00010914
0.00010642
0.00010372
0.00010103
0.00009835
0.00009568
0.00009301
0.00009034
0.00008768
0.00008503
0.00008239
0.00007976
0.00007714
0.00007452
0.00007191
0.00006931
0.00006671
0.00006412
0.00006154
0.00005897
0.00005641
0.00005385
0.00005130
0.00004876
0.00004623
0.00004371
0.00004119
0.00003868
0.00003618
0.00003369
0.00003121
0.00002873
0.00002627
0.00002381
0.00002136
0.00001892
0.00001649
0.00001407
0.00001165
0.00000925
0.00000685
0.00000446
0.00000209
-0.00000028
-0.00000264
-0.00000499
-0.00000733
-0.00000967
-0.00001199
-0.00001430
-0.00001660
-0.00001890
-0.00002118
-0.00002345
-0.00002572
-0.00002797
-0.00003022
-0.00003245
-0.00003468
-0.00003689
-0.00003910
-0.00004129
-0.00004347
