0.00000848
0.00000892
0.00000933
0.00000971
0.00001005
0.00001036
0.00001064
0.00001089
0.00001110
0.00001128
0.00001142
0.00001153
0.00001159
0.00001161
0.00001160
0.00001153
0.00001133
0.00001101
0.00001067
0.00001037
0.00001012
0.00000983
0.00000923
0.00000827
0.00000723
0.00000595
0.00000445
0.00000296
0.00000212
0.00000194
0.00000094
-0.00000138
-0.00000435
-0.00000699
-0.00000790
-0.00000732
-0.00000858
-0.00001418
-0.00002402
-0.00003255
-0.00003600
-0.00003670
-0.00003561
-0.00003445
-0.00003544
-0.00003897
-0.00004147
-0.00003522
-0.00001783
0.00000143
0.00001201
0.00001190
0.00000677
0.00000331
0.00000421
0.00000778
0.00001092
0.00001207
0.00001596
0.00002689
0.00003807
0.00005218
0.00007492
0.00010394
0.00011841
0.00011145
0.00008977
0.00005713
0.00001881
-0.00003217
-0.00010566
-0.00018467
-0.00023286
-0.00025463
-0.00026992
-0.00029711
-0.00034958
-0.00040144
-0.00041138
-0.00039233
-0.00038512
-0.00037644
-0.00033656
-0.00028015
-0.00023006
-0.00018277
-0.00015513
-0.00017735
-0.00022116
-0.00023709
-0.00023894
-0.00023663
-0.00020782
-0.00014488
-0.00004100
0.00010596
0.00028441
0.00044354
0.00050798
0.00048190
0.00044940
0.00050737
0.00066860
0.00084111
0.00090138
0.00078515
0.00058875
0.00043879
0.00036244
0.00035862
0.00043037
0.00052845
0.00059058
0.00059558
0.00052497
0.00033032
0.00003290
-0.00026645
-0.00045346
-0.00049800
-0.00046408
-0.00043729
-0.00045562
-0.00050298
-0.00054476
-0.00056038
-0.00052948
-0.00045276
-0.00038895
-0.00033777
-0.00032213
-0.00039385
-0.00049116
-0.00051868
-0.00054505
-0.00066690
-0.00084457
-0.00097917
-0.00105430
-0.00111257
-0.00109023
-0.00090581
-0.00056859
-0.00019163
0.00006542
0.00013692
0.00008643
-0.00001019
-0.00014049
-0.00026308
-0.00032872
-0.00033290
-0.00027869
-0.00018463
-0.00016106
-0.00027511
-0.00047536
-0.00061518
-0.00065082
-0.00056704
-0.00046924
-0.00052180
-0.00078612
-0.00120051
-0.00149807
-0.00153553
-0.00140798
-0.00125022
-0.00109453
-0.00092987
-0.00067839
-0.00031941
0.00001518
0.00019115
0.00020193
0.00013882
0.00004738
-0.00015757
-0.00050825
-0.00089845
-0.00124409
-0.00147193
-0.00150556
-0.00136914
-0.00124144
-0.00116006
-0.00105353
-0.00083899
-0.00053045
-0.00012483
0.00038870
0.00093557
0.00133851
0.00155175
0.00172322
0.00191873
0.00208683
0.00212371
0.00200343
0.00187357
0.00175669
0.00164681
0.00146161
0.00104301
0.00052516
0.00011614
-0.00023177
-0.00057076
-0.00072881
-0.00059664
-0.00022425
0.00015272
0.00033077
0.00030156
0.00019247
0.00006152
-0.00021439
-0.00062146
-0.00091829
-0.00107822
-0.00124718
-0.00163148
-0.00217672
-0.00257778
-0.00277781
-0.00279711
-0.00253918
-0.00195919
-0.00129486
-0.00092033
-0.00081376
-0.00071865
-0.00042057
-0.00000957
0.00028204
0.00020490
-0.00039263
-0.00117377
-0.00166693
-0.00171715
-0.00143749
-0.00099720
-0.00056348
-0.00017281
0.00011437
0.00024600
0.00025629
0.00022972
0.00022508
0.00017477
0.00001335
-0.00005426
0.00006595
0.00025470
0.00036893
0.00036899
0.00030932
0.00026251
0.00025768
0.00019426
-0.00016756
-0.00085525
-0.00152736
-0.00186309
-0.00184802
-0.00168881
-0.00150576
-0.00123021
-0.00083808
-0.00042177
-0.00019203
-0.00006044
0.00008200
0.00013061
-0.00009507
-0.00039735
-0.00047167
-0.00053694
-0.00089928
-0.00143926
-0.00184484
-0.00195496
-0.00185387
-0.00172865
-0.00169104
-0.00155835
-0.00098661
-0.00007173
0.00095165
0.00188196
0.00248036
0.00267008
0.00260577
0.00259639
0.00282270
0.00301054
0.00305736
0.00310942
0.00315958
0.00321926
0.00303033
0.00234385
0.00132261
0.00038289
-0.00028951
-0.00064276
-0.00063123
-0.00024710
0.00023794
0.00051164
0.00050181
0.00028746
-0.00020030
-0.00099163
-0.00176680
-0.00223587
-0.00262455
-0.00319320
-0.00369309
-0.00397206
-0.00397838
-0.00397639
-0.00409903
-0.00405869
-0.00375571
-0.00334126
-0.00284153
-0.00236364
-0.00208872
-0.00206696
-0.00217921
-0.00219750
-0.00179223
-0.00088604
0.00014197
0.00097802
0.00153655
0.00200842
0.00247086
0.00281344
0.00296379
0.00296906
0.00293197
0.00292302
0.00287847
0.00250854
0.00168921
0.00072280
-0.00020439
-0.00118344
-0.00225891
-0.00316226
-0.00369168
-0.00407105
-0.00432310
-0.00399009
-0.00314299
-0.00238379
-0.00218207
-0.00265183
-0.00332586
-0.00355393
-0.00334801
-0.00290696
-0.00230805
-0.00138432
-0.00021346
0.00113909
0.00249607
0.00385810
0.00502641
0.00575818
0.00624176
0.00672791
0.00730609
0.00757312
0.00706090
0.00578983
0.00418458
0.00267388
0.00147037
0.00065519
0.00004405
-0.00053018
-0.00113457
-0.00153263
-0.00177065
-0.00200106
-0.00228464
-0.00276187
-0.00333410
-0.00372866
-0.00375087
-0.00322510
-0.00228931
-0.00158033
-0.00120544
-0.00075927
-0.00023890
-0.00002695
-0.00001361
0.00006534
0.00024364
0.00040787
0.00048010
0.00046161
0.00041345
0.00030726
-0.00003764
-0.00054292
-0.00092410
-0.00096862
-0.00055680
0.00017689
0.00125230
0.00271450
0.00428982
0.00546776
0.00590021
0.00551047
0.00446016
0.00308495
0.00173425
0.00073276
0.00001653
-0.00076569
-0.00160505
-0.00219901
-0.00240127
-0.00228631
-0.00182292
-0.00091627
0.00030180
0.00132531
0.00156247
0.00100356
-0.00000827
-0.00116282
-0.00207023
-0.00245759
-0.00236532
-0.00193817
-0.00159285
-0.00145696
-0.00132294
-0.00097139
-0.00064453
-0.00070348
-0.00117400
-0.00135881
-0.00082517
-0.00000020
0.00060377
0.00120740
0.00201017
0.00281679
0.00375525
0.00479933
0.00547025
0.00515523
0.00402538
0.00300779
0.00286623
0.00329982
0.00358651
0.00347083
0.00312966
0.00282726
0.00249956
0.00185491
0.00095087
0.00006199
-0.00047015
-0.00057234
-0.00043928
-0.00035003
-0.00059644
-0.00120482
-0.00180230
-0.00207509
-0.00201584
-0.00186499
-0.00194334
-0.00200998
-0.00157195
-0.00067469
0.00013159
0.00045493
0.00034790
0.00009170
-0.00023141
-0.00066054
-0.00122781
-0.00187352
-0.00235497
-0.00253182
-0.00245565
-0.00212346
-0.00156606
-0.00088122
-0.00017579
0.00052728
0.00137562
0.00227810
0.00290790
0.00313938
0.00326344
0.00340652
0.00338398
0.00317894
0.00274245
0.00193848
0.00096466
0.00030204
0.00036913
0.00124872
0.00240681
0.00295381
0.00256038
0.00160674
0.00062413
0.00008107
0.00006258
0.00029935
0.00047263
0.00045123
0.00031395
0.00035561
0.00080441
0.00156307
0.00239362
0.00263570
0.00183738
0.00032223
-0.00117996
-0.00178979
-0.00133429
-0.00029502
0.00083091
0.00161127
0.00146056
0.00067125
-0.00002073
-0.00032636
-0.00018951
0.00066972
0.00197466
0.00297197
0.00310391
0.00257035
0.00219676
0.00234245
0.00277587
0.00311549
0.00318205
0.00305060
0.00289105
0.00267396
0.00241558
0.00240871
0.00234044
0.00167901
0.00071238
0.00003160
-0.00028291
-0.00070928
-0.00147243
-0.00224167
-0.00266405
-0.00271134
-0.00257135
-0.00218868
-0.00133729
-0.00035665
0.00023152
0.00030139
0.00020065
0.00030137
0.00042023
0.00037336
0.00043028
0.00093437
0.00137347
0.00115479
0.00045906
-0.00013711
-0.00018915
0.00038824
0.00125493
0.00208451
0.00260283
0.00272942
0.00262919
0.00264502
0.00306302
0.00357852
0.00362213
0.00318080
0.00267877
0.00245431
0.00252772
0.00270890
0.00281455
0.00279264
0.00270026
0.00251580
0.00211479
0.00152617
0.00083711
0.00028595
0.00015460
0.00044478
0.00054646
0.00000695
-0.00086388
-0.00159375
-0.00210732
-0.00243136
-0.00246893
-0.00220326
-0.00192496
-0.00156802
-0.00094185
-0.00024879
0.00016667
0.00022208
0.00017920
0.00051595
0.00142384
0.00246490
0.00315579
0.00356547
0.00387069
0.00401748
0.00378238
0.00319692
0.00234914
0.00134746
0.00059702
0.00063459
0.00152533
0.00261893
0.00314475
0.00275502
0.00180436
0.00081485
0.00011879
-0.00044197
-0.00118166
-0.00190900
-0.00201792
-0.00128709
-0.00026356
0.00036549
0.00039974
0.00011141
-0.00020326
-0.00065049
-0.00140847
-0.00222820
-0.00272261
-0.00272152
-0.00228807
-0.00194974
-0.00205687
-0.00252490
-0.00320112
-0.00388371
-0.00452667
-0.00497129
-0.00496519
-0.00473958
-0.00437370
-0.00373289
-0.00308995
-0.00291961
-0.00303075
-0.00302745
-0.00277863
-0.00219385
-0.00119637
0.00012726
0.00152961
0.00260035
0.00307834
0.00308216
0.00289247
0.00256356
0.00209427
0.00146568
0.00081306
0.00040676
0.00037977
0.00083773
0.00177349
0.00277302
0.00334504
0.00334646
0.00285149
0.00214813
0.00150202
0.00120929
0.00122504
0.00148744
0.00210668
0.00288650
0.00333734
0.00287449
0.00167158
0.00059004
0.00020613
0.00042891
0.00081230
0.00098832
0.00088320
0.00067604
0.00056318
0.00058365
0.00066996
0.00072014
0.00047297
-0.00030279
-0.00134236
-0.00209151
-0.00230410
-0.00213298
-0.00171656
-0.00115582
-0.00054043
0.00003134
0.00022666
0.00007650
0.00001580
0.00019618
0.00046495
0.00061463
0.00042526
-0.00030363
-0.00137194
-0.00221153
-0.00249241
-0.00218876
-0.00148502
-0.00071366
-0.00004052
0.00053040
0.00125638
0.00217046
0.00291449
0.00306909
0.00254812
0.00168374
0.00082661
0.00017882
-0.00017427
-0.00008500
0.00025171
0.00050579
0.00052792
0.00039640
0.00027062
0.00024336
0.00030478
0.00049749
0.00104245
0.00195225
0.00280386
0.00321126
0.00317601
0.00298152
0.00289355
0.00285750
0.00259069
0.00201476
0.00111314
-0.00006894
-0.00129915
-0.00226684
-0.00294015
-0.00346254
-0.00404349
-0.00449998
-0.00445525
-0.00400955
-0.00357472
-0.00330397
-0.00299219
-0.00260871
-0.00223240
-0.00167962
-0.00079208
0.00027334
0.00149510
0.00261624
0.00332872
0.00371415
0.00375805
0.00351667
0.00324517
0.00314083
0.00320373
0.00324215
0.00295905
0.00235399
0.00161627
0.00115804
0.00102018
0.00092512
0.00077568
0.00063278
0.00055360
0.00057158
0.00081045
0.00103314
0.00090813
0.00028823
-0.00077839
-0.00180601
-0.00214653
-0.00199226
-0.00213152
-0.00278894
-0.00353350
-0.00390599
-0.00370054
-0.00323817
-0.00293992
-0.00296279
-0.00313831
-0.00316613
-0.00333007
-0.00360235
-0.00349150
-0.00298808
-0.00213166
-0.00105195
-0.00020051
0.00028669
0.00043486
0.00040220
0.00051942
0.00064230
0.00043555
0.00000120
-0.00035610
-0.00063888
-0.00106134
-0.00154670
-0.00203815
-0.00243158
-0.00228534
-0.00155347
-0.00076532
-0.00008747
0.00073302
0.00151214
0.00193364
0.00197107
0.00194681
0.00223442
0.00274004
0.00302069
0.00284315
0.00260251
0.00249904
0.00241274
0.00235312
0.00215534
0.00181788
0.00152049
0.00137896
0.00137802
0.00142173
0.00142067
0.00136468
0.00129265
0.00123111
0.00111736
0.00067335
-0.00022653
-0.00119465
-0.00176766
-0.00192142
-0.00201972
-0.00206456
-0.00197304
-0.00183575
-0.00176069
-0.00176953
-0.00181423
-0.00184456
-0.00185441
-0.00184762
-0.00179662
-0.00146586
-0.00065607
0.00027902
0.00056128
-0.00016709
-0.00135571
-0.00217210
-0.00228945
-0.00197204
-0.00167855
-0.00163430
-0.00163401
-0.00156065
-0.00141912
-0.00116458
-0.00105053
-0.00114582
-0.00134383
-0.00163839
-0.00190843
-0.00203638
-0.00200868
-0.00160611
-0.00048523
0.00100544
0.00193397
0.00192724
0.00146802
0.00112199
0.00145931
0.00245288
0.00342666
0.00367903
0.00294855
0.00167764
0.00054646
-0.00028038
-0.00097751
-0.00153502
-0.00185124
-0.00193935
-0.00191842
-0.00189792
-0.00180734
-0.00156624
-0.00147189
-0.00164711
-0.00190258
-0.00205065
-0.00205335
-0.00198276
-0.00192782
-0.00192576
-0.00189056
-0.00166244
-0.00134514
-0.00075920
0.00004123
0.00066066
0.00082153
0.00041867
-0.00027997
-0.00079604
-0.00090442
-0.00068732
-0.00020112
0.00033213
0.00045931
0.00029166
0.00024299
0.00044304
0.00094445
0.00181236
0.00279273
0.00345159
0.00358754
0.00319128
0.00248719
0.00175022
0.00114003
0.00077720
0.00048059
0.00003489
-0.00057664
-0.00113895
-0.00127147
-0.00116953
-0.00098571
-0.00043974
0.00027110
0.00075475
0.00085137
0.00054394
0.00005455
-0.00008503
0.00009662
-0.00001319
-0.00063646
-0.00119401
-0.00137630
-0.00146392
-0.00142246
-0.00083603
0.00009642
0.00086687
0.00137807
0.00162949
0.00138802
0.00057919
-0.00042027
-0.00121836
-0.00148106
-0.00144316
-0.00150945
-0.00173631
-0.00193483
-0.00173026
-0.00095534
-0.00015068
0.00022065
-0.00011993
-0.00085158
-0.00148968
-0.00188103
-0.00204337
-0.00224296
-0.00265454
-0.00289059
-0.00242738
-0.00123941
0.00011671
0.00112583
0.00170550
0.00193327
0.00197345
0.00214282
0.00266346
0.00327846
0.00347506
0.00286327
0.00169727
0.00072051
0.00038624
0.00047170
0.00052005
0.00055382
0.00076948
0.00128074
0.00197881
0.00273805
0.00332326
0.00357090
0.00354360
0.00335886
0.00295836
0.00231093
0.00128022
0.00013877
-0.00067340
-0.00116524
-0.00150638
-0.00174358
-0.00187697
-0.00192929
-0.00194192
-0.00195095
-0.00197918
-0.00200687
-0.00200689
-0.00198446
-0.00196159
-0.00195297
-0.00190546
-0.00146086
-0.00046361
0.00071765
0.00146515
0.00144017
0.00113954
0.00120774
0.00166234
0.00212579
0.00216938
0.00180372
0.00157180
0.00155925
0.00158969
0.00174467
0.00187053
0.00165917
0.00118226
0.00053947
-0.00041772
-0.00141478
-0.00200951
-0.00209634
-0.00191062
-0.00163624
-0.00123394
-0.00081579
-0.00063877
-0.00094057
-0.00154788
-0.00203181
-0.00208435
-0.00159175
-0.00094863
-0.00075691
-0.00096819
-0.00131610
-0.00145843
-0.00139827
-0.00120865
-0.00115694
-0.00139566
-0.00169945
-0.00163586
-0.00108603
-0.00021748
0.00060572
0.00103608
0.00104534
0.00082270
0.00040876
-0.00009386
-0.00044464
-0.00053373
-0.00042498
-0.00007344
0.00068610
0.00183281
0.00301035
0.00389708
0.00430020
0.00431251
0.00416423
0.00386098
0.00318492
0.00212166
0.00115753
0.00053337
0.00011270
-0.00016900
-0.00016169
0.00025649
0.00095196
0.00172493
0.00226182
0.00241272
0.00214061
0.00137748
0.00020169
-0.00117262
-0.00239328
-0.00308282
-0.00321648
-0.00320280
-0.00350391
-0.00396191
-0.00415468
-0.00407639
-0.00375113
-0.00334275
-0.00296529
-0.00251908
-0.00207116
-0.00179149
-0.00173339
-0.00181568
-0.00183743
-0.00152111
-0.00087158
-0.00005466
0.00062267
0.00092411
0.00096644
0.00110112
0.00122351
0.00114892
0.00095454
0.00080412
0.00077238
0.00086489
0.00119610
0.00166275
0.00183694
0.00171143
0.00142329
0.00107362
0.00078434
0.00038062
-0.00039104
-0.00137030
-0.00230904
-0.00300588
-0.00328035
-0.00299670
-0.00232488
-0.00152837
-0.00084168
-0.00026679
0.00023325
0.00056969
0.00065573
0.00035458
-0.00025782
-0.00101965
-0.00170056
-0.00206563
-0.00210275
-0.00199212
-0.00192034
-0.00195334
-0.00204331
-0.00206616
-0.00177803
-0.00116383
-0.00036134
0.00037135
0.00076544
0.00079935
0.00066807
0.00057881
0.00060787
0.00070455
0.00078207
0.00079636
0.00076253
0.00072247
0.00070585
0.00066832
0.00038737
-0.00013765
-0.00063128
-0.00103985
-0.00145107
-0.00176313
-0.00173853
-0.00150475
-0.00147650
-0.00168863
-0.00171646
-0.00113271
-0.00011597
0.00074557
0.00129021
0.00184553
0.00236833
0.00249254
0.00206376
0.00127763
0.00043958
-0.00026946
-0.00082418
-0.00115361
-0.00128760
-0.00146711
-0.00172459
-0.00188794
-0.00152381
-0.00052951
0.00049628
0.00099652
0.00088225
0.00014477
-0.00102700
-0.00218677
-0.00300434
-0.00330790
-0.00304677
-0.00242586
-0.00190350
-0.00170161
-0.00139419
-0.00058731
0.00054149
0.00157326
0.00210061
0.00191851
0.00124598
0.00060822
0.00017658
-0.00014399
-0.00017963
0.00017447
0.00063356
0.00088148
0.00085478
0.00070344
0.00060093
0.00061213
0.00069151
0.00076025
0.00077580
0.00074826
0.00071324
0.00067032
0.00046891
0.00021399
0.00022539
0.00048377
0.00074813
0.00084845
0.00079260
0.00066487
0.00035452
-0.00034941
-0.00130621
-0.00230101
-0.00332894
-0.00421742
-0.00471424
-0.00480493
-0.00469986
-0.00462245
-0.00465842
-0.00475960
-0.00479262
-0.00446103
-0.00359062
-0.00254930
-0.00190076
-0.00180940
-0.00202020
-0.00220048
-0.00215406
-0.00174307
-0.00106977
-0.00029602
0.00046183
0.00135913
0.00220605
0.00279394
0.00311453
0.00305378
0.00284276
0.00263284
0.00239882
0.00220534
0.00206950
0.00177463
0.00128932
0.00086892
0.00065334
0.00035708
-0.00036641
-0.00132052
-0.00200529
-0.00219044
-0.00203604
-0.00180259
-0.00148324
-0.00112584
-0.00104924
-0.00115605
-0.00108346
-0.00058779
0.00016188
0.00082428
0.00158646
0.00252741
0.00333807
0.00388521
0.00400765
0.00375596
0.00344577
0.00332075
0.00331783
0.00309433
0.00254305
0.00176162
0.00097748
0.00019073
-0.00071241
-0.00153429
-0.00199160
-0.00205801
-0.00193657
-0.00176918
-0.00136560
-0.00057792
0.00035413
0.00121040
0.00187241
0.00238819
0.00256757
0.00228107
0.00161114
0.00091678
0.00040732
-0.00027068
-0.00115731
-0.00193963
-0.00257005
-0.00304773
-0.00331108
-0.00330184
-0.00291763
-0.00235263
-0.00190086
-0.00150034
-0.00102855
-0.00038631
0.00027367
0.00068282
0.00076562
0.00058919
0.00021512
0.00010632
0.00074402
0.00202308
0.00338500
0.00463299
0.00559658
0.00600107
0.00569906
0.00496873
0.00415826
0.00349157
0.00291674
0.00250125
0.00247521
0.00263884
0.00280410
0.00264834
0.00195439
0.00107238
0.00051814
0.00045390
0.00066648
0.00085008
0.00070503
-0.00013103
-0.00135083
-0.00223552
-0.00245066
-0.00228400
-0.00228373
-0.00248521
-0.00277335
-0.00283488
-0.00255067
-0.00217010
-0.00187377
-0.00145117
-0.00075844
-0.00033379
-0.00070805
-0.00158366
-0.00219013
-0.00198899
-0.00115112
-0.00012577
0.00068606
0.00124503
0.00168917
0.00223943
0.00285397
0.00329170
0.00343746
0.00337715
0.00313179
0.00241313
0.00132108
0.00013306
-0.00098517
-0.00178659
-0.00211838
-0.00210015
-0.00198970
-0.00196778
-0.00205288
-0.00216211
-0.00221732
-0.00220178
-0.00207831
-0.00176205
-0.00149032
-0.00127677
-0.00104350
-0.00084640
-0.00074813
-0.00066633
-0.00041755
-0.00032194
-0.00079690
-0.00161905
-0.00223651
-0.00236777
-0.00216540
-0.00190061
-0.00155015
-0.00113177
-0.00074297
-0.00027758
0.00030269
0.00105739
0.00200756
0.00283838
0.00297879
0.00222032
0.00110793
0.00038500
0.00026166
0.00026229
-0.00000616
-0.00039960
-0.00043967
-0.00000785
0.00052889
0.00081227
0.00078407
0.00061799
0.00050579
0.00046259
0.00007659
-0.00086184
-0.00185444
-0.00240245
-0.00262212
-0.00286568
-0.00316077
-0.00320432
-0.00280901
-0.00204823
-0.00101458
-0.00000136
0.00059395
0.00067148
0.00047701
0.00031159
0.00014778
-0.00036776
-0.00126496
-0.00209024
-0.00261482
-0.00300555
-0.00347762
-0.00413797
-0.00474802
-0.00505976
-0.00507077
-0.00485367
-0.00439330
-0.00377365
-0.00307082
-0.00238083
-0.00159680
-0.00068340
-0.00002925
-0.00004545
-0.00044093
-0.00064925
-0.00057909
-0.00046562
-0.00085149
-0.00166952
-0.00238261
-0.00271856
-0.00287597
-0.00284834
-0.00263364
-0.00235544
-0.00196735
-0.00153124
-0.00123236
-0.00107256
-0.00076994
-0.00028755
0.00012814
0.00029830
0.00020843
-0.00019749
-0.00078282
-0.00117286
-0.00095067
-0.00003270
0.00106277
0.00170986
0.00174919
0.00142874
0.00093068
0.00043550
0.00015625
0.00013469
0.00029278
0.00083585
0.00182627
0.00278276
0.00345439
0.00409255
0.00482665
0.00546145
0.00595401
0.00622401
0.00612078
0.00581274
0.00559181
0.00558163
0.00568788
0.00577187
0.00577965
0.00588187
0.00627026
0.00661545
0.00649692
0.00636500
0.00703818
0.00853129
0.01017946
0.01110306
0.01088782
0.00993858
0.00890453
0.00830479
0.00824879
0.00847965
0.00865404
0.00861867
0.00837044
0.00778691
0.00678111
0.00545677
0.00394934
0.00229358
0.00073035
-0.00079083
-0.00238513
-0.00383765
-0.00463255
-0.00481855
-0.00485435
-0.00498762
-0.00515498
-0.00504712
-0.00460947
-0.00409906
-0.00353271
-0.00271236
-0.00161182
-0.00054297
0.00011334
0.00044476
0.00079277
0.00137811
0.00217091
0.00303985
0.00403524
0.00521697
0.00654258
0.00788769
0.00900648
0.00962645
0.00974908
0.00963167
0.00954295
0.00957886
0.00953629
0.00932723
0.00928413
0.00961899
0.01030002
0.01096821
0.01141712
0.01192022
0.01280021
0.01386281
0.01444075
0.01433860
0.01380777
0.01309632
0.01253136
0.01232088
0.01232179
0.01218644
0.01204614
0.01218532
0.01273722
0.01336600
0.01346484
0.01291216
0.01198038
0.01111871
0.01043620
0.00970828
0.00890046
0.00802433
0.00702052
0.00599690
0.00485323
0.00367942
0.00288885
0.00269610
0.00310158
0.00377860
0.00425016
0.00431953
0.00408844
0.00361075
0.00300019
0.00228683
0.00135537
0.00020085
-0.00089232
-0.00180551
-0.00275237
-0.00393580
-0.00535058
-0.00679489
-0.00794316
-0.00869625
-0.00887849
-0.00837746
-0.00768393
-0.00699615
-0.00630892
-0.00582706
-0.00565775
-0.00570462
-0.00564887
-0.00497979
-0.00386265
-0.00282058
-0.00183267
-0.00087212
0.00016405
0.00145177
0.00248121
0.00278544
0.00253318
0.00212008
0.00165232
0.00100046
-0.00036719
-0.00245044
-0.00468993
-0.00670742
-0.00825929
-0.00946435
-0.01017242
-0.01028547
-0.01001496
-0.00952278
-0.00896938
-0.00838912
-0.00788335
-0.00760447
-0.00756989
-0.00764405
-0.00769295
-0.00759087
-0.00725275
-0.00695897
-0.00682229
-0.00696313
-0.00725489
-0.00722736
-0.00671708
-0.00586252
-0.00495860
-0.00419546
-0.00372080
-0.00345645
-0.00321175
-0.00314555
-0.00331933
-0.00378097
-0.00470112
-0.00585890
-0.00702916
-0.00829885
-0.00979818
-0.01112542
-0.01193666
-0.01240662
-0.01273897
-0.01308645
-0.01360721
-0.01416720
-0.01452555
-0.01461959
-0.01456317
-0.01460499
-0.01487353
-0.01503234
-0.01477134
-0.01396821
-0.01283884
-0.01192696
-0.01158351
-0.01170333
-0.01193878
-0.01202741
-0.01193512
-0.01177524
-0.01151164
-0.01073164
-0.00917800
-0.00724514
-0.00547257
-0.00406708
-0.00289362
-0.00172172
-0.00054950
0.00046051
0.00125088
0.00172381
0.00184912
0.00160847
0.00124647
0.00100717
0.00079627
0.00040383
-0.00025912
-0.00127425
-0.00253392
-0.00354801
-0.00414087
-0.00427288
-0.00401335
-0.00367523
-0.00348307
-0.00327524
-0.00287883
-0.00222914
-0.00150584
-0.00095286
-0.00027636
0.00065250
0.00150509
0.00216951
0.00271640
0.00331693
0.00392074
0.00424306
0.00407783
0.00382542
0.00387319
0.00416341
0.00451481
0.00504413
0.00588511
0.00674811
0.00723697
0.00716296
0.00657758
0.00590041
0.00542528
0.00492153
0.00404736
0.00274621
0.00121915
-0.00016201
-0.00099965
-0.00136149
-0.00183582
-0.00253151
-0.00278460
-0.00241542
-0.00189105
-0.00142495
-0.00082780
0.00016897
0.00119850
0.00192933
0.00227480
0.00214451
0.00172869
0.00100990
-0.00001760
-0.00110856
-0.00219279
-0.00335634
-0.00463379
-0.00581252
-0.00673935
-0.00762062
-0.00873646
-0.01032305
-0.01236041
-0.01442096
-0.01607566
-0.01705607
-0.01736541
-0.01730084
-0.01721273
-0.01723751
-0.01712892
-0.01675901
-0.01638905
-0.01645756
-0.01698630
-0.01755088
-0.01784618
-0.01811112
-0.01877477
-0.01961736
-0.01994340
-0.01967543
-0.01947921
-0.01987701
-0.02105822
-0.02247356
-0.02327874
-0.02303261
-0.02217087
-0.02140780
-0.02084902
-0.02014703
-0.01912724
-0.01805131
-0.01699429
-0.01561525
-0.01385637
-0.01203848
-0.01044242
-0.00910025
-0.00795000
-0.00710791
-0.00668329
-0.00666991
-0.00714867
-0.00807416
-0.00906512
-0.00986727
-0.01036078
-0.01045052
-0.00997582
-0.00893391
-0.00755645
-0.00611054
-0.00465179
-0.00290696
-0.00062177
0.00213377
0.00505551
0.00781918
0.01009229
0.01169399
0.01257137
0.01279898
0.01247502
0.01187527
0.01121783
0.01070855
0.01041396
0.01001183
0.00913891
0.00775278
0.00598008
0.00408660
0.00268680
0.00226560
0.00266642
0.00294761
0.00245086
0.00159623
0.00137163
0.00224804
0.00377468
0.00523599
0.00643996
0.00725814
0.00749578
0.00721653
0.00698696
0.00712995
0.00749614
0.00790213
0.00837139
0.00890387
0.00952137
0.01006333
0.01034632
0.01037151
0.01028620
0.01023832
0.01038138
0.01083562
0.01138990
0.01172752
0.01163962
0.01108542
0.01029644
0.00938329
0.00842029
0.00757188
0.00685308
0.00622202
0.00546266
0.00437393
0.00297441
0.00133572
-0.00053525
-0.00241813
-0.00418488
-0.00597279
-0.00764272
-0.00888106
-0.00979349
-0.01064040
-0.01159211
-0.01283371
-0.01425976
-0.01585038
-0.01750410
-0.01918726
-0.02124865
-0.02393546
-0.02694310
-0.03004509
-0.03306759
-0.03589543
-0.03834170
-0.03995088
-0.04053968
-0.04044333
-0.04009143
-0.03942771
-0.03813837
-0.03625803
-0.03408046
-0.03216532
-0.03095149
-0.03020055
-0.02945922
-0.02849259
-0.02719359
-0.02597649
-0.02517470
-0.02452338
-0.02378123
-0.02313698
-0.02279279
-0.02257208
-0.02202550
-0.02108080
-0.02004483
-0.01901759
-0.01792060
-0.01666983
-0.01513487
-0.01327192
-0.01138836
-0.00992287
-0.00904705
-0.00837302
-0.00758323
-0.00683280
-0.00608581
-0.00509592
-0.00399447
-0.00286745
-0.00184337
-0.00136445
-0.00166098
-0.00229387
-0.00253688
-0.00188956
-0.00048208
0.00101249
0.00204632
0.00292014
0.00422726
0.00612005
0.00834873
0.01041888
0.01219056
0.01388614
0.01541232
0.01654452
0.01731436
0.01775234
0.01793664
0.01829210
0.01920864
0.02028089
0.02092304
0.02098308
0.02073322
0.02052548
0.02052029
0.02066533
0.02096334
0.02132710
0.02154094
0.02171354
0.02175591
0.02163156
0.02181337
0.02268737
0.02429182
0.02636188
0.02836030
0.02995652
0.03136255
0.03284752
0.03437945
0.03589628
0.03702867
0.03782055
0.03869351
0.03955119
0.04008289
0.04017949
0.03983843
0.03923975
0.03874439
0.03838417
0.03801942
0.03770601
0.03748499
0.03694880
0.03553637
0.03352047
0.03154362
0.02984788
0.02840099
0.02685835
0.02482553
0.02244358
0.02029404
0.01882591
0.01773218
0.01644866
0.01490803
0.01348419
0.01216494
0.01071085
0.00918844
0.00795222
0.00706090
0.00622618
0.00542417
0.00487015
0.00461190
0.00433610
0.00382955
0.00307594
0.00234443
0.00210781
0.00219272
0.00207953
0.00191817
0.00157623
0.00098106
0.00028981
-0.00064243
-0.00167641
-0.00245736
-0.00306760
-0.00381244
-0.00469266
-0.00567029
-0.00681341
-0.00804618
-0.00900654
-0.00942927
-0.00942268
-0.00921744
-0.00876500
-0.00779859
-0.00609902
-0.00400452
-0.00222010
-0.00130124
-0.00134080
-0.00215187
-0.00327951
-0.00409769
-0.00430705
-0.00409613
-0.00362100
-0.00252119
-0.00028325
0.00346877
0.00852248
0.01405874
0.01912743
0.02313469
0.02582540
0.02734734
0.02803867
0.02832398
0.02881735
0.02992601
0.03148960
0.03346653
0.03584379
0.03847599
0.04086695
0.04231000
0.04263735
0.04219326
0.04130142
0.04000920
0.03816045
0.03607007
0.03443347
0.03366160
0.03366099
0.03398228
0.03454458
0.03542017
0.03644061
0.03753859
0.03870615
0.03975729
0.04035982
0.04033370
0.04016389
0.04038451
0.04106135
0.04172859
0.04189000
0.04178858
0.04189391
0.04223144
0.04245432
0.04198373
0.04078879
0.03915078
0.03736816
0.03578097
0.03473379
0.03435380
0.03442366
0.03456969
0.03464964
0.03508925
0.03595425
0.03659005
0.03677206
0.03677846
0.03686804
0.03733722
0.03847551
0.04040814
0.04282228
0.04495071
0.04666226
0.04832296
0.04978477
0.05080174
0.05156924
0.05166371
0.05050104
0.04834728
0.04574018
0.04268942
0.03877832
0.03371674
0.02722617
0.01913498
0.00974025
-0.00009068
-0.00925557
-0.01665745
-0.02159653
-0.02463498
-0.02685566
-0.02909652
-0.03144905
-0.03369427
-0.03567713
-0.03738383
-0.03936299
-0.04195511
-0.04497933
-0.04824735
-0.05174217
-0.05515379
-0.05804991
-0.06015155
-0.06159782
-0.06278919
-0.06394005
-0.06516203
-0.06654982
-0.06770231
-0.06823484
-0.06804042
-0.06717018
-0.06571544
-0.06368139
-0.06118729
-0.05829897
-0.05465979
-0.05018343
-0.04561568
-0.04174495
-0.03882178
-0.03681617
-0.03541339
-0.03442617
-0.03415256
-0.03440393
-0.03452458
-0.03405268
-0.03268847
-0.03025999
-0.02702388
-0.02353856
-0.02057748
-0.01854715
-0.01708445
-0.01571298
-0.01420623
-0.01257784
-0.01072627
-0.00827503
-0.00489508
-0.00036845
0.00516868
0.01104940
0.01646411
0.02074550
0.02343922
0.02445175
0.02373294
0.02101600
0.01611798
0.00948657
0.00239050
-0.00411126
-0.00948867
-0.01362047
-0.01651537
-0.01805212
-0.01829649
-0.01757491
-0.01656447
-0.01598522
-0.01623227
-0.01725797
-0.01853040
-0.01972387
-0.02083122
-0.02200612
-0.02348411
-0.02515053
-0.02657718
-0.02755801
-0.02836747
-0.02916965
-0.02979162
-0.03007977
-0.03009109
-0.02998094
-0.02969981
-0.02905340
-0.02818698
-0.02756200
-0.02761620
-0.02845796
-0.02965588
-0.03088384
-0.03206559
-0.03325890
-0.03449641
-0.03562518
-0.03653311
-0.03722842
-0.03762108
-0.03754920
-0.03703108
-0.03632267
-0.03583574
-0.03574048
-0.03589218
-0.03607086
-0.03633614
-0.03695002
-0.03782200
-0.03843394
-0.03791234
-0.03556265
-0.03162075
-0.02682648
-0.02172343
-0.01637039
-0.01074753
-0.00542171
-0.00100881
0.00229756
0.00473674
0.00690853
0.00898492
0.01084887
0.01236716
0.01326770
0.01354758
0.01367338
0.01405071
0.01454789
0.01468979
0.01428124
0.01362923
0.01281164
0.01179917
0.01076920
0.00993370
0.00951374
0.00969706
0.01054946
0.01188633
0.01358249
0.01563800
0.01764804
0.01913071
0.02020380
0.02147388
0.02348189
0.02619112
0.02894119
0.03084423
0.03134323
0.03051757
0.02901364
0.02766079
0.02704911
0.02714323
0.02763315
0.02841016
0.02929307
0.02990529
0.03007319
0.02995047
0.02980678
0.02979707
0.02990179
0.02999932
0.02969298
0.02852066
0.02639472
0.02346196
0.02011357
0.01668439
0.01332446
0.00953818
0.00495919
-0.00025402
-0.00599792
-0.01185922
-0.01735353
-0.02160766
-0.02398749
-0.02433164
-0.02287465
-0.02019095
-0.01679490
-0.01320765
-0.00996116
-0.00751344
-0.00623363
-0.00597003
-0.00638236
-0.00743360
-0.00915984
-0.01166001
-0.01466937
-0.01747777
-0.01934505
-0.02022994
-0.02060979
-0.02093915
-0.02103433
-0.02062485
-0.01995940
-0.01925155
-0.01832167
-0.01712631
-0.01547756
-0.01322246
-0.01050703
-0.00764131
-0.00485310
-0.00205639
0.00122846
0.00526573
0.00955913
0.01352027
0.01660758
0.01832860
0.01876651
0.01856113
0.01814202
0.01731406
0.01589449
0.01395763
0.01192817
0.01032022
0.00948959
0.00945686
0.01006717
0.01111078
0.01236991
0.01367713
0.01488330
0.01588054
0.01693909
0.01802409
0.01884337
0.01936276
0.01945774
0.01918596
0.01886538
0.01873853
0.01881295
0.01894595
0.01893247
0.01846103
0.01724699
0.01501962
0.01208662
0.00926932
0.00691565
0.00475067
0.00238855
-0.00035325
-0.00345875
-0.00671864
-0.01003598
-0.01331936
-0.01630255
-0.01848667
-0.01972931
-0.02025437
-0.02018194
-0.01969346
-0.01874746
-0.01732715
-0.01570755
-0.01417056
-0.01280372
-0.01149086
-0.00990871
-0.00796077
-0.00582152
-0.00403237
-0.00312129
-0.00304622
-0.00332185
-0.00348699
-0.00344153
-0.00356271
-0.00421594
-0.00519207
-0.00615397
-0.00705957
-0.00769978
-0.00792114
-0.00756889
-0.00622273
-0.00368605
-0.00030831
0.00331360
0.00668245
0.00916405
0.01032066
0.01041624
0.01009594
0.00955775
0.00879156
0.00806673
0.00729544
0.00626135
0.00485103
0.00263736
-0.00081020
-0.00516449
-0.00970641
-0.01389654
-0.01745287
-0.02050677
-0.02316419
-0.02532452
-0.02699770
-0.02822823
-0.02894292
-0.02918577
-0.02916269
-0.02894612
-0.02850279
-0.02804128
-0.02762729
-0.02699766
-0.02610453
-0.02499947
-0.02338086
-0.02108579
-0.01848158
-0.01623102
-0.01447037
-0.01285024
-0.01136892
-0.01022320
-0.00940139
-0.00877752
-0.00803690
-0.00694332
-0.00553236
-0.00390915
-0.00207414
-0.00011025
0.00193210
0.00408443
0.00652978
0.00908688
0.01136640
0.01270806
0.01252573
0.01065269
0.00728368
0.00313227
-0.00067438
-0.00364778
-0.00576882
-0.00718708
-0.00801053
-0.00849178
-0.00891703
-0.00904834
-0.00843061
-0.00686408
-0.00478010
-0.00292027
-0.00180191
-0.00135041
-0.00157466
-0.00269613
-0.00460219
-0.00710700
-0.00981361
-0.01261718
-0.01552776
-0.01851901
-0.02155175
-0.02405643
-0.02560444
-0.02616073
-0.02572486
-0.02432899
-0.02237241
-0.02027637
-0.01846341
-0.01725364
-0.01632649
-0.01538860
-0.01461603
-0.01426494
-0.01455551
-0.01546553
-0.01649378
-0.01699258
-0.01644563
-0.01498326
-0.01263085
-0.00941196
-0.00551257
-0.00147570
0.00203235
0.00471910
0.00617740
0.00612001
0.00488715
0.00295919
0.00053750
-0.00221986
-0.00503224
-0.00750518
-0.00920012
-0.01011467
-0.01062094
-0.01095998
-0.01120324
-0.01135657
-0.01145575
-0.01174494
-0.01254657
-0.01401256
-0.01573626
-0.01694187
-0.01742043
-0.01714579
-0.01578896
-0.01303286
-0.00919477
-0.00512602
-0.00153844
0.00093038
0.00197655
0.00182833
0.00077490
-0.00087614
-0.00262100
-0.00408792
-0.00496525
-0.00502547
-0.00429062
-0.00284415
-0.00112614
0.00025780
0.00090218
0.00106807
0.00148601
0.00257725
0.00434103
0.00664267
0.00893063
0.01035098
0.01032933
0.00888801
0.00668994
0.00428295
0.00189460
-0.00003666
-0.00085024
-0.00050781
0.00058635
0.00192494
0.00320073
0.00435523
0.00545938
0.00652101
0.00732048
0.00745299
0.00652251
0.00467481
0.00230535
-0.00025366
-0.00272326
-0.00489533
-0.00673934
-0.00812848
-0.00909472
-0.00966241
-0.00977337
-0.00938962
-0.00860246
-0.00745411
-0.00613630
-0.00463482
-0.00302233
-0.00157514
-0.00045053
0.00059158
0.00152308
0.00210598
0.00226936
0.00196041
0.00105952
-0.00023483
-0.00169621
-0.00294796
-0.00382628
-0.00438918
-0.00490242
-0.00537554
-0.00537926
-0.00469196
-0.00367838
-0.00272900
-0.00204257
-0.00149894
-0.00103407
-0.00074257
-0.00065092
-0.00051943
0.00024490
0.00178835
0.00371649
0.00588355
0.00853170
0.01161130
0.01466387
0.01720294
0.01916143
0.02047151
0.02115045
0.02158968
0.02196567
0.02201028
0.02169005
0.02130667
0.02099454
0.02026056
0.01835652
0.01527919
0.01177254
0.00836640
0.00522949
0.00241787
0.00004271
-0.00176779
-0.00289052
-0.00325524
-0.00270577
-0.00154474
-0.00027522
0.00111703
0.00268637
0.00407037
0.00503828
0.00560145
0.00588676
0.00619594
0.00640104
0.00602902
0.00492914
0.00340180
0.00180507
0.00013283
-0.00162852
-0.00335749
-0.00509393
-0.00652491
-0.00684572
-0.00595020
-0.00424644
-0.00209061
0.00009744
0.00218755
0.00431512
0.00616868
0.00718203
0.00691910
0.00545972
0.00351499
0.00161125
-0.00010343
-0.00140920
-0.00228787
-0.00310062
-0.00397463
-0.00465443
-0.00492233
-0.00467982
-0.00404629
-0.00326703
-0.00256223
-0.00212201
-0.00178790
-0.00114065
0.00004759
0.00176146
0.00361427
0.00524521
0.00654496
0.00750715
0.00821246
0.00867418
0.00909074
0.00965140
0.01039549
0.01139201
0.01264390
0.01407094
0.01571267
0.01756196
0.01937467
0.02088794
0.02173587
0.02175741
0.02135161
0.02104379
0.02105485
0.02128411
0.02180347
0.02275721
0.02373107
0.02456406
0.02550248
0.02652984
0.02764715
0.02871260
0.02922944
0.02878548
0.02751671
0.02592829
0.02460939
0.02397441
0.02380934
0.02356825
0.02297156
0.02177502
0.01993129
0.01774487
0.01540234
0.01308428
0.01108487
0.00935336
0.00757694
0.00574478
0.00402895
0.00237379
0.00056084
-0.00145183
-0.00358534
-0.00569729
-0.00774939
-0.00975450
-0.01191991
-0.01409076
-0.01560133
-0.01611678
-0.01579434
-0.01490152
-0.01354411
-0.01146994
-0.00855400
-0.00510583
-0.00169280
0.00110006
0.00304476
0.00401545
0.00390286
0.00270040
0.00078774
-0.00150519
-0.00407697
-0.00692999
-0.00991128
-0.01269920
-0.01471881
-0.01554037
-0.01539244
-0.01446477
-0.01294420
-0.01105941
-0.00918126
-0.00747411
-0.00575940
-0.00399155
-0.00218982
-0.00027364
0.00175179
0.00385397
0.00581571
0.00744868
0.00856181
0.00876093
0.00782718
0.00574329
0.00286131
0.00010683
-0.00182310
-0.00287484
-0.00340773
-0.00380509
-0.00388079
-0.00341351
-0.00259281
-0.00146674
0.00022619
0.00247992
0.00476530
0.00647597
0.00728225
0.00734020
0.00690029
0.00601723
0.00509837
0.00460540
0.00460282
0.00482499
0.00498479
0.00486594
0.00447630
0.00424971
0.00440051
0.00497891
0.00629890
0.00850099
0.01127887
0.01406080
0.01628339
0.01769808
0.01832383
0.01832186
0.01777616
0.01677070
0.01537369
0.01361809
0.01187268
0.01049402
0.00934153
0.00832483
0.00731121
0.00626751
0.00545359
0.00508388
0.00508444
0.00531277
0.00575234
0.00621599
0.00647891
0.00660797
0.00689284
0.00732861
0.00768505
0.00781338
0.00763602
0.00699677
0.00587694
0.00447291
0.00279607
0.00050821
-0.00237948
-0.00546148
-0.00838111
-0.01105713
-0.01351529
-0.01573828
-0.01782988
-0.01965148
-0.02091700
-0.02144415
-0.02091946
-0.01937215
-0.01688647
-0.01347741
-0.00962371
-0.00598913
-0.00322984
-0.00159635
-0.00071577
0.00017925
0.00123176
0.00208553
0.00257611
0.00282106
0.00276544
0.00236738
0.00156991
0.00052744
-0.00042249
-0.00116157
-0.00174045
-0.00232962
-0.00287687
-0.00322084
-0.00343694
-0.00380283
-0.00427985
-0.00439128
-0.00354411
-0.00184589
0.00016737
0.00216440
0.00403124
0.00577184
0.00719125
0.00831363
0.00927918
0.01000190
0.01036417
0.01042376
0.01036545
0.01046142
0.01104195
0.01207303
0.01303172
0.01358968
0.01393550
0.01423056
0.01446239
0.01459660
0.01475532
0.01504700
0.01528038
0.01537924
0.01521205
0.01474350
0.01392230
0.01275916
0.01150742
0.01062672
0.01033775
0.01045699
0.01064002
0.01067099
0.01055339
0.01041118
0.01034697
0.01036902
0.01031173
0.00983259
0.00865628
0.00678855
0.00460098
0.00232047
0.00017597
-0.00130547
-0.00185813
-0.00177283
-0.00167857
-0.00206745
-0.00265995
-0.00268851
-0.00188321
-0.00066904
0.00066959
0.00185846
0.00268169
0.00288469
0.00247777
0.00162834
0.00058285
-0.00023670
-0.00063084
-0.00082913
-0.00083587
-0.00049746
0.00055348
0.00246969
0.00481795
0.00713562
0.00909283
0.01052935
0.01135733
0.01156869
0.01114143
0.01016087
0.00893496
0.00783644
0.00670611
0.00523640
0.00330619
0.00113339
-0.00097811
-0.00259676
-0.00359995
-0.00410592
-0.00429098
-0.00434449
-0.00431931
-0.00404178
-0.00356892
-0.00318087
-0.00297354
-0.00270332
-0.00229540
-0.00185840
-0.00133709
-0.00073285
0.00002027
0.00097632
0.00199861
0.00315670
0.00440919
0.00578679
0.00702329
0.00772170
0.00783759
0.00759391
0.00705077
0.00621409
0.00538952
0.00493099
0.00488829
0.00504840
0.00525731
0.00554650
0.00573294
0.00588279
0.00610969
0.00626365
0.00596164
0.00506994
0.00390701
0.00255494
0.00095687
-0.00085617
-0.00254883
-0.00403773
-0.00518656
-0.00580216
-0.00592571
-0.00581853
-0.00574214
-0.00579215
-0.00590995
-0.00599969
-0.00602682
-0.00595567
-0.00562510
-0.00504635
-0.00432939
-0.00363255
-0.00293050
-0.00205325
-0.00120150
-0.00092389
-0.00136208
-0.00224143
-0.00308499
-0.00351109
-0.00346093
-0.00293340
-0.00198854
-0.00094007
0.00016060
0.00126195
0.00225077
0.00299483
0.00334649
0.00315121
0.00231108
0.00096598
-0.00073611
-0.00264658
-0.00461494
-0.00635838
-0.00745510
-0.00798839
-0.00832650
-0.00841146
-0.00795028
-0.00704845
-0.00586195
-0.00434716
-0.00250426
-0.00051565
0.00140836
0.00312866
0.00457597
0.00590291
0.00704427
0.00779640
0.00805159
0.00817028
0.00853239
0.00939625
0.01070245
0.01203571
0.01301145
0.01362129
0.01376821
0.01340217
0.01288400
0.01259873
0.01251395
0.01206381
0.01084565
0.00928904
0.00801287
0.00739038
0.00735640
0.00742450
0.00698058
0.00604654
0.00525537
0.00484341
0.00472123
0.00473203
0.00474671
0.00471240
0.00464704
0.00459726
0.00473966
0.00547594
0.00667098
0.00785943
0.00861335
0.00873509
0.00825541
0.00742938
0.00631486
0.00507563
0.00375478
0.00245587
0.00110861
-0.00024303
-0.00171492
-0.00336279
-0.00501489
-0.00643255
-0.00729584
-0.00732150
-0.00671164
-0.00581987
-0.00473789
-0.00327638
-0.00147415
0.00032361
0.00185927
0.00310617
0.00399893
0.00445039
0.00454770
0.00450299
0.00444992
0.00422038
0.00354530
0.00237972
0.00092342
-0.00054136
-0.00169610
-0.00245370
-0.00290579
-0.00276825
-0.00193860
-0.00099115
-0.00050320
-0.00054583
-0.00066409
-0.00039753
0.00014397
0.00059648
0.00091967
0.00132828
0.00174813
0.00199818
0.00205214
0.00200693
0.00196248
0.00182625
0.00131909
0.00042253
-0.00044144
-0.00097782
-0.00135062
-0.00157650
-0.00143540
-0.00103158
-0.00069148
-0.00059956
-0.00070671
-0.00103820
-0.00182617
-0.00282437
-0.00357224
-0.00397591
-0.00389094
-0.00323464
-0.00224554
-0.00095557
0.00066510
0.00253498
0.00419342
0.00539134
0.00629544
0.00697467
0.00736997
0.00750772
0.00752623
0.00750275
0.00721563
0.00644275
0.00547398
0.00479434
0.00439431
0.00407249
0.00385224
0.00398789
0.00449458
0.00517343
0.00563561
0.00552254
0.00483354
0.00377934
0.00295757
0.00287351
0.00329797
0.00351536
0.00313444
0.00246569
0.00199806
0.00191842
0.00194115
0.00167785
0.00105019
0.00021219
-0.00043312
-0.00049292
0.00009572
0.00114937
0.00247210
0.00363176
0.00442144
0.00481994
0.00493125
0.00492832
0.00494440
0.00501269
0.00508833
0.00500355
0.00446225
0.00337617
0.00206443
0.00110800
0.00080476
0.00104305
0.00156018
0.00180576
0.00147437
0.00065194
-0.00027343
-0.00106212
-0.00165154
-0.00219707
-0.00279299
-0.00356490
-0.00464576
-0.00599991
-0.00744841
-0.00877062
-0.00966267
-0.00998941
-0.00993372
-0.00980469
-0.00979445
-0.00985720
-0.00968228
-0.00911025
-0.00795124
-0.00610142
-0.00414648
-0.00272466
-0.00203877
-0.00197428
-0.00238029
-0.00299858
-0.00370186
-0.00459894
-0.00575942
-0.00706982
-0.00816850
-0.00893145
-0.00966515
-0.01048615
-0.01114437
-0.01143776
-0.01142454
-0.01135134
-0.01156900
-0.01215306
-0.01271490
-0.01275278
-0.01213974
-0.01099247
-0.00962227
-0.00845370
-0.00769764
-0.00739603
-0.00740122
-0.00763534
-0.00809434
-0.00854669
-0.00893300
-0.00953741
-0.01040573
-0.01115931
-0.01149354
-0.01144914
-0.01127876
-0.01118782
-0.01106067
-0.01052358
-0.00958002
-0.00873158
-0.00836594
-0.00844270
-0.00866097
-0.00876560
-0.00870183
-0.00856738
-0.00847824
-0.00847230
-0.00841304
-0.00818621
-0.00796388
-0.00771184
-0.00730081
-0.00666225
-0.00603065
-0.00568030
-0.00554507
-0.00540431
-0.00527917
-0.00504857
-0.00471892
-0.00437541
-0.00376453
-0.00246303
-0.00060079
0.00128898
0.00284505
0.00407680
0.00522260
0.00641953
0.00750433
0.00846456
0.00934546
0.00980959
0.00964975
0.00904039
0.00863260
0.00877891
0.00929777
0.00989670
0.01004245
0.00940328
0.00823931
0.00675645
0.00514429
0.00361653
0.00205937
0.00037126
-0.00127020
-0.00252256
-0.00334647
-0.00387826
-0.00417928
-0.00430687
-0.00434388
-0.00431477
-0.00404197
-0.00348827
-0.00273758
-0.00201678
-0.00155533
-0.00119499
-0.00068431
0.00028811
0.00156123
0.00252153
0.00283307
0.00266705
0.00241624
0.00234378
0.00245966
0.00262299
0.00270693
0.00268590
0.00261589
0.00256452
0.00256010
0.00258482
0.00259431
0.00259464
0.00276050
0.00297576
0.00273588
0.00195810
0.00097625
0.00018357
0.00000950
0.00045480
0.00088184
0.00093965
0.00089166
0.00112944
0.00176070
0.00264066
0.00370195
0.00491572
0.00623806
0.00761046
0.00895308
0.01005092
0.01062508
0.01051165
0.00991373
0.00932666
0.00890915
0.00854975
0.00826223
0.00808098
0.00782823
0.00733913
0.00663921
0.00586290
0.00532404
0.00518395
0.00529211
0.00524192
0.00461962
0.00353931
0.00260569
0.00208181
0.00173756
0.00131470
0.00084157
0.00067765
0.00070885
0.00054225
0.00017303
-0.00015382
-0.00027530
-0.00021212
0.00004197
0.00037766
0.00057150
0.00074187
0.00095192
0.00143977
0.00228416
0.00288711
0.00293950
0.00264340
0.00220212
0.00152277
0.00066614
-0.00000157
-0.00024797
-0.00016023
0.00013590
0.00029959
-0.00002700
-0.00058044
-0.00099318
-0.00091894
-0.00050182
-0.00011971
0.00016511
0.00068368
0.00150852
0.00225478
0.00259673
0.00255817
0.00238685
0.00230001
0.00235034
0.00245650
0.00240948
0.00187290
0.00086497
-0.00006620
-0.00059865
-0.00105031
-0.00175376
-0.00241445
-0.00261958
-0.00259712
-0.00265931
-0.00294877
-0.00350926
-0.00409532
-0.00441918
-0.00443141
-0.00428960
-0.00406782
-0.00356551
-0.00271709
-0.00177012
-0.00090264
-0.00009458
0.00089043
0.00187255
0.00259019
0.00300757
0.00300032
0.00269412
0.00240744
0.00233194
0.00243181
0.00255918
0.00260585
0.00256076
0.00237138
0.00182009
0.00089354
-0.00021014
-0.00144829
-0.00249704
-0.00301906
-0.00304211
-0.00285921
-0.00273853
-0.00266469
-0.00249392
-0.00243899
-0.00249094
-0.00244084
-0.00256697
-0.00314877
-0.00390310
-0.00427546
-0.00395045
-0.00323932
-0.00257603
-0.00193950
-0.00120238
-0.00053959
-0.00006349
0.00039389
0.00084327
0.00114402
0.00112157
0.00066835
-0.00005420
-0.00084312
-0.00142051
-0.00163553
-0.00169932
-0.00199828
-0.00251924
-0.00307388
-0.00372918
-0.00455900
-0.00539564
-0.00622648
-0.00713569
-0.00793173
-0.00843784
-0.00885050
-0.00920653
-0.00918914
-0.00871720
-0.00793368
-0.00712509
-0.00633673
-0.00539708
-0.00427465
-0.00330458
-0.00281779
-0.00279444
-0.00296387
-0.00308494
-0.00314620
-0.00346509
-0.00425488
-0.00517882
-0.00567307
-0.00539497
-0.00465321
-0.00398890
-0.00344193
-0.00275797
-0.00195687
-0.00104128
0.00006758
0.00129630
0.00227749
0.00272080
0.00277975
0.00296340
0.00336034
0.00364806
0.00397711
0.00427212
0.00432107
0.00409652
0.00365455
0.00341360
0.00366543
0.00437970
0.00524272
0.00603033
0.00657997
0.00679154
0.00675053
0.00657513
0.00619543
0.00563935
0.00488477
0.00383347
0.00252262
0.00117399
0.00011653
-0.00069863
-0.00154120
-0.00241209
-0.00324909
-0.00397346
-0.00464576
-0.00522006
-0.00555510
-0.00563398
-0.00557660
-0.00544609
-0.00509835
-0.00453038
-0.00374269
-0.00268085
-0.00145458
-0.00046935
-0.00003652
-0.00015129
-0.00076271
-0.00176024
-0.00291416
-0.00388255
-0.00459017
-0.00509864
-0.00539993
-0.00551816
-0.00553682
-0.00549362
-0.00517573
-0.00444395
-0.00375484
-0.00332995
-0.00284356
-0.00220040
-0.00165968
-0.00138020
-0.00112977
-0.00069661
-0.00005604
0.00041276
0.00039800
0.00007105
-0.00022093
-0.00034853
-0.00055133
-0.00094764
-0.00134577
-0.00155093
-0.00159568
-0.00180578
-0.00228534
-0.00272161
-0.00270508
-0.00244466
-0.00234768
-0.00228982
-0.00204015
-0.00169342
-0.00145564
-0.00140531
-0.00147128
-0.00153918
-0.00154741
-0.00150675
-0.00146162
-0.00144580
-0.00147133
-0.00151085
-0.00152440
-0.00154795
-0.00179051
-0.00234164
-0.00308320
-0.00383278
-0.00453470
-0.00531053
-0.00574467
-0.00538606
-0.00460548
-0.00404047
-0.00390624
-0.00367020
-0.00283816
-0.00145136
-0.00008494
0.00069984
0.00096959
0.00099696
0.00101122
0.00125502
0.00184154
0.00247611
0.00297981
0.00344046
0.00394470
0.00441403
0.00451743
0.00427048
0.00395794
0.00365163
0.00306817
0.00217239
0.00121415
0.00024078
-0.00070398
-0.00152957
-0.00239300
-0.00332669
-0.00420057
-0.00496087
-0.00546108
-0.00564007
-0.00560897
-0.00554036
-0.00554524
-0.00578436
-0.00649570
-0.00753677
-0.00836907
-0.00866477
-0.00866221
-0.00871929
-0.00861741
-0.00809660
-0.00740601
-0.00695656
-0.00688127
-0.00690562
-0.00662990
-0.00621787
-0.00617603
-0.00643934
-0.00658717
-0.00654112
-0.00624918
-0.00584653
-0.00556672
-0.00539541
-0.00519381
-0.00515840
-0.00536231
-0.00563397
-0.00588595
-0.00614446
-0.00629017
-0.00646035
-0.00671325
-0.00681688
-0.00638449
-0.00541437
-0.00444904
-0.00387983
-0.00354867
-0.00335579
-0.00350233
-0.00391098
-0.00433879
-0.00479920
-0.00525460
-0.00562308
-0.00604015
-0.00650551
-0.00684479
-0.00696330
-0.00692304
-0.00685000
-0.00675201
-0.00642910
-0.00592914
-0.00553177
-0.00539947
-0.00547014
-0.00558088
-0.00569226
-0.00593092
-0.00607643
-0.00595044
-0.00569097
-0.00551021
-0.00541614
-0.00521851
-0.00510578
-0.00524746
-0.00550552
-0.00561100
-0.00529600
-0.00472508
-0.00451153
-0.00483671
-0.00516465
-0.00527802
-0.00529695
-0.00504542
-0.00430327
-0.00330686
-0.00236847
-0.00170464
-0.00142622
-0.00139211
-0.00120206
-0.00072106
-0.00021526
0.00004714
-0.00000725
-0.00041711
-0.00100546
-0.00142944
-0.00152897
-0.00140875
-0.00122957
-0.00092307
-0.00049402
-0.00014593
-0.00005809
-0.00034304
-0.00067796
-0.00065925
-0.00033909
-0.00004442
-0.00014659
-0.00068958
-0.00128360
-0.00157377
-0.00155322
-0.00157665
-0.00173141
-0.00177750
-0.00184919
-0.00213368
-0.00230938
-0.00204108
-0.00133809
-0.00049158
0.00007415
0.00019804
0.00006001
-0.00006564
-0.00007631
-0.00019461
-0.00059033
-0.00105854
-0.00133467
-0.00134969
-0.00107187
-0.00051290
0.00003186
0.00043773
0.00082739
0.00101196
0.00075795
0.00029238
-0.00018860
-0.00085401
-0.00173623
-0.00250002
-0.00300421
-0.00342618
-0.00394440
-0.00461981
-0.00519760
-0.00531488
-0.00484035
-0.00403250
-0.00335968
-0.00331536
-0.00389749
-0.00478498
-0.00559189
-0.00621910
-0.00672628
-0.00726499
-0.00777413
-0.00809125
-0.00817668
-0.00812937
-0.00807574
-0.00807798
-0.00812281
-0.00816583
-0.00817399
-0.00804764
-0.00776343
-0.00766792
-0.00800158
-0.00872327
-0.00932707
-0.00938713
-0.00911819
-0.00871827
-0.00835369
-0.00809987
-0.00775628
-0.00730278
-0.00695180
-0.00682250
-0.00686525
-0.00693891
-0.00702278
-0.00733054
-0.00784019
-0.00818922
-0.00797557
-0.00735438
-0.00682620
-0.00667723
-0.00682753
-0.00702692
-0.00709825
-0.00703274
-0.00699022
-0.00721025
-0.00745727
-0.00745415
-0.00747622
-0.00771293
-0.00780218
-0.00751534
-0.00708327
-0.00682952
-0.00680219
-0.00661344
-0.00585326
-0.00457654
-0.00335769
-0.00273707
-0.00274451
-0.00297394
-0.00286730
-0.00231726
-0.00166375
-0.00105970
-0.00056173
-0.00027863
-0.00021870
-0.00029824
-0.00057403
-0.00108474
-0.00176440
-0.00249455
-0.00319797
-0.00383402
-0.00424159
-0.00435360
-0.00426098
-0.00396335
-0.00347876
-0.00303836
-0.00283760
-0.00286392
-0.00296783
-0.00301772
-0.00298298
-0.00291231
-0.00286520
-0.00285633
-0.00272427
-0.00230101
-0.00162689
-0.00067777
0.00053383
0.00174961
0.00270102
0.00338949
0.00379610
0.00395779
0.00412919
0.00457511
0.00512873
0.00550121
0.00572089
0.00617486
0.00701756
0.00788084
0.00846846
0.00890907
0.00929424
0.00956208
0.00955150
0.00901287
0.00789320
0.00632328
0.00456036
0.00309256
0.00214141
0.00169945
0.00167905
0.00205354
0.00256904
0.00279956
0.00245303
0.00176828
0.00123080
0.00108909
0.00131291
0.00184348
0.00243429
0.00277061
0.00279119
0.00266318
0.00257367
0.00258922
0.00265142
0.00268693
0.00267505
0.00263865
0.00260940
0.00260226
0.00261196
0.00262453
0.00263008
0.00262775
0.00262255
0.00261947
0.00261679
0.00259815
0.00256554
0.00255430
0.00257912
0.00261653
0.00263900
0.00263905
0.00262746
0.00261843
0.00261830
0.00264961
0.00287399
0.00334545
0.00381195
0.00403727
0.00398722
0.00364533
0.00308882
0.00263628
0.00267989
0.00324569
0.00388047
0.00415343
0.00384896
0.00314539
0.00254852
0.00236681
0.00249398
0.00245204
0.00181124
0.00076787
-0.00006615
-0.00033862
-0.00017454
0.00007626
0.00016547
0.00007325
-0.00009990
-0.00040071
-0.00088333
-0.00152515
-0.00225014
-0.00297660
-0.00365445
-0.00427551
-0.00469745
-0.00486830
-0.00501968
-0.00524008
-0.00545843
-0.00558388
-0.00560073
-0.00556130
-0.00552731
-0.00552443
-0.00553194
-0.00553434
-0.00554070
-0.00555147
-0.00555966
-0.00556141
-0.00555869
-0.00555571
-0.00555504
-0.00555634
-0.00555787
-0.00555830
-0.00555755
-0.00555635
-0.00554535
-0.00533210
-0.00463872
-0.00378667
-0.00345849
-0.00373129
-0.00418169
-0.00441705
-0.00435634
-0.00415537
-0.00386252
-0.00342077
-0.00299066
-0.00276061
-0.00276416
-0.00287471
-0.00294853
-0.00293326
-0.00286757
-0.00283331
-0.00300859
-0.00334072
-0.00341788
-0.00317565
-0.00287214
-0.00289572
-0.00357398
-0.00469985
-0.00562011
-0.00593432
-0.00577083
-0.00565466
-0.00599458
-0.00659734
-0.00704887
-0.00714838
-0.00685409
-0.00625210
-0.00568464
-0.00510856
-0.00407547
-0.00272102
-0.00167486
-0.00113728
-0.00064419
0.00010579
0.00085744
0.00129343
0.00136156
0.00124028
0.00113737
0.00113229
0.00117956
0.00121564
0.00120659
0.00102760
0.00071866
0.00064717
0.00086865
0.00115311
0.00129436
0.00129049
0.00142303
0.00188917
0.00260767
0.00319914
0.00344891
0.00357275
0.00371132
0.00388152
0.00424098
0.00501339
0.00602509
0.00695669
0.00764075
0.00797730
0.00802736
0.00800546
0.00820005
0.00849054
0.00855147
0.00837965
0.00821325
0.00835263
0.00860399
0.00861836
0.00840058
0.00816022
0.00799675
0.00772181
0.00727795
0.00683270
0.00635969
0.00586902
0.00551717
0.00544061
0.00572941
0.00608053
0.00627704
0.00623780
0.00613214
0.00606659
0.00621257
0.00656981
0.00691635
0.00714889
0.00745449
0.00779527
0.00779777
0.00742109
0.00700358
0.00683344
0.00690451
0.00697175
0.00677930
0.00659062
0.00667037
0.00692372
0.00705678
0.00682806
0.00649523
0.00618566
0.00598614
0.00616980
0.00667031
0.00711811
0.00726660
0.00704804
0.00659495
0.00628247
0.00621737
0.00647252
0.00688719
0.00718397
0.00735206
0.00753363
0.00755443
0.00747242
0.00753187
0.00756639
0.00742540
0.00719664
0.00692364
0.00660215
0.00639747
0.00607148
0.00540363
0.00467252
0.00422662
0.00400420
0.00368922
0.00327128
0.00293590
0.00266172
0.00240966
0.00226491
0.00205594
0.00176455
0.00152756
0.00143627
0.00143648
0.00125970
0.00080291
0.00049639
0.00068436
0.00115680
0.00151892
0.00156099
0.00119151
0.00057103
0.00027722
0.00058046
0.00114288
0.00152705
0.00160854
0.00171748
0.00211236
0.00281631
0.00359382
0.00414582
0.00451316
0.00468302
0.00481543
0.00506972
0.00535456
0.00545132
0.00511686
0.00443248
0.00359848
0.00284025
0.00211053
0.00125994
0.00039571
-0.00040348
-0.00103999
-0.00146911
-0.00190555
-0.00237972
-0.00271897
-0.00282519
-0.00277333
-0.00268209
-0.00251849
-0.00212240
-0.00162557
-0.00140678
-0.00162556
-0.00184472
-0.00175921
-0.00147337
-0.00122163
-0.00112397
-0.00115856
-0.00124028
-0.00144783
-0.00190503
-0.00240402
-0.00268293
-0.00269412
-0.00257783
-0.00246733
-0.00224433
-0.00178213
-0.00110346
-0.00036626
0.00013461
0.00029129
0.00041768
0.00080823
0.00129978
0.00160266
0.00163351
0.00148847
0.00115161
0.00059176
-0.00010492
-0.00057220
-0.00080330
-0.00124067
-0.00194926
-0.00257582
-0.00286429
-0.00285036
-0.00277262
-0.00294535
-0.00320388
-0.00322312
-0.00301534
-0.00278885
-0.00269850
-0.00268431
-0.00245187
-0.00200122
-0.00153611
-0.00103711
-0.00063061
-0.00068823
-0.00118735
-0.00179456
-0.00228461
-0.00248708
-0.00261316
-0.00283111
-0.00309338
-0.00328113
-0.00334196
-0.00332754
-0.00343849
-0.00388128
-0.00447143
-0.00487793
-0.00497309
-0.00486589
-0.00475954
-0.00476067
-0.00483846
-0.00461184
-0.00373088
-0.00266254
-0.00203060
-0.00192800
-0.00199634
-0.00188755
-0.00152960
-0.00105847
-0.00062617
-0.00030142
-0.00005940
0.00013875
0.00028566
0.00035073
0.00033867
0.00029972
0.00027963
0.00028864
0.00030958
0.00027619
-0.00002451
-0.00057065
-0.00109285
-0.00148343
-0.00135347
-0.00061241
0.00019871
0.00058584
0.00055981
0.00060934
0.00096851
0.00142381
0.00170272
0.00173951
0.00173174
0.00201676
0.00257150
0.00298483
0.00281962
0.00220081
0.00154302
0.00096697
0.00055606
0.00038567
0.00038527
0.00042080
0.00041043
0.00035463
0.00029725
0.00027308
0.00028390
0.00031618
0.00050325
0.00097782
0.00150860
0.00181586
0.00199787
0.00233211
0.00275990
0.00336087
0.00417137
0.00467570
0.00450646
0.00374395
0.00296200
0.00259691
0.00249102
0.00238060
0.00237324
0.00239726
0.00252437
0.00279126
0.00304807
0.00316794
0.00322419
0.00349513
0.00404520
0.00478751
0.00545251
0.00578422
0.00578388
0.00564839
0.00556835
0.00559904
0.00551425
0.00495592
0.00419004
0.00351520
0.00310512
0.00286903
0.00239859
0.00153370
0.00064457
0.00014715
0.00011220
0.00029850
0.00043893
0.00041397
0.00028832
0.00019075
0.00017691
0.00022656
0.00027946
0.00030849
0.00030327
0.00024779
-0.00013107
-0.00091127
-0.00130813
-0.00085517
-0.00000205
0.00058193
0.00064383
0.00039291
0.00030203
0.00054645
0.00088317
0.00124643
0.00153205
0.00165211
0.00163167
0.00156844
0.00153279
0.00138203
0.00097294
0.00050623
0.00021070
-0.00004067
-0.00041024
-0.00059708
-0.00037101
-0.00011312
-0.00006333
-0.00002410
0.00009963
0.00026944
0.00054835
0.00083521
0.00099922
0.00098744
0.00076726
0.00065993
0.00071806
0.00069224
0.00053061
0.00035249
0.00026369
0.00027319
0.00032279
0.00035416
0.00034851
0.00032259
0.00030180
0.00029849
0.00035117
0.00063975
0.00114182
0.00161960
0.00208314
0.00255634
0.00289832
0.00305540
0.00329245
0.00374254
0.00421084
0.00447611
0.00449829
0.00432328
0.00388903
0.00334549
0.00298400
0.00299006
0.00337787
0.00367364
0.00355498
0.00318981
0.00289933
0.00283985
0.00294710
0.00299205
0.00260130
0.00167743
0.00068217
0.00013284
0.00011861
0.00035688
0.00045103
0.00007151
-0.00061720
-0.00116039
-0.00131323
-0.00117069
-0.00090478
-0.00048162
0.00000061
0.00031671
0.00038485
0.00037415
0.00055732
0.00088317
0.00144074
0.00200429
0.00244592
0.00276711
0.00301746
0.00341925
0.00387601
0.00393108
0.00352726
0.00304122
0.00268822
0.00232504
0.00183722
0.00130301
0.00109592
0.00129102
0.00161517
0.00190696
0.00216416
0.00216327
0.00189932
0.00173124
0.00202633
0.00262533
0.00310149
0.00322970
0.00309783
0.00292885
0.00287311
0.00293463
0.00302903
0.00307956
0.00306882
0.00302823
0.00300222
0.00311869
0.00342579
0.00356958
0.00339498
0.00308977
0.00278078
0.00248022
0.00233096
0.00229713
0.00235005
0.00225505
0.00207845
0.00207210
0.00206423
0.00190920
0.00158693
0.00106975
0.00054990
0.00026194
0.00024652
0.00046583
0.00081432
0.00092479
0.00082259
0.00089417
0.00121380
0.00155566
0.00172239
0.00169283
0.00143633
0.00093506
0.00044508
0.00021005
0.00023805
0.00036650
0.00043914
0.00041097
0.00033289
0.00027528
0.00026905
0.00029832
0.00032915
0.00033984
0.00033108
0.00032464
0.00047991
0.00078468
0.00086447
0.00079999
0.00081765
0.00090689
0.00115988
0.00131776
0.00107728
0.00074525
0.00067285
0.00082070
0.00103568
0.00111278
0.00107004
0.00097366
0.00093856
0.00079066
0.00053562
0.00032675
0.00025661
0.00029512
0.00035496
0.00037479
0.00035854
0.00048493
0.00076849
0.00084631
0.00080104
0.00099342
0.00139038
0.00173335
0.00201765
0.00242634
0.00286229
0.00311988
0.00297746
0.00241543
0.00184507
0.00179519
0.00235275
0.00301121
0.00315479
0.00282877
0.00259776
0.00270162
0.00298664
0.00320729
0.00325230
0.00317225
0.00308014
0.00304885
0.00307794
0.00312411
0.00314885
0.00314351
0.00312359
0.00310853
0.00310677
0.00311424
0.00312216
0.00312490
0.00312263
0.00311888
0.00311684
0.00311721
0.00311882
0.00312003
0.00312017
0.00311765
0.00310020
0.00306389
0.00305526
0.00327317
0.00378053
0.00431906
0.00478801
0.00522982
0.00556040
0.00570635
0.00570685
0.00563856
0.00543410
0.00518900
0.00501232
0.00475709
0.00425167
0.00359517
0.00310436
0.00293530
0.00300108
0.00311278
0.00314364
0.00308712
0.00300881
0.00292219
0.00263312
0.00213057
0.00164499
0.00123040
0.00101917
0.00096717
0.00102076
0.00099815
0.00075466
0.00038803
-0.00011092
-0.00063360
-0.00073419
-0.00030343
0.00025532
0.00049923
0.00019966
-0.00027843
-0.00068539
-0.00117810
-0.00158650
-0.00185225
-0.00211335
-0.00235041
-0.00252924
-0.00280289
-0.00300825
-0.00291589
-0.00263763
-0.00241451
-0.00236587
-0.00244382
-0.00253333
-0.00256022
-0.00252638
-0.00243104
-0.00215337
-0.00183041
-0.00141518
-0.00119513
-0.00128185
-0.00137493
-0.00131811
-0.00112276
-0.00074949
-0.00048088
-0.00058570
-0.00092112
-0.00125123
-0.00157569
-0.00175570
-0.00180704
-0.00175240
-0.00177385
-0.00204397
-0.00241618
-0.00265860
-0.00269159
-0.00260080
-0.00251586
-0.00245779
-0.00220501
-0.00172043
-0.00122636
-0.00073168
-0.00023602
0.00011372
0.00023818
0.00020569
0.00014117
0.00011061
0.00011529
0.00013292
0.00014246
0.00013705
0.00012337
0.00011209
0.00010890
0.00011232
0.00011723
0.00011965
0.00012055
0.00019893
0.00063040
0.00151342
0.00244527
0.00296088
0.00298262
0.00277019
0.00262168
0.00259231
0.00248006
0.00242622
0.00256280
0.00276984
0.00289176
0.00288726
0.00281897
0.00276754
0.00276573
0.00272609
0.00242584
0.00199849
0.00193040
0.00231119
0.00286006
0.00345500
0.00403082
0.00462817
0.00517719
0.00550102
0.00556508
0.00543352
0.00497101
0.00410071
0.00318202
0.00266842
0.00257055
0.00242083
0.00199895
0.00151290
0.00115435
0.00079340
0.00039158
0.00009113
-0.00002113
-0.00006295
-0.00030472
-0.00054393
-0.00047531
-0.00018448
0.00007155
0.00020702
0.00039306
0.00049493
0.00037791
0.00033673
0.00041919
0.00066939
0.00123693
0.00178148
0.00210578
0.00231338
0.00245794
0.00254421
0.00257919
0.00257084
0.00253989
0.00251536
0.00251044
0.00251522
0.00245876
0.00214323
0.00156012
0.00080807
0.00010146
-0.00031655
-0.00040807
-0.00036863
-0.00057536
-0.00111124
-0.00161631
-0.00159430
-0.00105247
-0.00046852
-0.00020481
-0.00028332
-0.00045083
-0.00033200
-0.00007815
0.00000037
0.00009751
0.00040105
0.00076349
0.00098097
0.00096931
0.00060263
0.00004123
-0.00014533
0.00024215
0.00083246
0.00122817
0.00150546
0.00182741
0.00212837
0.00229895
0.00241855
0.00296189
0.00389796
0.00429800
0.00398942
0.00375634
0.00383946
0.00395471
0.00390811
0.00353246
0.00292545
0.00243476
0.00226819
0.00235741
0.00249707
0.00253022
0.00245957
0.00237482
0.00237154
0.00261434
0.00287748
0.00283662
0.00250612
0.00195445
0.00131626
0.00064848
0.00000085
-0.00065835
-0.00132538
-0.00202786
-0.00264173
-0.00280831
-0.00268795
-0.00259988
-0.00221103
-0.00138685
-0.00058505
-0.00022881
-0.00031909
-0.00056130
-0.00068779
-0.00063412
-0.00049883
-0.00040504
-0.00040132
-0.00045546
-0.00050787
-0.00052338
-0.00050597
-0.00048063
-0.00046790
-0.00047150
-0.00043620
-0.00019150
0.00004509
-0.00001914
-0.00029978
-0.00054568
-0.00056832
-0.00024238
0.00013883
0.00036037
0.00032985
0.00025871
0.00034831
0.00032845
0.00001121
-0.00040560
-0.00064618
-0.00065202
-0.00055227
-0.00048551
-0.00050037
-0.00056202
-0.00061613
-0.00064804
-0.00066568
-0.00063090
-0.00039880
-0.00017946
-0.00024505
-0.00051597
-0.00076954
-0.00087160
-0.00083457
-0.00075480
-0.00071499
-0.00073337
-0.00077775
-0.00080875
-0.00081405
-0.00081854
-0.00084015
-0.00091466
-0.00118563
-0.00142950
-0.00141287
-0.00137328
-0.00137072
-0.00125997
-0.00108425
-0.00096108
-0.00093837
-0.00097862
-0.00105440
-0.00128071
-0.00155269
-0.00177508
-0.00198049
-0.00193653
-0.00152118
-0.00101790
-0.00074212
-0.00075437
-0.00090066
-0.00100516
-0.00101049
-0.00095152
-0.00088266
-0.00087507
-0.00109043
-0.00138764
-0.00140568
-0.00117300
-0.00108358
-0.00124394
-0.00155544
-0.00216169
-0.00297744
-0.00361201
-0.00383012
-0.00372930
-0.00356464
-0.00351407
-0.00358914
-0.00367104
-0.00352077
-0.00318533
-0.00268642
-0.00193491
-0.00122949
-0.00088017
-0.00089587
-0.00107099
-0.00119901
-0.00117008
-0.00087697
-0.00052913
-0.00051294
-0.00080457
-0.00111777
-0.00124362
-0.00115492
-0.00082602
-0.00046544
-0.00029415
-0.00037707
-0.00072833
-0.00111485
-0.00128014
-0.00101833
-0.00040798
0.00012440
0.00017195
0.00002277
0.00008294
0.00005085
-0.00016161
-0.00026975
-0.00035248
-0.00061810
-0.00100011
-0.00147620
-0.00200417
-0.00220399
-0.00187242
-0.00133231
-0.00099516
-0.00098844
-0.00116288
-0.00130662
-0.00131914
-0.00123642
-0.00115014
-0.00112036
-0.00114525
-0.00117617
-0.00103123
-0.00074952
-0.00068927
-0.00090245
-0.00117120
-0.00130284
-0.00126439
-0.00100475
-0.00063997
-0.00058142
-0.00085983
-0.00119279
-0.00134526
-0.00129577
-0.00116256
-0.00093496
-0.00066528
-0.00066384
-0.00092033
-0.00105091
-0.00088631
-0.00064048
-0.00048340
-0.00064811
-0.00087122
-0.00086788
-0.00070986
-0.00038768
-0.00006151
0.00009238
-0.00007628
-0.00045496
-0.00073015
-0.00095272
-0.00116394
-0.00132566
-0.00141789
-0.00144728
-0.00155058
-0.00183580
-0.00198189
-0.00171577
-0.00114892
-0.00083571
-0.00088377
-0.00075952
-0.00020715
0.00038852
0.00071006
0.00055311
0.00021623
0.00025646
0.00071185
0.00120763
0.00154843
0.00177717
0.00173785
0.00145122
0.00114691
0.00101812
0.00108637
0.00122700
0.00130230
0.00125733
0.00105529
0.00061648
0.00009923
-0.00023104
-0.00036106
-0.00053739
-0.00071459
-0.00096888
-0.00139875
-0.00203348
-0.00266711
-0.00302841
-0.00306824
-0.00295492
-0.00296537
-0.00329859
-0.00359930
-0.00355671
-0.00329738
-0.00315504
-0.00337696
-0.00371259
-0.00402952
-0.00431933
-0.00444304
-0.00417128
-0.00366430
-0.00350150
-0.00389064
-0.00441981
-0.00452088
-0.00424778
-0.00388941
-0.00379055
-0.00405000
-0.00420326
-0.00399343
-0.00383658
-0.00405359
-0.00442400
-0.00442716
-0.00390054
-0.00302786
-0.00220072
-0.00174667
-0.00152804
-0.00148763
-0.00165275
-0.00188291
-0.00200796
-0.00199696
-0.00193511
-0.00190398
-0.00192201
-0.00192256
-0.00172658
-0.00146186
-0.00146881
-0.00173195
-0.00200463
-0.00211077
-0.00205626
-0.00195230
-0.00191110
-0.00215677
-0.00288535
-0.00367979
-0.00391493
-0.00340415
-0.00248196
-0.00176802
-0.00157576
-0.00161954
-0.00142966
-0.00099478
-0.00045461
-0.00001310
-0.00000944
-0.00035730
-0.00070026
-0.00096676
-0.00133158
-0.00172293
-0.00196855
-0.00201958
-0.00197758
-0.00223992
-0.00284899
-0.00321958
-0.00342760
-0.00380469
-0.00420762
-0.00431786
-0.00432206
-0.00431596
-0.00409073
-0.00358094
-0.00287809
-0.00238122
-0.00237080
-0.00249173
-0.00242028
-0.00218369
-0.00196429
-0.00186735
-0.00176352
-0.00151079
-0.00137817
-0.00152634
-0.00179460
-0.00189683
-0.00156480
-0.00086551
-0.00007831
0.00034509
0.00045743
0.00046543
0.00032883
0.00021118
0.00000078
-0.00049394
-0.00096803
-0.00122659
-0.00119011
-0.00112860
-0.00129453
-0.00159734
-0.00182647
-0.00188249
-0.00181583
-0.00173512
-0.00170991
-0.00173964
-0.00178356
-0.00180607
-0.00180003
-0.00178406
-0.00179130
-0.00182827
-0.00186893
-0.00184641
-0.00156386
-0.00103729
-0.00055011
-0.00018993
-0.00002545
-0.00014972
-0.00025799
-0.00024180
-0.00048252
-0.00095546
-0.00138615
-0.00173532
-0.00196329
-0.00205126
-0.00204867
-0.00204230
-0.00205431
-0.00190657
-0.00166047
-0.00165686
-0.00191057
-0.00219803
-0.00234803
-0.00234823
-0.00243326
-0.00268318
-0.00276309
-0.00272532
-0.00275807
-0.00284627
-0.00295239
-0.00283197
-0.00252437
-0.00225655
-0.00216777
-0.00222697
-0.00232626
-0.00239159
-0.00239724
-0.00225278
-0.00193610
-0.00180329
-0.00199274
-0.00240915
-0.00300129
-0.00343493
-0.00340537
-0.00324098
-0.00327938
-0.00351600
-0.00383395
-0.00420752
-0.00435566
-0.00407441
-0.00344166
-0.00294483
-0.00271140
-0.00257839
-0.00246927
-0.00247641
-0.00280934
-0.00334038
-0.00368260
-0.00356468
-0.00346694
-0.00369333
-0.00413661
-0.00439949
-0.00418314
-0.00349085
-0.00266826
-0.00215914
-0.00209554
-0.00223758
-0.00212128
-0.00160024
-0.00080794
-0.00005665
-0.00002931
-0.00090481
-0.00181840
-0.00214998
-0.00209711
-0.00200185
-0.00202729
-0.00217890
-0.00251223
-0.00281384
-0.00260510
-0.00205293
-0.00174731
-0.00172952
-0.00175501
-0.00158033
-0.00088692
0.00000133
0.00056804
0.00064688
0.00044513
0.00026141
0.00024489
0.00035575
0.00048107
0.00068735
0.00098370
0.00103158
0.00076388
0.00031035
-0.00038883
-0.00129957
-0.00195134
-0.00201026
-0.00185689
-0.00177010
-0.00170763
-0.00182131
-0.00211198
-0.00237617
-0.00235703
-0.00200888
-0.00166680
-0.00149152
-0.00157523
-0.00162577
-0.00142994
-0.00111733
-0.00082522
-0.00042842
0.00012115
0.00066956
0.00068675
0.00031120
0.00006005
0.00012293
0.00035603
0.00061298
0.00092138
0.00103134
0.00081667
0.00049039
0.00029989
0.00031040
0.00042310
0.00046315
0.00012184
-0.00076543
-0.00177446
-0.00214183
-0.00170735
-0.00106441
-0.00093571
-0.00129001
-0.00180127
-0.00219761
-0.00216848
-0.00192769
-0.00188328
-0.00208618
-0.00234122
-0.00247404
-0.00245727
-0.00237329
-0.00227812
-0.00203228
-0.00161608
-0.00141921
-0.00169611
-0.00216425
-0.00224998
-0.00160375
-0.00071656
-0.00035411
-0.00061461
-0.00110199
-0.00157768
-0.00200115
-0.00227579
-0.00235995
-0.00232586
-0.00228311
-0.00229105
-0.00233934
-0.00238579
-0.00240153
-0.00238822
-0.00236683
-0.00236614
-0.00238961
-0.00240334
-0.00239387
-0.00236642
-0.00220168
-0.00192283
-0.00173066
-0.00152371
-0.00143151
-0.00153818
-0.00154245
-0.00135933
-0.00129393
-0.00164031
-0.00218843
-0.00256740
-0.00263196
-0.00249876
-0.00235720
-0.00231234
-0.00237047
-0.00246284
-0.00251689
-0.00251179
-0.00247989
-0.00257025
-0.00285758
-0.00299941
-0.00283518
-0.00254555
-0.00236041
-0.00235343
-0.00244688
-0.00252677
-0.00253706
-0.00249499
-0.00244905
-0.00243215
-0.00244443
-0.00246599
-0.00247834
-0.00247659
-0.00246713
-0.00244150
-0.00217395
-0.00145902
-0.00080781
-0.00075788
-0.00126813
-0.00167830
-0.00161424
-0.00125005
-0.00093714
-0.00085650
-0.00084686
-0.00068919
-0.00049156
-0.00021821
0.00009859
0.00032237
0.00039231
0.00047474
0.00083117
0.00123961
0.00121796
0.00078019
0.00032061
0.00013283
0.00021892
0.00050516
0.00088379
0.00098094
0.00071613
0.00035997
0.00017463
0.00020793
0.00033866
0.00042367
0.00029554
-0.00018173
-0.00078536
-0.00127515
-0.00159890
-0.00169398
-0.00178936
-0.00201122
-0.00225882
-0.00239919
-0.00229773
-0.00185242
-0.00117676
-0.00041913
0.00016142
0.00039383
0.00035005
0.00023367
0.00019607
0.00025658
0.00035130
0.00052166
0.00080611
0.00090120
0.00081124
0.00080235
0.00076723
0.00072321
0.00082817
0.00097554
0.00121310
0.00151124
0.00172825
0.00179673
0.00186922
0.00198473
0.00180892
0.00153696
0.00158523
0.00213473
0.00285394
0.00329846
0.00333666
0.00314317
0.00296541
0.00294691
0.00305767
0.00318326
0.00334153
0.00358262
0.00363741
0.00340853
0.00309941
0.00292391
0.00281819
0.00262845
0.00256941
0.00262749
0.00258156
0.00258925
0.00275692
0.00297153
0.00309588
0.00309412
0.00291672
0.00258163
0.00245606
0.00267602
0.00302987
0.00325734
0.00327710
0.00328636
0.00358446
0.00420258
0.00500788
0.00567160
0.00595234
0.00588949
0.00559717
0.00522982
0.00516544
0.00533919
0.00517521
0.00451788
0.00397273
0.00381909
0.00372121
0.00347927
0.00319441
0.00301828
0.00298524
0.00292308
0.00279986
0.00296719
0.00324465
0.00332944
0.00320492
0.00303320
0.00295094
0.00297738
0.00304300
0.00296813
0.00266835
0.00238004
0.00200461
0.00148362
0.00131310
0.00171706
0.00213986
0.00216226
0.00199176
0.00211212
0.00255737
0.00300308
0.00319932
0.00314471
0.00288995
0.00251944
0.00229087
0.00212508
0.00192336
0.00162825
0.00114895
0.00074158
0.00069785
0.00076804
0.00070202
0.00062370
0.00072576
0.00078283
0.00064643
0.00042722
0.00028538
0.00027378
0.00033687
0.00039239
0.00039934
0.00036934
0.00033668
0.00032475
0.00033369
0.00034923
0.00036266
0.00047322
0.00073793
0.00085578
0.00079931
0.00080273
0.00086756
0.00097735
0.00102762
0.00115194
0.00138507
0.00148882
0.00119707
0.00067039
0.00027331
0.00018071
0.00030097
0.00043509
0.00034648
-0.00012606
-0.00062699
-0.00061382
-0.00012927
0.00045930
0.00093599
0.00099642
0.00064412
0.00033302
0.00053608
0.00107865
0.00129910
0.00098032
0.00046782
0.00015562
0.00015528
0.00032233
0.00045923
0.00047373
0.00039956
0.00032127
0.00029418
0.00031688
0.00035425
0.00037490
0.00037283
0.00042894
0.00067889
0.00092516
0.00107271
0.00097918
0.00066076
0.00035331
0.00023205
0.00028536
0.00038966
0.00043981
0.00041483
0.00035793
0.00031803
0.00023821
-0.00009726
-0.00054616
-0.00060156
-0.00018346
0.00032083
0.00061576
0.00080442
0.00083527
0.00064417
0.00039212
0.00030072
0.00055415
0.00086186
0.00089977
0.00086342
0.00085196
0.00096413
0.00121546
0.00129277
0.00119073
0.00101081
0.00101873
0.00150994
0.00208352
0.00222037
0.00190146
0.00132271
0.00095483
0.00108778
0.00145548
0.00149327
0.00104459
0.00047432
0.00015999
0.00017690
0.00039472
0.00075761
0.00097707
0.00082937
0.00048633
0.00023542
0.00020078
0.00030959
0.00042011
0.00044841
0.00040357
0.00034375
0.00031566
0.00036193
0.00060947
0.00091366
0.00111320
0.00128023
0.00125383
0.00091246
0.00050905
0.00045869
0.00073770
0.00105043
0.00113464
0.00084100
0.00040065
0.00012229
0.00010495
0.00023534
0.00034829
0.00036198
0.00033914
0.00051215
0.00078509
0.00081816
0.00059847
0.00034754
0.00023882
0.00028047
0.00037402
0.00042662
0.00041362
0.00036785
0.00033318
0.00032908
0.00034641
0.00033774
0.00013639
-0.00016608
-0.00037435
-0.00035583
-0.00006010
0.00029235
0.00047652
0.00045593
0.00034518
0.00027125
0.00028008
0.00033774
0.00038712
0.00039797
0.00037802
0.00035310
0.00034225
0.00032023
0.00012359
-0.00019372
-0.00063542
-0.00115679
-0.00139241
-0.00127368
-0.00102984
-0.00086494
-0.00065789
-0.00026121
0.00016323
0.00040435
0.00042487
0.00033860
0.00027505
0.00028521
0.00034057
0.00038787
0.00042978
0.00062543
0.00089793
0.00128080
0.00177394
0.00224546
0.00266698
0.00295132
0.00305596
0.00303983
0.00297393
0.00273746
0.00226741
0.00182957
0.00180838
0.00207049
0.00199645
0.00154985
0.00103093
0.00060079
0.00037163
0.00036766
0.00061889
0.00091865
0.00109991
0.00111281
0.00108136
0.00122016
0.00144623
0.00148955
0.00163692
0.00212443
0.00251292
0.00265183
0.00269736
0.00257309
0.00246078
0.00260032
0.00289709
0.00312692
0.00317989
0.00310585
0.00301860
0.00303458
0.00329815
0.00354461
0.00346725
0.00316306
0.00289981
0.00282652
0.00290778
0.00303284
0.00311079
0.00311344
0.00307259
0.00303677
0.00303140
0.00305010
0.00307160
0.00308056
0.00312227
0.00336535
0.00359656
0.00352838
0.00324742
0.00300365
0.00293688
0.00301089
0.00310805
0.00314454
0.00311499
0.00306410
0.00303490
0.00303901
0.00306052
0.00303160
0.00278197
0.00249079
0.00225148
0.00199680
0.00173572
0.00139019
0.00111868
0.00093786
0.00072266
0.00054774
0.00069079
0.00111678
0.00134653
0.00132505
0.00132823
0.00149423
0.00190228
0.00228109
0.00247608
0.00243921
0.00234465
0.00222581
0.00204900
0.00211256
0.00243089
0.00236087
0.00179632
0.00108452
0.00052682
0.00029579
0.00037884
0.00073485
0.00100562
0.00089286
0.00048553
-0.00012944
-0.00074238
-0.00108612
-0.00103773
-0.00062923
-0.00026761
-0.00005277
0.00011412
0.00024271
0.00023967
-0.00001615
-0.00020311
-0.00007159
0.00023593
0.00046441
0.00050166
0.00040999
0.00031389
0.00028827
0.00032656
0.00037860
0.00040350
0.00039485
0.00037181
0.00035425
0.00027629
0.00000313
-0.00025508
-0.00040835
-0.00045999
-0.00075900
-0.00116886
-0.00125461
-0.00078040
-0.00010836
0.00013711
0.00004281
-0.00008575
-0.00025540
-0.00034051
-0.00036832
-0.00023845
0.00006412
0.00034785
0.00046129
0.00034221
-0.00002668
-0.00025767
-0.00010565
0.00024254
0.00049346
0.00052573
0.00041571
0.00030583
0.00027872
0.00032405
0.00043794
0.00072897
0.00094134
0.00082750
0.00056658
0.00058056
0.00077174
0.00083943
0.00090646
0.00092879
0.00077664
0.00059480
0.00068424
0.00087689
0.00086058
0.00065549
0.00045098
0.00037398
0.00041546
0.00049039
0.00052759
0.00051307
0.00047602
0.00045063
0.00049283
0.00074214
0.00097314
0.00093855
0.00088697
0.00091881
0.00108707
0.00136597
0.00143559
0.00139992
0.00173772
0.00236618
0.00244188
0.00171477
0.00100451
0.00091464
0.00113226
0.00132459
0.00125222
0.00086809
0.00044184
0.00022737
0.00025520
0.00038618
0.00047258
0.00046275
0.00039692
0.00038723
0.00062810
0.00088846
0.00089479
0.00087480
0.00085877
0.00070983
0.00049210
0.00034730
0.00034017
0.00040707
0.00045034
0.00038933
0.00004449
-0.00052733
-0.00100116
-0.00121169
-0.00136452
-0.00148918
-0.00165085
-0.00189118
-0.00194503
-0.00188025
-0.00194787
-0.00214635
-0.00232887
-0.00239746
-0.00236549
-0.00230641
-0.00227919
-0.00238305
-0.00290154
-0.00337911
-0.00329284
-0.00302961
-0.00307412
-0.00338713
-0.00368100
-0.00373292
-0.00340943
-0.00310745
-0.00333126
-0.00362463
-0.00357381
-0.00325369
-0.00327708
-0.00394040
-0.00473239
-0.00495824
-0.00467539
-0.00420994
-0.00378178
-0.00356457
-0.00361667
-0.00401757
-0.00461781
-0.00506483
-0.00517965
-0.00506063
-0.00491797
-0.00488416
-0.00491070
-0.00472370
-0.00422269
-0.00347450
-0.00273001
-0.00236155
-0.00258196
-0.00300699
-0.00328365
-0.00322780
-0.00308973
-0.00325752
-0.00387806
-0.00461923
-0.00482155
-0.00437536
-0.00383110
-0.00378653
-0.00405155
-0.00417102
-0.00405536
-0.00392990
-0.00399758
-0.00396660
-0.00398335
-0.00406652
-0.00412415
-0.00434385
-0.00473917
-0.00508499
-0.00522059
-0.00517227
-0.00499845
-0.00467656
-0.00451632
-0.00462165
-0.00451587
-0.00382523
-0.00301395
-0.00297875
-0.00357623
-0.00400760
-0.00385660
-0.00366692
-0.00369784
-0.00376901
-0.00383103
-0.00409334
-0.00453693
-0.00483330
-0.00462843
-0.00405109
-0.00347232
-0.00295208
-0.00250401
-0.00222585
-0.00214238
-0.00217010
-0.00220235
-0.00218265
-0.00211040
-0.00203110
-0.00199075
-0.00199662
-0.00202320
-0.00204172
-0.00204107
-0.00202839
-0.00201663
-0.00200621
-0.00190565
-0.00151243
-0.00093583
-0.00050498
-0.00038536
-0.00048595
-0.00060834
-0.00062086
-0.00054550
-0.00039713
-0.00009748
0.00014090
0.00025731
0.00021032
0.00022804
0.00038607
0.00041367
0.00035017
0.00022358
0.00024341
0.00050235
0.00080733
0.00085162
0.00053365
0.00017195
-0.00002598
0.00001499
0.00002353
-0.00004680
-0.00002179
0.00004930
0.00013802
0.00015805
0.00026454
0.00050333
0.00073505
0.00083599
0.00069717
0.00034260
0.00018109
0.00037491
0.00070625
0.00090437
0.00088488
0.00076399
0.00068311
0.00068395
0.00072496
0.00077372
0.00091927
0.00121720
0.00145214
0.00154397
0.00135311
0.00098860
0.00071808
0.00077953
0.00116324
0.00139294
0.00123850
0.00089786
0.00065718
0.00062936
0.00073732
0.00084366
0.00087821
0.00086432
0.00085265
0.00100532
0.00147609
0.00192457
0.00187367
0.00139565
0.00092326
0.00075869
0.00102344
0.00164784
0.00209746
0.00191595
0.00148974
0.00147398
0.00189902
0.00237463
0.00258361
0.00237071
0.00192408
0.00176395
0.00199715
0.00235482
0.00245828
0.00205902
0.00141130
0.00095468
0.00087268
0.00104290
0.00123185
0.00128724
0.00122744
0.00114612
0.00110259
0.00110652
0.00125729
0.00168707
0.00221592
0.00255535
0.00250831
0.00201437
0.00139662
0.00116506
0.00160280
0.00235568
0.00276091
0.00254113
0.00219964
0.00217119
0.00242969
0.00262462
0.00260406
0.00272793
0.00292669
0.00298950
0.00301742
0.00319228
0.00339923
0.00368375
0.00390232
0.00384507
0.00366123
0.00337836
0.00307865
0.00290092
0.00276350
0.00253092
0.00232627
0.00211042
0.00211086
0.00274733
0.00362322
0.00382349
0.00306126
0.00198366
0.00144901
0.00171520
0.00216555
0.00226268
0.00200233
0.00167815
0.00163759
0.00197684
0.00224953
0.00217193
0.00189303
0.00167765
0.00164338
0.00173392
0.00183012
0.00186368
0.00194964
0.00218402
0.00226650
0.00208458
0.00182808
0.00180371
0.00211486
0.00245217
0.00262821
0.00246418
0.00218081
0.00213822
0.00217211
0.00208597
0.00191479
0.00177798
0.00173621
0.00176527
0.00180649
0.00182851
0.00183427
0.00182904
0.00183382
0.00185467
0.00187802
0.00189056
0.00189030
0.00188412
0.00187963
0.00187977
0.00188285
0.00188566
0.00188637
0.00188566
0.00189320
0.00192235
0.00196152
0.00198817
0.00199349
0.00198582
0.00198616
0.00200579
0.00202472
0.00215119
0.00257875
0.00313476
0.00337682
0.00302961
0.00238304
0.00192132
0.00184829
0.00202807
0.00221842
0.00228731
0.00224217
0.00216326
0.00212161
0.00213436
0.00217376
0.00220382
0.00220840
0.00219959
0.00230467
0.00259087
0.00272268
0.00255804
0.00228757
0.00212378
0.00212972
0.00222217
0.00230520
0.00233100
0.00229917
0.00223821
0.00208729
0.00169057
0.00118503
0.00084613
0.00077839
0.00087717
0.00097676
0.00098820
0.00092322
0.00073682
0.00041958
0.00030877
0.00051993
0.00083402
0.00100839
0.00087487
0.00047433
0.00026103
0.00033324
0.00037469
0.00044001
0.00062592
0.00082632
0.00083816
0.00053892
0.00021864
-0.00003851
-0.00016951
-0.00002293
0.00018025
0.00032812
0.00022624
-0.00013736
-0.00049951
-0.00057513
-0.00016496
0.00042748
0.00063018
0.00046234
0.00007893
-0.00031736
-0.00044407
-0.00014521
0.00016099
0.00018508
0.00015449
0.00006151
-0.00015302
-0.00036621
-0.00044438
-0.00039301
-0.00031984
-0.00028928
-0.00029997
-0.00031932
-0.00031353
-0.00029098
-0.00025972
-0.00015344
0.00014462
0.00034448
0.00032007
0.00030592
0.00036495
0.00050601
0.00059750
0.00075201
0.00089972
0.00085588
0.00083580
0.00110390
0.00173180
0.00229345
0.00226458
0.00185836
0.00153143
0.00120882
0.00103104
0.00111882
0.00133690
0.00149164
0.00161623
0.00181896
0.00175088
0.00126468
0.00087183
0.00078807
0.00068493
0.00040991
0.00010524
-0.00006606
-0.00007743
-0.00002027
-0.00000044
-0.00004325
-0.00010682
-0.00014973
-0.00027490
-0.00067946
-0.00122718
-0.00159819
-0.00167131
-0.00157224
-0.00136480
-0.00095765
-0.00049929
-0.00034898
-0.00073172
-0.00126469
-0.00142714
-0.00135835
-0.00136072
-0.00149244
-0.00153978
-0.00134440
-0.00122197
-0.00135635
-0.00150658
-0.00141397
-0.00130948
-0.00127813
-0.00118746
-0.00121448
-0.00142482
-0.00155491
-0.00129631
-0.00088538
-0.00074705
-0.00086547
-0.00108176
-0.00106909
-0.00077895
-0.00044990
-0.00029653
-0.00046317
-0.00086265
-0.00103314
-0.00082677
-0.00048298
-0.00027415
-0.00027836
-0.00039678
-0.00049332
-0.00050424
-0.00045301
-0.00039845
-0.00037930
-0.00039482
-0.00042073
-0.00043517
-0.00043276
-0.00042187
-0.00041334
-0.00041214
-0.00041620
-0.00042067
-0.00042232
-0.00042117
-0.00041912
-0.00041797
-0.00041817
-0.00041908
-0.00041980
-0.00041995
-0.00041967
-0.00041935
-0.00041924
-0.00041980
-0.00043041
-0.00045333
-0.00046984
-0.00047552
-0.00046222
-0.00043700
-0.00042582
-0.00045039
-0.00049507
-0.00052825
-0.00053046
-0.00039931
-0.00009484
0.00004482
-0.00011093
-0.00037489
-0.00053331
-0.00052191
-0.00030869
0.00005656
0.00018157
-0.00006928
-0.00043745
-0.00062923
-0.00059057
-0.00045953
-0.00037431
-0.00039327
-0.00047696
-0.00054923
-0.00056810
-0.00054370
-0.00051139
-0.00049750
-0.00050486
-0.00052026
-0.00053002
-0.00052969
-0.00052351
-0.00051807
-0.00051685
-0.00051904
-0.00052182
-0.00052307
-0.00052256
-0.00052137
-0.00052062
-0.00052067
-0.00052120
-0.00052168
-0.00052184
-0.00052137
-0.00051260
-0.00049134
-0.00047338
-0.00045660
-0.00043927
-0.00043481
-0.00045074
-0.00046091
-0.00045037
-0.00042978
-0.00041542
-0.00041363
-0.00041978
-0.00042582
-0.00042723
-0.00042468
-0.00042146
-0.00042005
-0.00042077
-0.00042230
-0.00042332
-0.00042336
-0.00042282
-0.00042233
-0.00042224
-0.00041797
-0.00030684
-0.00003953
0.00017828
0.00029806
0.00028040
0.00034429
0.00046353
0.00030378
-0.00012291
-0.00051414
-0.00066221
-0.00059540
-0.00047155
-0.00041686
-0.00045218
-0.00053067
-0.00060439
-0.00064160
-0.00063936
-0.00061924
-0.00060534
-0.00060710
-0.00061862
-0.00062927
-0.00064103
-0.00066730
-0.00070131
-0.00072499
-0.00073074
-0.00072494
-0.00071850
-0.00071762
-0.00072151
-0.00072594
-0.00072777
-0.00072715
-0.00073413
-0.00076239
-0.00079249
-0.00078961
-0.00075636
-0.00072250
-0.00070936
-0.00071609
-0.00072867
-0.00073501
-0.00073256
-0.00072622
-0.00072184
-0.00072133
-0.00071494
-0.00068763
-0.00064951
-0.00062274
-0.00061673
-0.00062424
-0.00063246
-0.00063404
-0.00062979
-0.00062468
-0.00062254
-0.00062371
-0.00062613
-0.00062771
-0.00062773
-0.00062684
-0.00062605
-0.00062591
-0.00062631
-0.00062679
-0.00062704
-0.00062703
-0.00062690
-0.00062699
-0.00063382
-0.00066165
-0.00070128
-0.00072983
-0.00073683
-0.00072951
-0.00072767
-0.00075359
-0.00079765
-0.00083728
-0.00087246
-0.00090332
-0.00092798
-0.00095909
-0.00099618
-0.00102944
-0.00106485
-0.00110074
-0.00113032
-0.00116310
-0.00119878
-0.00122989
-0.00126971
-0.00133141
-0.00139566
-0.00143919
-0.00147016
-0.00149763
-0.00151813
-0.00153341
-0.00156028
-0.00159791
-0.00163312
-0.00166913
-0.00170224
-0.00165113
-0.00132492
-0.00089040
-0.00085350
-0.00121632
-0.00147139
-0.00149319
-0.00133716
-0.00131483
-0.00157437
-0.00192196
-0.00212845
-0.00214136
-0.00207041
-0.00202641
-0.00203238
-0.00207501
-0.00212469
-0.00215186
-0.00214986
-0.00213331
-0.00212057
-0.00211979
-0.00212735
-0.00213515
-0.00214341
-0.00216693
-0.00220264
-0.00223071
-0.00223438
-0.00220362
-0.00215669
-0.00212429
-0.00211891
-0.00213222
-0.00222284
-0.00258450
-0.00312605
-0.00346257
-0.00330108
-0.00294245
-0.00266819
-0.00274640
-0.00309017
-0.00323267
-0.00314584
-0.00286175
-0.00248058
-0.00228428
-0.00250084
-0.00284337
-0.00308302
-0.00299469
-0.00260587
-0.00222136
-0.00206835
-0.00213745
-0.00227971
-0.00237483
-0.00238667
-0.00234573
-0.00230473
-0.00229516
-0.00231385
-0.00233858
-0.00235095
-0.00234781
-0.00233761
-0.00233023
-0.00232965
-0.00233364
-0.00233769
-0.00233904
-0.00233790
-0.00233622
-0.00234085
-0.00236134
-0.00238132
-0.00239303
-0.00239101
-0.00238627
-0.00238170
-0.00238913
-0.00241143
-0.00242870
-0.00241901
-0.00239764
-0.00237442
-0.00235823
-0.00237051
-0.00240137
-0.00240890
-0.00238138
-0.00234427
-0.00232397
-0.00233137
-0.00236936
-0.00241747
-0.00244203
-0.00241956
-0.00236685
-0.00225464
-0.00198474
-0.00182210
-0.00195691
-0.00223786
-0.00243227
-0.00237996
-0.00195808
-0.00136616
-0.00103191
-0.00128978
-0.00193778
-0.00242366
-0.00231551
-0.00188378
-0.00147003
-0.00117659
-0.00104934
-0.00110127
-0.00140213
-0.00170236
-0.00190295
-0.00210745
-0.00229880
-0.00241414
-0.00239620
-0.00208014
-0.00152879
-0.00106760
-0.00095089
-0.00128368
-0.00165569
-0.00159077
-0.00095695
-0.00009130
0.00049105
0.00054579
0.00004892
-0.00064604
-0.00091440
-0.00070667
-0.00032494
-0.00010544
-0.00016790
-0.00054369
-0.00096881
-0.00121760
-0.00137027
-0.00135388
-0.00140603
-0.00172765
-0.00198791
-0.00202103
-0.00206614
-0.00218898
-0.00212311
-0.00171113
-0.00120978
-0.00095170
-0.00118129
-0.00180596
-0.00236295
-0.00236773
-0.00180782
-0.00132284
-0.00126315
-0.00135615
-0.00149626
-0.00162065
-0.00135351
-0.00060013
0.00018622
0.00057347
0.00052642
0.00030379
0.00016679
0.00019872
0.00032174
0.00041899
0.00043441
0.00038941
0.00033846
0.00031870
0.00033127
0.00035465
0.00037647
0.00053816
0.00083162
0.00088903
0.00065497
0.00037206
0.00039576
0.00076439
0.00109320
0.00122430
0.00113964
0.00114028
0.00124605
0.00123792
0.00115394
0.00092831
0.00072296
0.00077047
0.00082649
0.00069855
0.00047223
0.00030902
0.00019790
0.00025670
0.00031992
0.00033959
0.00032009
0.00029301
0.00028352
0.00029495
0.00031493
0.00033002
0.00033542
0.00033488
0.00033472
0.00034015
0.00042451
0.00071256
0.00090982
0.00086366
0.00085096
0.00082749
0.00067244
0.00047068
0.00035160
0.00041848
0.00073595
0.00103018
0.00125196
0.00140722
0.00125329
0.00081754
0.00041767
0.00027430
0.00035751
0.00049829
0.00056181
0.00052738
0.00050171
0.00070949
0.00099760
0.00126167
0.00149639
0.00147436
0.00130013
0.00116387
0.00147203
0.00225708
0.00283983
0.00298907
0.00298274
0.00297706
0.00283574
0.00271382
0.00279710
0.00282463
0.00277600
0.00279379
0.00251913
0.00192505
0.00153369
0.00156588
0.00183012
0.00204001
0.00209216
0.00219306
0.00235137
0.00231720
0.00210013
0.00188918
0.00184019
0.00211719
0.00266274
0.00298600
0.00294009
0.00284726
0.00271364
0.00242999
0.00228825
0.00256390
0.00305013
0.00338059
0.00326793
0.00283487
0.00262841
0.00265964
0.00255333
0.00240231
0.00239646
0.00232564
0.00211704
0.00174464
0.00118638
0.00067830
0.00043953
0.00046246
0.00058206
0.00064710
0.00061698
0.00054233
0.00048991
0.00048722
0.00051739
0.00054770
0.00055817
0.00055028
0.00053751
0.00053131
0.00053462
0.00055272
0.00057933
0.00059628
0.00060016
0.00059266
0.00058824
0.00058061
0.00057459
0.00058971
0.00062124
0.00064767
0.00065625
0.00065067
0.00064245
0.00063978
0.00064326
0.00064831
0.00064342
0.00062380
0.00061360
0.00062444
0.00064432
0.00065747
0.00065853
0.00065254
0.00064723
0.00064655
0.00064946
0.00065271
0.00065403
0.00065335
0.00065197
0.00065116
0.00065126
0.00064738
0.00053699
0.00026856
0.00015223
0.00031928
0.00059173
0.00075787
0.00075702
0.00066703
0.00059420
0.00058753
0.00062820
0.00067535
0.00071268
0.00073538
0.00074196
0.00073696
0.00066734
0.00043194
0.00027785
0.00038911
0.00057521
0.00052626
0.00041615
0.00048248
0.00068091
0.00084954
0.00083736
0.00056812
0.00037368
0.00042331
0.00046422
0.00051434
0.00066607
0.00084385
0.00094396
0.00094981
0.00092580
0.00092625
0.00095463
0.00098630
0.00100078
0.00100050
0.00100909
0.00103257
0.00105417
0.00099480
0.00068023
0.00026535
0.00020911
0.00057832
0.00102448
0.00124146
0.00120620
0.00107833
0.00100500
0.00102656
0.00109541
0.00114658
0.00115102
0.00112229
0.00109087
0.00107952
0.00106166
0.00088970
0.00072234
0.00078760
0.00101480
0.00120861
0.00127396
0.00124218
0.00119207
0.00114988
0.00095161
0.00061652
0.00051861
0.00080251
0.00122152
0.00145777
0.00129231
0.00097120
0.00075323
0.00077215
0.00105055
0.00124231
0.00123170
0.00125309
0.00139505
0.00157678
0.00170999
0.00176552
0.00177348
0.00178800
0.00182802
0.00187022
0.00189018
0.00189423
0.00190154
0.00192283
0.00195357
0.00197615
0.00199074
0.00199428
0.00186871
0.00169741
0.00170993
0.00176267
0.00175626
0.00180356
0.00177677
0.00153525
0.00120206
0.00085928
0.00063483
0.00071221
0.00098048
0.00120488
0.00126910
0.00120717
0.00112631
0.00120893
0.00155889
0.00197263
0.00209583
0.00176042
0.00125010
0.00092755
0.00090435
0.00104659
0.00115874
0.00104137
0.00073743
0.00060033
0.00061759
0.00061921
0.00058052
0.00039297
0.00012019
-0.00008969
-0.00015921
-0.00012344
-0.00006780
-0.00005103
-0.00007663
-0.00011415
-0.00013521
-0.00013326
-0.00011999
-0.00011017
-0.00011035
-0.00011424
-0.00003767
0.00016201
0.00024868
0.00012126
-0.00008292
-0.00012739
0.00007500
0.00030882
0.00043468
0.00031845
0.00003605
-0.00019989
-0.00026864
-0.00020620
-0.00011832
-0.00000430
0.00024213
0.00047174
0.00040605
0.00016584
0.00005763
0.00003440
-0.00002036
-0.00010254
-0.00015530
-0.00015898
-0.00013426
-0.00003986
0.00014725
0.00021420
0.00008235
-0.00011457
-0.00022904
-0.00022484
-0.00016154
-0.00011416
-0.00011451
-0.00014682
-0.00017831
-0.00018927
-0.00018169
-0.00016713
-0.00019530
-0.00039824
-0.00072500
-0.00093319
-0.00083605
-0.00066138
-0.00065979
-0.00081275
-0.00092492
-0.00081535
-0.00066581
-0.00063329
-0.00060762
-0.00062894
-0.00070380
-0.00067783
-0.00063836
-0.00066084
-0.00062627
-0.00061093
-0.00065941
-0.00059057
-0.00040588
-0.00033356
-0.00033421
-0.00028107
-0.00017933
-0.00009556
-0.00006797
-0.00008474
-0.00011123
-0.00012278
-0.00011703
-0.00010573
-0.00010032
-0.00010381
-0.00011188
-0.00011877
-0.00012179
-0.00012199
-0.00012190
-0.00012326
-0.00012610
-0.00012941
-0.00013227
-0.00013442
-0.00013619
-0.00013803
-0.00014016
-0.00014250
-0.00014486
-0.00014710
-0.00014920
-0.00015126
-0.00015335
-0.00015548
-0.00015762
-0.00015975
-0.00016185
-0.00016392
-0.00016598
-0.00016803
-0.00017008
-0.00017213
-0.00017416
-0.00017618
-0.00017818
-0.00018018
-0.00018217
-0.00018416
-0.00018614
-0.00018812
-0.00019010
-0.00019207
-0.00019403
-0.00019599
-0.00019794
-0.00019989
-0.00020183
-0.00020377
-0.00020570
-0.00020762
-0.00020954
-0.00021145
-0.00021335
-0.00021524
-0.00021712
-0.00021900
-0.00022087
-0.00022273
-0.00022458
-0.00022642
-0.00022825
-0.00023007
-0.00023188
-0.00023368
-0.00023547
-0.00023725
-0.00023902
-0.00024077
-0.00024252
-0.00024425
-0.00024597
-0.00024767
-0.00024936
-0.00025104
-0.00025271
-0.00025436
-0.00025600
-0.00025763
-0.00025924
-0.00026083
-0.00026241
-0.00026398
-0.00026554
-0.00026708
-0.00027157
-0.00033541
-0.00050449
-0.00063735
-0.00063114
-0.00054694
-0.00041500
-0.00035333
-0.00046289
-0.00065519
-0.00078541
-0.00079751
-0.00073607
-0.00067591
-0.00066038
-0.00072894
-0.00089248
-0.00100963
-0.00094296
-0.00076191
-0.00066367
-0.00076212
-0.00095419
-0.00108350
-0.00108859
-0.00101941
-0.00095347
-0.00093006
-0.00093503
-0.00089512
-0.00076166
-0.00064618
-0.00067248
-0.00075329
-0.00073388
-0.00065016
-0.00063942
-0.00072062
-0.00081327
-0.00084974
-0.00082328
-0.00076839
-0.00072642
-0.00071464
-0.00071991
-0.00072345
-0.00068958
-0.00060645
-0.00055691
-0.00057639
-0.00060238
-0.00057102
-0.00051539
-0.00044273
-0.00038016
-0.00039911
-0.00047551
-0.00050402
-0.00047570
-0.00040212
-0.00031236
-0.00026621
-0.00031782
-0.00041598
-0.00044954
-0.00042902
-0.00041449
-0.00042286
-0.00042587
-0.00038407
-0.00033304
-0.00028444
-0.00022056
-0.00013146
-0.00007240
-0.00007826
-0.00008485
-0.00004308
0.00001535
0.00002314
-0.00000269
-0.00000675
0.00001892
0.00004976
0.00006460
0.00006160
0.00005295
0.00004782
0.00004890
0.00005423
0.00005885
0.00005959
0.00005692
0.00005337
0.00005095
0.00005002
0.00004995
0.00005118
0.00005375
0.00005572
0.00005561
0.00005370
0.00005128
0.00004938
0.00004816
0.00004935
0.00006704
0.00009488
0.00011103
0.00011295
0.00009064
0.00005737
0.00003465
0.00003089
0.00005034
0.00007962
0.00008312
0.00005878
0.00003017
0.00001695
0.00003214
0.00007442
0.00011442
0.00012876
0.00011883
0.00010169
0.00009142
0.00008287
0.00006734
0.00005955
0.00005948
0.00005422
0.00005206
0.00005808
0.00006579
0.00006820
0.00006432
0.00005768
0.00005206
0.00004877
0.00004685
0.00004468
0.00003831
0.00002283
0.00001172
0.00001432
0.00002086
0.00001330
-0.00000820
-0.00002845
-0.00003424
-0.00002234
-0.00000827
0.00000091
0.00000354
-0.00000620
-0.00002383
-0.00003755
-0.00004135
-0.00003802
-0.00003382
-0.00003274
-0.00003470
-0.00003739
-0.00003884
-0.00003871
-0.00003785
-0.00003724
-0.00003728
-0.00003774
-0.00003819
-0.00003837
-0.00003831
-0.00003818
-0.00003810
-0.00003812
-0.00003822
-0.00003854
-0.00003879
-0.00003864
-0.00003843
-0.00003852
-0.00003880
-0.00003894
-0.00003881
-0.00003881
-0.00004085
-0.00004349
-0.00004327
-0.00004244
-0.00004421
-0.00004713
-0.00004738
-0.00004665
-0.00004749
-0.00004784
-0.00004791
-0.00004959
-0.00005182
-0.00005258
-0.00005132
-0.00004895
-0.00004667
-0.00004503
-0.00004386
-0.00004272
-0.00004135
-0.00003977
-0.00003809
-0.00003570
-0.00003279
-0.00003131
-0.00003136
-0.00003116
-0.00002940
-0.00002705
-0.00002454
-0.00002270
-0.00002217
-0.00002211
-0.00002223
-0.00002182
-0.00001997
-0.00001738
-0.00001565
-0.00001570
-0.00001664
-0.00001708
-0.00001641
-0.00001495
-0.00001345
-0.00001237
-0.00001164
-0.00001097
-0.00001018
-0.00000915
-0.00000776
-0.00000658
-0.00000600
-0.00000570
-0.00000525
-0.00000449
-0.00000345
-0.00000221
-0.00000125
-0.00000076
-0.00000046
-0.00000001
0.00000072
0.00000160
0.00000248
0.00000345
0.00000436
0.00000496
0.00000528
0.00000561
0.00000613
0.00000685
0.00000771
0.00000846
0.00000900
0.00000943
0.00000995
0.00001063
0.00001133
0.00001194
0.00001252
0.00001308
0.00001359
0.00001409
0.00001463
0.00001521
0.00001579
0.00001636
0.00001691
0.00001746
0.00001800
0.00001854
0.00001909
0.00001963
0.00002017
0.00002070
0.00002123
0.00002176
0.00002229
0.00002281
0.00002333
0.00002385
0.00002437
0.00002488
0.00002539
0.00002590
0.00002642
0.00002693
0.00002744
0.00002794
0.00002844
0.00002893
0.00002943
0.00002993
0.00003043
0.00003092
0.00003142
0.00003191
0.00003240
0.00003289
0.00003338
0.00003387
0.00003436
0.00003484
0.00003533
0.00003581
0.00003629
0.00003677
0.00003725
0.00003773
0.00003821
0.00003868
0.00003916
0.00003963
0.00004010
0.00004058
0.00004105
0.00004152
0.00004198
0.00004245
0.00004292
0.00004338
0.00004385
0.00004431
0.00004477
0.00004523
0.00004568
0.00004614
0.00004660
0.00004705
0.00004750
0.00004795
0.00004840
0.00004885
0.00004930
0.00004974
0.00005019
0.00005063
0.00005107
0.00005151
0.00005194
0.00005238
0.00005281
