-0.01544539
-0.01447984
-0.01233415
-0.00450909
0.00128209
0.00432029
0.00636399
0.00566798
0.00239341
-0.00021000
0.00030882
0.00031457
-0.00120253
-0.00336937
-0.00218040
-0.00032640
0.00223549
0.00364479
0.00608530
0.00862884
0.00780943
0.00087514
-0.00341328
-0.00249153
-0.00223788
-0.00107541
0.00110400
0.00070587
-0.00118247
-0.00058609
0.00141381
0.00391964
0.00505153
0.00407610
0.00058943
-0.00050942
0.00182608
0.00107098
-0.00058070
0.00179764
0.00180346
-0.00063871
-0.00012900
0.00134971
-0.00049371
-0.00232388
-0.00292494
-0.00184300
-0.00048974
0.00117666
0.00252585
0.00252252
0.00194799
0.00084510
-0.00144200
-0.00428501
-0.00500743
-0.00491079
-0.00452650
-0.00320484
-0.00059797
0.00159579
0.00246255
0.00130562
0.00067093
0.00077473
-0.00064841
-0.00187673
-0.00071315
0.00226093
0.00696290
0.01142007
0.01148818
0.00600137
-0.00156318
-0.00567196
-0.00597615
-0.00557245
-0.00372851
-0.00172238
-0.00060468
0.00040389
0.00166235
0.00364809
0.00241878
-0.00291909
-0.00578345
-0.00342848
-0.00185584
-0.00241806
-0.00412064
-0.00458187
-0.00192089
0.00237516
0.00450371
0.00450250
0.00426771
0.00150332
-0.00140488
-0.00149891
-0.00050051
-0.00105965
-0.00224915
-0.00259612
-0.00574300
-0.00908469
-0.00540471
-0.00414314
-0.00194418
0.00049957
0.00191516
0.00402436
0.00424961
0.00570295
0.00707673
0.00822918
0.00580856
0.00085426
-0.00350945
-0.00434702
-0.00409013
-0.00162290
-0.00102737
-0.00283496
-0.00481696
-0.00432955
0.00186273
0.00678409
0.00683699
0.00335967
-0.00088673
-0.00425898
-0.00531686
-0.00448467
0.00049484
0.00383317
0.00611376
0.00590963
0.00583301
0.00605014
0.00563182
0.00556335
0.00351813
0.00192273
0.00088834
0.00032518
-0.00253706
-0.00605923
-0.00832477
-0.00893178
-0.01136561
-0.00979288
-0.00650961
-0.00490016
-0.00120684
0.00247729
0.00442233
0.00245975
0.00036558
0.00014006
-0.00088616
-0.00096581
-0.00158505
-0.00044683
0.00212858
0.00437044
0.00496705
0.00565852
0.00483835
0.00249124
0.00258091
0.00284807
-0.00048640
-0.00495103
-0.00643827
-0.01001550
-0.01148438
-0.01225558
-0.00903959
-0.00444049
-0.00264231
-0.00099713
0.00079290
0.00343360
0.00330705
0.00406178
0.00556212
0.00796008
0.00882089
0.00815578
0.00860757
0.00982130
0.00890833
0.00537091
-0.00049721
-0.00486594
-0.00448656
-0.00203046
0.00219534
0.00401292
0.00204528
-0.00225714
-0.00830070
-0.01018265
-0.00552436
0.00063944
0.00586281
0.00729177
0.00709588
0.00877679
0.00540156
0.00295453
0.00082473
-0.00295748
-0.00662545
-0.01016285
-0.00759658
-0.00221408
0.00195563
0.00202393
0.00288273
0.00600593
0.00856915
0.01344267
0.01529801
0.01467883
0.01266327
0.00634638
0.00053132
-0.00351709
-0.00624257
-0.00653534
-0.00674243
-0.00775839
-0.01090920
-0.01328073
-0.01568286
-0.01995363
-0.01933554
-0.01585431
-0.00825431
-0.00179366
0.00198235
0.00343991
0.00131522
0.00109182
0.00206896
0.00640496
0.01057164
0.01395189
0.01439557
0.01537679
0.01626621
0.01768910
0.01717908
0.01147930
0.00533786
-0.00553128
-0.01191445
-0.01562727
-0.01661873
-0.01250201
-0.00736225
-0.00233978
0.00057434
0.00761029
0.00921678
0.00544787
0.00045088
-0.00444003
-0.01198906
-0.01660966
-0.00866591
0.00229296
0.00536315
0.00318748
0.00335374
0.00385353
0.00832725
0.00927788
0.00752654
0.00299060
-0.00586403
-0.01329982
-0.01640777
-0.01384757
-0.00834569
-0.00645971
-0.00959111
-0.01044281
-0.01160970
-0.01090181
-0.00714413
0.00173293
0.00657794
0.00246632
0.00008666
0.00393513
0.00518055
0.00179722
0.00160036
0.00055487
-0.00122401
-0.00517752
-0.00620669
0.00148820
0.01441976
0.02118645
0.02000121
0.01931273
0.01607220
0.00881899
-0.00262744
-0.00949305
-0.01015808
-0.01157791
-0.01671563
-0.01918301
-0.01604853
-0.01290897
-0.00830569
-0.00087905
0.00298370
0.00230745
0.00313877
0.00239724
0.00589688
0.00836733
0.00706991
0.00290118
-0.00075754
-0.00497012
-0.00967333
-0.01019963
-0.00819633
-0.01060862
-0.01317695
-0.01024647
-0.00495164
-0.00010458
0.00291464
0.00721192
0.01202124
0.01602578
0.01939282
0.02227536
0.02194286
0.01491304
0.00664291
0.00076671
-0.00047563
-0.00010637
-0.00002475
0.00362688
0.00385130
0.00243862
0.00201841
0.00228261
0.00380447
0.00182978
0.00114232
0.00596491
0.01331302
0.01713090
0.01532654
0.01170557
0.00710335
-0.00240812
-0.01189817
-0.01461033
-0.01246626
-0.01228876
-0.01461330
-0.01522426
-0.01218872
-0.00563110
-0.00047702
0.00334903
0.00714244
0.01137751
0.01065945
0.00304314
-0.00497913
-0.00678654
-0.00491889
-0.00437826
-0.00810633
-0.00856734
-0.00406299
0.00288834
0.01437764
0.02114334
0.02032125
0.01461030
0.00490503
0.00118104
0.00063129
-0.00737466
-0.01858034
-0.02683517
-0.02957588
-0.02770007
-0.02555498
-0.01911772
-0.00933079
0.00294800
0.01124879
0.01093874
0.00986370
0.00891309
0.01304106
0.02135818
0.02831053
0.02699272
0.01520257
-0.00117145
-0.01369396
-0.01896223
-0.01705275
-0.01401720
-0.00873663
-0.00571127
-0.00512168
-0.00705250
-0.01068775
-0.01511859
-0.01823874
-0.01772667
-0.01314887
-0.00113018
0.00519080
0.00923207
0.01298367
0.02085402
0.02286040
0.01682712
0.01015738
0.00632222
0.00209640
-0.00281181
-0.00616553
-0.00877670
-0.00624400
-0.00650509
-0.00344199
0.00507912
0.01357881
0.01632469
0.01612072
0.01520583
0.01009260
0.00314338
-0.00235235
-0.00222379
-0.00259198
-0.00536022
-0.00995324
-0.01165049
-0.00930343
-0.00990928
-0.01406982
-0.01868834
-0.01606283
-0.00574957
0.00607940
0.01481778
0.01586842
0.00962095
0.00250241
-0.00612880
-0.01304130
-0.01403882
-0.01202530
-0.00902239
-0.00608169
-0.00429156
0.00094516
0.00681325
0.00849221
0.00532514
0.00311892
0.00206632
-0.00230231
-0.00202585
0.00125859
0.00949206
0.01611394
0.01732165
0.01743389
0.01761753
0.01746966
0.01714024
0.01655990
0.01112741
0.00048885
-0.00821478
-0.01625336
-0.02259263
-0.02300977
-0.01709067
-0.00378270
0.00546364
0.00683047
0.00816773
0.01069227
0.01009663
0.00626452
0.00509870
0.00995393
0.01187565
0.00852702
0.00205618
-0.00293771
-0.00792853
-0.01278472
-0.01100070
-0.00725318
-0.00335165
0.00260824
0.00668114
0.00444738
-0.00153387
-0.00857999
-0.01497026
-0.01626563
-0.01231512
-0.00453249
0.00098880
-0.00096140
-0.00872663
-0.01432231
-0.01444468
-0.01230979
-0.00932829
-0.00811650
-0.00906710
-0.00884267
-0.00327751
0.00403388
0.00714288
0.00461535
0.00335569
0.00594754
0.00778561
0.00597821
0.00077828
-0.00105258
0.00232977
0.00727578
0.01120792
0.01236361
0.01376512
0.00914252
0.00127529
-0.00454480
-0.00576672
-0.00461307
-0.00649290
-0.00757100
-0.00578903
-0.00336344
-0.00109799
0.00359915
0.00613592
0.00619715
0.00386954
-0.00111312
-0.00367941
0.00498348
0.01575981
0.01646160
0.01008664
0.00290179
-0.00091196
-0.00501029
-0.00991136
-0.01356496
-0.01796929
-0.02038768
-0.01788967
-0.01523458
-0.00997338
-0.00351369
-0.00093510
0.00115695
0.00295218
0.00270741
0.00298488
0.00927321
0.01642650
0.01770969
0.01554018
0.01065747
0.00690900
0.00617055
0.00640110
0.00417855
-0.00070926
-0.00641817
-0.00940980
-0.00554091
-0.00231564
-0.00367833
-0.00396186
-0.00417603
-0.00637614
-0.00680145
-0.00447888
0.00064767
0.00447677
0.00678506
0.00924431
0.00877310
0.00461765
0.00001034
-0.00192355
-0.00597395
-0.00830666
-0.00605957
-0.00150320
0.00157518
0.00256563
0.00377130
0.00491373
0.01118064
0.01848080
0.02102777
0.01564220
0.00787900
0.00331453
0.00443146
0.00876444
0.01327185
0.01424394
0.01058930
0.00522311
-0.00345094
-0.01453423
-0.02151611
-0.02316440
-0.01899360
-0.01446988
-0.01570711
-0.01375583
-0.01101914
-0.00365471
0.00691557
0.01245522
0.00915248
0.00334973
0.00279079
0.00833961
0.01765938
0.02274819
0.02151911
0.01471879
0.00720448
0.00141294
-0.00009459
0.00218411
0.00108967
-0.00474266
-0.01041894
-0.01053622
-0.00899599
-0.00534233
-0.00609609
-0.01219872
-0.01753840
-0.02213654
-0.02388071
-0.02337579
-0.02301775
-0.02309627
-0.02150504
-0.01413655
-0.00250342
0.00377776
0.00555360
0.00748346
0.00972953
0.01371163
0.01769883
0.02203487
0.02392801
0.01800285
0.00929003
0.00346483
0.00086182
-0.00280812
-0.00777958
-0.01193606
-0.01320696
-0.00982972
-0.00576704
-0.00045282
0.00257660
0.00149134
-0.00005394
-0.00142276
-0.00087194
0.00238800
0.00091514
-0.00059954
-0.00004566
-0.00109930
-0.00235899
-0.00679699
-0.00666437
-0.00464883
-0.00241195
0.00229333
0.00784011
0.01204864
0.01546056
0.01829108
0.01667848
0.01164275
0.00404480
-0.00432633
-0.00995671
-0.01077473
-0.00848073
-0.00685994
-0.00590418
-0.00848885
-0.01393358
-0.01763515
-0.01615613
-0.00745552
-0.00066944
0.00370842
0.00746917
0.01005692
0.01417061
0.01823124
0.02241326
0.02546001
0.02048243
0.00789564
-0.00309994
-0.00787352
-0.01456369
-0.02327651
-0.03046750
-0.03235346
-0.02789197
-0.02236865
-0.01605178
-0.01303461
-0.00891073
-0.00263160
0.00062936
0.00202983
0.00733487
0.02051634
0.03523088
0.04616631
0.04668856
0.03307566
0.01259713
-0.00663087
-0.01458176
-0.01260397
-0.00846581
-0.00020278
0.00785523
0.01197502
0.01828170
0.02696803
0.03565130
0.03486898
0.02761883
0.02185380
0.01516364
0.00970358
-0.00267308
-0.01948471
-0.03153600
-0.03854951
-0.03822411
-0.03358616
-0.02258851
-0.00069012
0.01760767
0.02658164
0.02969164
0.03009658
0.02804231
0.02059123
0.01406120
0.00419985
-0.00741080
-0.01817893
-0.03177858
-0.04614731
-0.05206024
-0.04442961
-0.03293624
-0.02531785
-0.02758734
-0.03230993
-0.03657862
-0.03593805
-0.02575844
-0.01357658
0.00132564
0.01290264
0.02182868
0.03517742
0.04445943
0.04366792
0.03341387
0.01535886
0.00389305
0.00321272
0.00414807
0.00289653
0.00108094
0.00143693
0.00254364
0.00821383
0.01228057
0.01055271
0.00482133
-0.00184640
-0.01018693
-0.01868149
-0.01874982
-0.01054595
-0.00032350
0.00500192
0.00477447
0.00058840
-0.00806732
-0.01563979
-0.01985544
-0.02217185
-0.01851005
-0.01171276
-0.00577942
0.00010395
0.00877498
0.01848844
0.02487365
0.02711051
0.02308459
0.01344151
0.00335167
-0.00595684
-0.01506543
-0.01977273
-0.02180864
-0.01878944
-0.01210639
-0.00362917
0.00486438
0.00825384
0.01089768
0.01712581
0.02572849
0.03149354
0.03222081
0.03000843
0.02696272
0.02232988
0.01283470
-0.00059461
-0.01290703
-0.02037852
-0.02069675
-0.01853844
-0.01625057
-0.01023256
-0.00125044
0.00607418
0.01368441
0.01579376
0.01470645
0.01140370
0.00791428
0.00647710
0.00297952
-0.00353215
-0.01370563
-0.01973791
-0.02023260
-0.01563750
-0.00968274
-0.00628205
-0.00393095
-0.00409619
-0.00762539
-0.01075679
-0.01086082
-0.00849646
-0.00588832
-0.00275590
0.00593451
0.01661493
0.02811441
0.03424665
0.03287679
0.02901100
0.02012578
0.00493900
-0.00876266
-0.01993472
-0.03292136
-0.04500224
-0.05134459
-0.05108245
-0.04977583
-0.04515013
-0.03660559
-0.01677781
0.01153331
0.03353063
0.03638765
0.02785026
0.02391000
0.02609790
0.02979744
0.02941086
0.02077758
0.00293370
-0.01523250
-0.03230730
-0.04174740
-0.04371294
-0.03843853
-0.02583643
-0.01705117
-0.00617185
0.00842639
0.01741974
0.02329187
0.02518397
0.02349587
0.02459237
0.02437715
0.02159255
0.02062559
0.02081021
0.01559698
0.00666382
0.00308873
-0.00058736
-0.00239378
-0.00234482
-0.00313328
0.00176782
0.00703306
0.00558567
0.00014295
-0.00615147
-0.01315276
-0.02064771
-0.02487562
-0.02662900
-0.02319058
-0.01675234
-0.01234492
-0.00800075
-0.00330671
0.00281329
0.00538777
0.00781129
0.00790104
0.00513888
0.00157806
-0.00086281
0.00107315
0.00518171
0.00646385
0.00253276
-0.00639326
-0.01166156
-0.01430030
-0.01347207
-0.00848223
-0.00734494
-0.00944512
-0.00748366
-0.00164927
0.00723187
0.02120178
0.02791542
0.02754005
0.02350799
0.02108650
0.02312140
0.02295514
0.02097939
0.02037351
0.01854669
0.01624760
0.01087832
0.00372608
-0.00955127
-0.02421377
-0.03614982
-0.04571640
-0.04120597
-0.03295621
-0.02065808
-0.00827222
0.00378315
0.01989098
0.03364568
0.04039910
0.04256047
0.04196989
0.03722790
0.03050405
0.02470127
0.01365059
-0.00035606
-0.00935144
-0.01696065
-0.02115693
-0.02303272
-0.02126710
-0.01592946
-0.00993288
-0.00644142
-0.00554485
-0.00791330
-0.00970646
-0.01482381
-0.02228206
-0.02141405
-0.02108459
-0.02084388
-0.02048587
-0.02040120
-0.01810927
-0.01520942
-0.01371003
-0.01022979
0.00069848
0.01225915
0.02534676
0.03374645
0.03449920
0.02893612
0.02191342
0.01749375
0.01488152
0.01171441
0.00770886
0.00375942
-0.00395587
-0.01033802
-0.01611531
-0.02030241
-0.02432734
-0.02780147
-0.02273310
-0.01385400
-0.00660997
-0.00063176
0.00610635
0.01468250
0.02433271
0.03237133
0.03483972
0.03068524
0.02073922
0.01236807
0.00950492
0.00774134
0.00404587
0.00387348
0.00554321
0.00923968
0.01110525
0.00691202
0.00389179
0.00034320
-0.00312175
-0.00587881
-0.00681722
-0.00396327
-0.00020866
0.00059305
-0.00029844
-0.00124501
-0.00172748
-0.00141027
0.00010442
0.00086533
-0.00030360
-0.00453049
-0.00625736
-0.00381549
0.00264518
0.00990757
0.01266258
0.01268705
0.00990652
0.00899259
0.01118558
0.01276452
0.01204032
0.00602536
-0.00306693
-0.01196338
-0.01674923
-0.01672272
-0.02036515
-0.02801006
-0.03150459
-0.03089975
-0.03169536
-0.02927389
-0.02053556
-0.00797835
0.00522452
0.01375579
0.01752570
0.01839575
0.01520620
0.00908210
0.00099145
-0.00609450
-0.01534286
-0.02486967
-0.03046132
-0.03207599
-0.02928324
-0.02405576
-0.01836723
-0.01175866
-0.00305297
0.00280895
0.00777022
0.01288449
0.01918400
0.02461242
0.02655857
0.02469298
0.01828839
0.01096273
-0.00035928
-0.01315417
-0.02314305
-0.02560636
-0.02107247
-0.01544719
-0.00840512
-0.00106318
0.00208657
0.00438870
0.00835036
0.00983955
0.00804943
0.00293718
-0.00240457
-0.00832569
-0.01281574
-0.01161215
-0.00904585
-0.00574310
0.00081548
0.00911725
0.01716809
0.02331255
0.02704881
0.02708245
0.02391737
0.01891834
0.01311350
0.01049820
0.00749123
-0.00025364
-0.00952036
-0.02060879
-0.02661457
-0.02728880
-0.02527534
-0.02506727
-0.02459809
-0.01873820
-0.01094848
-0.00152982
0.00638741
0.01226463
0.01047248
0.00151380
-0.01129538
-0.01995825
-0.02199317
-0.01841095
-0.00846698
0.00093230
0.00574566
0.00404123
0.00073437
-0.00117610
-0.00350784
-0.00479204
-0.00349156
0.00097195
0.00496421
0.00913089
0.01742347
0.02544984
0.03312634
0.03513980
0.02868421
0.02179817
0.01679403
0.01287620
0.01153793
0.01105443
0.01028942
0.01045158
0.00813310
0.00719876
0.00793417
0.00821261
0.01076973
0.01110223
0.00461195
-0.00502707
-0.01048816
-0.01518324
-0.01566164
-0.01746400
-0.02063010
-0.02163278
-0.02463568
-0.02731625
-0.02889524
-0.02288644
-0.01279763
-0.00365743
-0.00010581
0.00012163
0.00076931
-0.00034149
-0.00544355
-0.01184305
-0.01292632
-0.01104545
-0.00702769
-0.00304155
0.00188299
0.00437278
0.00430850
0.00420139
0.00351286
0.00424214
0.00625866
0.00741532
0.00790490
0.00979188
0.00977758
0.00783650
0.00452964
0.00404206
0.00568934
0.00782621
0.00819543
0.00524455
0.00219983
-0.00062559
-0.00313379
-0.00409262
-0.00079600
0.00540456
0.01027402
0.01288724
0.01567181
0.01986705
0.02517918
0.02856557
0.03212228
0.03409596
0.03152553
0.02680292
0.01978427
0.01550331
0.01245246
0.00540628
-0.00266194
-0.01014570
-0.01568535
-0.01575676
-0.01079449
-0.00566086
-0.00227346
-0.00073124
0.00196663
0.00380873
0.00194211
-0.00036516
-0.00199106
-0.00035501
0.00332411
0.00534470
0.00432978
0.00106882
-0.00372929
-0.00799597
-0.01076020
-0.01086222
-0.00836835
-0.00626921
-0.00590203
-0.00566134
-0.00426804
-0.00017583
0.00266790
0.00267808
0.00098179
-0.00207823
-0.00466192
-0.00575538
-0.00551469
-0.00415301
-0.00190700
0.00052669
0.00267071
0.00457298
0.00381714
-0.00076371
-0.00411954
-0.00625136
-0.00474995
-0.00163285
-0.00022936
-0.00012433
-0.00203176
-0.00647082
-0.01105473
-0.01505622
-0.01868540
-0.01949123
-0.01651082
-0.01064686
-0.00364153
0.00162368
0.00406859
0.00732645
0.01073322
0.01023543
0.00586572
0.00264147
-0.00015539
-0.00089900
-0.00322463
-0.00261776
-0.00001882
0.00022391
0.00015452
-0.00196303
-0.00085738
0.00094085
0.00137229
0.00284718
0.00474435
0.00666090
0.00704439
0.00678324
0.00625383
0.00537354
0.00497878
0.00214315
-0.00037322
-0.00022127
0.00177994
0.00472771
0.00453796
0.00383515
0.00258154
-0.00115781
-0.00554078
-0.00958817
-0.01152824
-0.01300217
-0.01394162
-0.01133555
-0.00834290
-0.00685985
-0.00655490
-0.00785441
-0.00992300
-0.00867863
-0.00521780
-0.00263927
-0.00297284
-0.00482621
-0.00487622
-0.00696012
-0.00940713
-0.01063422
-0.00863709
-0.00461934
-0.00049551
0.00614262
0.01116915
0.01321932
0.01352937
0.00934019
0.00226238
-0.00493681
-0.00847930
-0.01233596
-0.01425869
-0.01817960
-0.01993811
-0.01934246
-0.01795937
-0.01368459
-0.00726984
0.00287505
0.00944076
0.01466925
0.01608905
0.01701518
0.01506491
0.01200182
0.00901522
0.00419671
0.00273502
-0.00090233
-0.00227733
-0.00247830
-0.00194793
0.00051636
0.00280214
0.00487271
0.00607526
0.00516640
0.00155149
0.00013774
-0.00378318
-0.00452067
-0.00468390
-0.00504705
-0.00621091
-0.00940048
-0.01011961
-0.01101623
-0.00470756
0.00183876
0.00501399
0.00656334
0.00419180
0.00317483
0.00291776
0.00289120
0.00321655
0.00092050
-0.00140310
-0.00433359
-0.00555967
-0.00192136
0.00274919
0.00367939
0.00150472
0.00115176
-0.00065877
-0.00103926
-0.00381778
-0.00711853
-0.00744905
-0.00615878
-0.00623021
-0.00822027
-0.00987168
-0.01119873
-0.00691681
-0.00293171
0.00323518
0.00597895
0.00755889
0.00793320
0.00430400
0.00186719
-0.00067673
-0.00211088
0.00019428
0.00250455
0.00481074
0.00607244
0.00579395
0.00188425
-0.00215702
-0.00670626
-0.01031709
-0.00839238
-0.00478876
0.00375473
0.01065397
0.01471660
0.01870885
0.01852827
0.01444110
0.01130149
0.00766108
0.00354943
-0.00099674
-0.00499518
-0.00731877
-0.01031557
-0.00824398
-0.00248000
0.00203755
0.00552592
0.00633882
0.00666519
0.00363065
-0.00005056
-0.00041678
-0.00087479
-0.00014348
0.00000846
-0.00352077
-0.00883807
-0.01230202
-0.01317823
-0.01204505
-0.01053548
-0.00773256
-0.00447879
-0.00306612
0.00121478
0.00590573
0.00874639
0.01049668
0.01147075
0.01044153
0.00722952
0.00427761
0.00208661
0.00270980
0.00429076
0.00566569
0.00788008
0.00830028
0.00942327
0.01163460
0.01491080
0.01745873
0.01702112
0.01728118
0.01603778
0.01500958
0.01364886
0.01038382
0.00727482
0.00436167
0.00140976
-0.00094341
-0.00269479
-0.00279070
-0.00054367
0.00103220
0.00296812
0.00346075
0.00315370
0.00162979
-0.00175562
-0.00497477
-0.00748197
-0.00761664
-0.00849081
-0.01023810
-0.01113675
-0.01018308
-0.00690279
-0.00357252
-0.00239445
-0.00523416
-0.00729561
-0.00661735
-0.00204165
0.00188939
0.00393650
0.00209436
-0.00112989
-0.00461424
-0.00772119
-0.00756720
-0.00742749
-0.00556398
-0.00344649
-0.00231738
-0.00396267
-0.00393822
-0.00454005
-0.00624347
-0.00601910
-0.00428717
-0.00384656
-0.00360179
-0.00072847
0.00194186
0.00530885
0.00702140
0.00976314
0.01287309
0.01393386
0.01299238
0.01058108
0.00815752
0.00660812
0.00520763
0.00428757
0.00480978
0.00522490
0.00551047
0.00251369
-0.00175606
-0.00333504
-0.00516291
-0.00353195
-0.00099932
-0.00259054
-0.00495084
-0.00640029
-0.00857801
-0.00924919
-0.00885346
-0.00829248
-0.00520394
-0.00192364
0.00196152
0.00550089
0.00701863
0.00932687
0.00945639
0.00711853
0.00566399
0.00289977
0.00488875
0.00343319
-0.00068559
-0.00019703
-0.00105691
0.00123705
0.00445513
0.00750797
0.00809956
0.00783638
0.00904506
0.00994264
0.01043631
0.00954277
0.00684281
0.00310756
0.00076766
-0.00047777
-0.00117241
-0.00266979
-0.00355006
-0.00610823
-0.00863071
-0.01048100
-0.01060750
-0.00868685
-0.00827988
-0.00708649
-0.00570237
-0.00615118
-0.00680603
-0.00805044
-0.01057495
-0.01257620
-0.01170615
-0.01084733
-0.01029755
-0.00665004
-0.00452743
-0.00211718
-0.00170613
-0.00134302
0.00139057
0.00195973
0.00162006
0.00043073
0.00110495
0.00184750
0.00292767
0.00097539
-0.00137061
-0.00441124
-0.00475600
-0.00586781
-0.00604529
-0.00395225
-0.00547307
-0.00333515
-0.00059952
0.00310002
0.00541950
0.00706680
0.00868962
0.01001868
0.00979836
0.00920676
0.00945973
0.00793993
0.00597337
0.00440257
0.00506966
0.00541952
0.00563781
0.00549297
0.00412108
0.00209842
-0.00166639
-0.00334836
-0.00509868
-0.00539651
-0.00690814
-0.00806481
-0.00860948
-0.00874615
-0.00929694
-0.01081469
-0.01024348
-0.00911943
-0.00572689
-0.00297390
0.00141007
0.00475059
0.00645400
0.00787896
0.00719761
0.00429879
-0.00083179
-0.00639588
-0.01128982
-0.01581758
-0.01546974
-0.01454764
-0.01337870
-0.01139580
-0.01151308
-0.00985658
-0.00918845
-0.00911703
-0.01075411
-0.01169452
-0.01302152
-0.01135073
-0.00920667
-0.00635574
-0.00503991
-0.00467880
-0.00433197
-0.00442170
-0.00102406
0.00181566
0.00433101
0.00255930
0.00141999
0.00060606
0.00031846
0.00148843
0.00136301
0.00081837
0.00033492
-0.00103694
-0.00049120
0.00232812
0.00631738
0.00998228
0.01289136
0.01468864
0.01344632
0.01279357
0.01112489
0.00808330
0.00795074
0.00942265
0.00993983
0.01014184
0.01075899
0.01047548
0.01121809
0.01172202
0.01154868
0.01160177
0.00976378
0.00918550
0.00773409
0.00676208
0.00586454
0.00298412
-0.00114070
-0.00603256
-0.00874774
-0.00947392
-0.00629554
-0.00208084
0.00008673
0.00322737
0.00473296
0.00569182
0.00419045
0.00196386
-0.00045449
-0.00272188
-0.00375915
-0.00331130
-0.00299911
-0.00305514
-0.00413524
-0.00607827
-0.00594967
-0.00647795
-0.00613107
-0.00708674
-0.00795773
-0.00666939
-0.00496285
-0.00184565
0.00154288
0.00228960
0.00287925
0.00140748
0.00021416
0.00062123
0.00168212
0.00261755
0.00299199
0.00136212
-0.00185385
-0.00226685
-0.00444241
-0.00492274
-0.00403218
-0.00521426
-0.00241426
0.00058465
0.00294707
0.00528297
0.00484346
0.00244555
-0.00049704
-0.00108344
-0.00032751
0.00082725
0.00245324
0.00112327
0.00153445
0.00246888
0.00310752
0.00420924
0.00374832
0.00334860
0.00370674
0.00301836
0.00240649
0.00136723
-0.00087052
-0.00271863
-0.00449738
-0.00434119
-0.00396672
-0.00463571
-0.00521085
-0.00485065
-0.00276870
0.00046382
0.00230812
0.00345678
0.00357932
0.00338975
0.00346639
0.00570748
0.00915829
0.01138918
0.01164229
0.01057246
0.00882842
0.00636935
0.00303921
0.00279456
0.00262132
0.00242870
0.00179544
0.00123563
0.00190390
0.00487430
0.00656767
0.00513882
0.00502883
0.00328990
0.00324316
0.00230085
0.00167985
-0.00016617
-0.00139917
-0.00134799
-0.00077151
0.00053734
0.00311098
0.00401897
0.00529008
0.00564421
0.00506198
0.00383104
0.00114251
0.00153235
-0.00047481
-0.00184243
-0.00332123
-0.00256418
-0.00207642
-0.00184569
-0.00274512
-0.00499401
-0.00626778
-0.00816476
-0.01005971
-0.01147219
-0.01073655
-0.00907169
-0.00849924
-0.00721790
-0.00612933
-0.00529168
-0.00412661
-0.00257598
-0.00214021
-0.00278869
-0.00149510
-0.00269846
-0.00317659
-0.00357415
-0.00261613
-0.00205692
-0.00015743
0.00023858
-0.00029259
-0.00068911
-0.00108258
-0.00034384
-0.00103820
-0.00013422
-0.00088671
-0.00225121
-0.00355858
-0.00335635
-0.00473002
-0.00369750
-0.00316989
-0.00369695
-0.00239413
-0.00090159
0.00150998
0.00304639
0.00531413
0.00702803
0.00555646
0.00332397
0.00129039
0.00134883
0.00087993
-0.00070383
-0.00032102
-0.00114487
-0.00071310
-0.00190415
-0.00228532
-0.00034598
0.00156582
0.00437012
0.00433576
0.00357721
0.00072664
-0.00322757
-0.00611180
-0.00648173
-0.00566858
-0.00402341
-0.00408598
-0.00418623
-0.00316008
-0.00325783
-0.00053683
0.00187093
0.00312586
0.00233158
0.00214102
0.00019404
0.00009464
0.00046086
-0.00002019
0.00018226
-0.00057813
-0.00018960
-0.00050927
0.00185831
0.00293968
0.00445881
0.00352457
0.00105711
-0.00100639
-0.00374930
-0.00406599
-0.00699678
-0.00548553
-0.00274924
-0.00154142
-0.00045228
0.00016165
0.00164528
0.00241656
0.00355249
0.00437672
0.00562983
0.00522623
0.00496203
0.00363380
0.00188650
0.00098556
-0.00069738
-0.00160329
-0.00229844
-0.00211049
-0.00273786
-0.00250941
-0.00112794
-0.00059538
0.00027885
0.00049677
-0.00017255
0.00048392
0.00102390
0.00035090
0.00021299
-0.00113598
-0.00048645
-0.00064523
-0.00030493
-0.00074354
-0.00110080
-0.00054913
0.00042137
0.00163378
0.00188206
0.00216220
0.00189531
0.00161455
0.00117676
0.00056372
-0.00017154
-0.00038784
0.00033794
0.00251170
0.00294989
0.00405879
0.00464487
0.00476599
0.00490761
0.00406559
0.00318113
0.00240488
0.00196248
0.00082427
0.00062702
0.00009537
-0.00016808
-0.00030566
-0.00010914
0.00035122
0.00041181
0.00059402
0.00043383
0.00027087
0.00023680
-0.00008917
0.00009357
0.00009270
0.00030701
0.00052529
0.00022382
0.00026897
-0.00043151
-0.00068166
-0.00085746
-0.00111616
-0.00122014
-0.00105863
-0.00081986
-0.00070279
-0.00070645
-0.00081594
-0.00085605
-0.00070103
-0.00075566
-0.00074282
-0.00013683
-0.00008485
0.00005314
-0.00031479
-0.00039501
-0.00067842
-0.00069564
-0.00081046
-0.00119846
-0.00095236
-0.00096427
-0.00086088
-0.00086684
-0.00070613
-0.00078315
-0.00095083
-0.00108455
-0.00100232
-0.00089841
-0.00076887
-0.00049558
-0.00046685
-0.00035181
-0.00019064
-0.00007715
0.00000420
0.00005326
0.00004185
-0.00001203
0.00003687
-0.00003929
-0.00005666
-0.00007733
-0.00009833
-0.00007338
-0.00005687
-0.00005777
-0.00004241
-0.00011313
-0.00011052
-0.00008716
-0.00002551
0.00003898
0.00003938
0.00008154
0.00006878
0.00008618
0.00008883
0.00010013
0.00010304
0.00007308
0.00005294
0.00004004
0.00001575
0.00000253
-0.00000188
-0.00000588
-0.00000862
-0.00001603
-0.00001447
-0.00001111
-0.00000982
-0.00000823
-0.00000488
-0.00000408
-0.00000358
-0.00000072
0.00000260
0.00000489
0.00000627
0.00000831
0.00000947
0.00001163
0.00001267
0.00001530
0.00001834
0.00002119
0.00002431
0.00002671
0.00002951
0.00003196
0.00003440
0.00003658
0.00003838
0.00004053
0.00004261
0.00004463
0.00004677
0.00004906
0.00005135
0.00005369
0.00005608
0.00005852
0.00006096
0.00006343
0.00006594
0.00006850
0.00007113
0.00007384
0.00007664
0.00007956
