-0.00648026
-0.00564510
-0.00272709
-0.00066486
0.00027741
0.00093612
0.00137146
0.00286963
0.00117929
0.00117092
0.00217746
-0.00110611
-0.00302391
-0.00229583
0.00050591
0.00305776
0.00498435
0.00722305
0.00713718
0.00484710
0.00115859
-0.00262070
-0.00298400
-0.00305151
-0.00300783
-0.00157083
-0.00106305
-0.00021561
-0.00065948
-0.00019556
-0.00105253
-0.00117817
0.00090450
-0.00028805
-0.00082066
0.00081627
0.00201766
0.00205932
0.00183373
0.00286479
0.00300335
0.00251869
0.00471867
0.00331091
-0.00203405
-0.00341120
-0.00336444
-0.00345333
-0.00376357
-0.00372088
-0.00301621
-0.00340906
-0.00162319
0.00053397
-0.00022098
-0.00142880
-0.00043649
0.00137999
0.00160119
0.00117367
0.00208541
0.00490965
0.00656293
0.00515520
0.00365770
0.00091275
-0.00297869
-0.00576546
-0.00501793
-0.00000476
0.00228297
-0.00216436
-0.00682282
-0.00978503
-0.00703829
-0.00445374
-0.00348486
-0.00130320
0.00032562
0.00503484
0.00552534
0.00319554
-0.00011448
-0.00108461
0.00041671
0.00156308
0.00240447
0.00103245
-0.00135446
-0.00471343
-0.00189732
0.00265993
0.00523533
0.00516484
0.00260351
0.00109381
-0.00066069
-0.00372284
-0.00698388
-0.00726958
-0.00537044
-0.00313164
-0.00173332
-0.00289316
-0.00269333
-0.00202737
0.00075713
0.00306938
0.00281633
0.00313141
0.00208072
0.00252127
0.00302608
0.00130525
-0.00118976
-0.00552893
-0.00782605
-0.00521392
-0.00119929
0.00017967
-0.00276923
-0.00500516
-0.00457684
-0.00047856
0.00419194
0.00505376
0.00531072
0.00531370
0.00532994
0.00431598
0.00198419
0.00436377
0.00212480
-0.00022740
0.00237761
0.00186856
0.00008246
-0.00258797
-0.00263190
-0.00100711
0.00173356
0.00147033
-0.00019233
0.00016970
-0.00108395
-0.00206015
-0.00065568
-0.00019368
0.00070385
0.00266321
0.00183491
-0.00145058
-0.00162914
0.00025474
0.00200704
0.00243028
0.00010768
-0.00309823
-0.00805039
-0.00969673
-0.00772207
-0.00418782
-0.00181026
-0.00000695
0.00488083
0.00390872
0.00049677
0.00012136
-0.00183913
-0.00309379
0.00024258
0.00262831
0.00069026
-0.00070515
-0.00072355
0.00249552
0.00767605
0.01376948
0.01397752
0.01122042
0.01060225
0.01097042
0.00962602
0.00625896
0.00298471
-0.00167571
-0.00478165
-0.00336185
-0.00223173
-0.00198697
-0.00309269
-0.00446055
-0.00247261
0.00137479
0.00174297
0.00014766
0.00343508
0.00600952
0.00359515
-0.00120093
-0.00543804
-0.01004848
-0.01009339
-0.00622559
0.00019528
0.00557269
0.00535234
0.00341634
-0.00022407
-0.00349626
-0.00476415
-0.00378600
-0.00203367
-0.00268854
-0.00330363
-0.00653195
-0.00493670
0.00177079
0.00796216
0.01128326
0.00929831
0.00515096
0.00317316
0.00503565
0.00619027
0.00630652
0.00610352
0.00291804
-0.00205041
-0.00523079
-0.00892321
-0.00941691
-0.00729738
-0.00737390
-0.00688228
-0.00560016
-0.00306038
0.00056672
0.00306468
0.00076150
-0.00191194
-0.00382344
-0.00558601
-0.00481695
-0.00205073
0.00117449
-0.00060644
-0.00551470
-0.00825545
-0.00718039
-0.00273627
0.00349694
0.00579294
0.00096629
-0.00608397
-0.00983248
-0.00285467
0.01162727
0.01815425
0.02004327
0.01611218
0.00783384
0.00157613
-0.00178172
-0.00214179
-0.00183376
-0.00158489
-0.00400638
-0.01226125
-0.02051102
-0.01945125
-0.01344142
-0.00639629
-0.00197970
-0.00048337
0.00330898
0.00928108
0.01188104
0.01110584
0.01100996
0.01346916
0.01875276
0.02115894
0.01740226
0.00930652
-0.00031413
-0.00667689
-0.01057329
-0.01161574
-0.00871487
-0.00815795
-0.00954414
-0.00969204
-0.01125366
-0.01295604
-0.01714825
-0.02117623
-0.02086819
-0.01479716
-0.00392498
0.00452878
0.00767955
0.01114347
0.01108125
0.01063958
0.01184726
0.01136991
0.01067121
0.01082828
0.01262348
0.00768362
0.00054260
-0.00415552
-0.00787750
-0.00782446
-0.00326710
0.00316502
0.01002350
0.01149230
0.00596493
0.00138105
0.00277947
0.00680337
0.00832317
0.00920955
0.01164940
0.01463596
0.01411678
0.01162288
0.01027139
0.00656777
-0.00408307
-0.01799586
-0.02973096
-0.03021852
-0.02111093
-0.01365065
-0.00917387
-0.00857410
-0.00794170
-0.00600675
-0.00479397
-0.00491534
-0.00449816
-0.00223172
-0.00268357
-0.00523560
-0.00358626
0.00546727
0.01492777
0.01496449
0.00585386
-0.00396873
-0.01014177
-0.01203284
-0.01121377
-0.01009380
-0.00953994
-0.01198793
-0.01318949
-0.01347814
-0.01060479
-0.00579039
-0.00421754
-0.00554353
-0.00310063
0.00328152
0.00763387
0.00876812
0.00745640
0.00118851
-0.00869018
-0.00971731
-0.00390534
0.00788280
0.01989127
0.02793704
0.03088995
0.02622652
0.01728215
0.00819294
0.00159456
-0.00062903
-0.00497932
-0.01505079
-0.02353514
-0.02605963
-0.02204082
-0.01566378
-0.00690808
0.00220155
0.00791151
0.00793906
0.00793907
0.01178550
0.01966705
0.02706818
0.02822487
0.02410510
0.01900613
0.00962520
0.00252703
0.00349298
0.00719457
0.01051469
0.00874601
0.00231798
-0.01076045
-0.01836250
-0.01593692
-0.00983120
-0.00632851
-0.00496476
-0.00117749
0.00187539
0.00392560
0.00486401
0.00674796
0.00998953
0.01604018
0.02278035
0.02594440
0.02167163
0.01061484
-0.00105497
-0.01149568
-0.01838883
-0.02259020
-0.02723730
-0.02913959
-0.02867751
-0.02509832
-0.01378243
-0.00604267
-0.00587639
-0.00569686
0.00208269
0.01227760
0.01586190
0.01360567
0.01447981
0.01992662
0.02295909
0.02272757
0.01718388
0.01328953
0.01315796
0.01210024
0.00873017
0.00710532
0.00520813
0.00019586
-0.00811917
-0.01818248
-0.02249808
-0.02383937
-0.02766946
-0.02880675
-0.02357414
-0.01165746
-0.00043031
0.00558056
0.01031031
0.01328872
0.01428630
0.01106922
0.00677810
0.00527871
0.00218710
-0.00320869
-0.00950412
-0.01453985
-0.01560369
-0.01585562
-0.01216015
-0.00907260
-0.00762521
-0.00266697
0.00016660
0.00012785
-0.00028218
-0.00002819
-0.00084928
-0.00298514
-0.00002407
0.00604290
0.01034119
0.00748316
0.00288603
0.00189358
0.00028506
-0.00014537
0.00021674
-0.00096543
-0.00540140
-0.00802381
-0.00952421
-0.00776572
-0.00226485
0.00545248
0.00733337
0.00354204
-0.00064198
-0.00730257
-0.00857552
-0.00642331
-0.00334596
0.00050047
0.00315656
0.00341463
-0.00017371
-0.00568884
-0.01138859
-0.01310422
-0.01138143
-0.00829082
-0.00369163
-0.00147821
0.00043736
0.00132681
-0.00244412
-0.00670465
-0.00756348
-0.00154241
0.00998054
0.01973583
0.02344457
0.01661160
0.00657888
0.00213578
-0.00088851
0.00170842
0.00824867
0.01347822
0.01445131
0.01028462
0.00674829
0.00077314
-0.00852109
-0.01380366
-0.00868121
0.00131277
0.00731650
0.00665759
0.00145458
-0.00516317
-0.00666256
-0.00083631
0.00264496
0.00247157
-0.00140136
-0.00787835
-0.00989284
-0.00767433
-0.00175832
0.00418319
0.00908634
0.01533181
0.01835204
0.02040837
0.01905994
0.01273085
0.00151698
-0.00961529
-0.01509676
-0.01284969
-0.00747632
-0.00755791
-0.00741102
-0.00484673
-0.00386548
-0.00652359
-0.00755378
-0.00600541
-0.00025464
0.00699145
0.01078076
0.00894578
0.00312363
-0.00095942
-0.00239455
0.00013710
0.00502597
0.00971390
0.01094607
0.00916414
0.00252395
-0.00740370
-0.01188252
-0.01352572
-0.01324624
-0.00406011
0.00595018
0.00990473
0.01122768
0.01003939
0.00814730
0.00749451
0.00934990
0.01287094
0.01330446
0.01339320
0.01171939
0.01025264
0.00816675
0.00233746
-0.00256466
-0.00539413
-0.00749532
-0.00944555
-0.01021870
-0.01180174
-0.01610510
-0.01901414
-0.01569403
-0.00908034
-0.00382020
-0.00245849
-0.00505234
-0.01200159
-0.01921808
-0.02080825
-0.01811749
-0.01418130
-0.00890585
-0.00835402
-0.01099479
-0.01529307
-0.01955870
-0.01667312
-0.00853555
0.00172056
0.00775489
0.01167578
0.01524681
0.01627293
0.01398508
0.00624431
0.00091685
0.00238872
0.00353419
-0.00078244
-0.00577942
-0.00692283
-0.00831207
-0.01076720
-0.01101403
-0.00835488
-0.00576510
0.00126271
0.00604652
0.00655040
0.00250407
-0.00472364
-0.00654433
-0.00254491
0.00587622
0.01111087
0.01148827
0.00628730
-0.00178804
-0.00554979
-0.00416258
-0.00414014
-0.00402181
-0.00435942
-0.00339348
0.00077221
0.00599768
0.01054076
0.01169847
0.01345287
0.01471666
0.01701983
0.01704941
0.01288068
0.00878641
0.00624763
0.00382412
0.00162500
0.00271845
0.00238083
0.00064072
-0.00285073
-0.00441847
-0.00144618
0.00068460
0.00133639
0.00037147
-0.00398902
-0.00880341
-0.00785073
-0.00467036
-0.00373196
-0.00560263
-0.00833215
-0.00878094
-0.00319950
0.00610801
0.01753712
0.02562164
0.02831342
0.02830935
0.01948329
0.00334792
-0.01258753
-0.02315983
-0.02747340
-0.02464902
-0.01830971
-0.00902057
0.00571742
0.01889175
0.02475164
0.02270145
0.01540641
0.00989842
0.00843167
0.01220465
0.02053806
0.02710380
0.02632249
0.01846237
0.00625604
-0.00025972
-0.00164182
-0.00500679
-0.00627872
-0.01037300
-0.01600544
-0.02199997
-0.02451019
-0.02210808
-0.01653378
-0.01096763
-0.01449988
-0.02368193
-0.02619214
-0.01942546
-0.00375111
0.01544937
0.02918980
0.03450299
0.02760574
0.01849817
0.00918149
0.00191400
-0.00113580
-0.00443141
-0.01003427
-0.02031179
-0.02957134
-0.03478455
-0.03117477
-0.01990376
-0.01226397
-0.01129598
-0.01110727
-0.01129291
-0.00880207
-0.00433446
-0.00304518
-0.00025139
0.00447019
0.01224871
0.02168066
0.03064443
0.03428786
0.03084843
0.02192547
0.01372366
0.00924688
0.00871648
0.01365023
0.01536893
0.00842172
-0.00153552
-0.00511878
-0.00138455
0.00528625
0.00917552
0.00930710
0.00548924
-0.00442107
-0.01508415
-0.02346447
-0.03014240
-0.03477830
-0.03483337
-0.02774539
-0.01673551
-0.00581130
0.00423876
0.01502220
0.02251309
0.02603107
0.02677670
0.02603719
0.02057204
0.01500998
0.01264257
0.01305567
0.01754776
0.01501204
0.01017112
0.00770273
0.01347287
0.02064347
0.02126058
0.01256100
-0.00425166
-0.01716587
-0.02267999
-0.01941905
-0.01454548
-0.01538698
-0.02383971
-0.03573801
-0.04712630
-0.04942845
-0.04000160
-0.01939046
0.00543737
0.02091179
0.02483573
0.01819962
0.01052820
0.00506916
0.00350857
0.00323419
-0.00068872
-0.00540826
-0.01009720
-0.01280427
-0.01078875
-0.00268689
0.00844336
0.01647382
0.02023558
0.02145755
0.01792529
0.00930017
-0.00448002
-0.01869473
-0.02797980
-0.02945676
-0.02487389
-0.01610903
-0.00563260
0.00933998
0.02050694
0.02607615
0.02643417
0.01919421
0.01104850
0.00528754
0.00248969
-0.00451669
-0.01383541
-0.01957902
-0.02164452
-0.02132118
-0.02165165
-0.02056637
-0.01682705
-0.01307140
-0.00919744
-0.00815397
-0.01041327
-0.01462790
-0.01543472
-0.01185554
-0.00809684
-0.00275101
0.00362909
0.00610769
0.00277332
-0.00179118
-0.00297437
0.00075577
0.00227761
0.00326702
0.00527234
0.00490004
0.00762549
0.01136583
0.01407189
0.01628836
0.01823350
0.01776329
0.01739711
0.01868028
0.01901382
0.01271838
0.00136783
-0.00791621
-0.00965327
-0.00524788
0.00126788
0.00784179
0.00736749
0.00318141
0.00049474
0.00177688
0.00960334
0.01962484
0.02781954
0.03262578
0.02936280
0.02203308
0.01420051
0.00754297
0.00464006
0.00344564
0.00478899
0.00797853
0.00610989
0.00035302
-0.00394424
-0.00938797
-0.01393513
-0.01552734
-0.01525908
-0.01507956
-0.01647797
-0.01894841
-0.01639433
-0.00840160
-0.00132892
0.00127413
-0.00121977
-0.00316388
-0.00478160
-0.00731833
-0.00748459
-0.00762943
-0.00907476
-0.01626984
-0.02360873
-0.02679725
-0.02834764
-0.02374234
-0.01239483
0.00243903
0.01136403
0.01144768
0.00812350
0.00830303
0.01321943
0.02054916
0.02159262
0.01342651
0.00270631
-0.00783130
-0.00695716
0.00410475
0.01969545
0.03319822
0.03752098
0.03376942
0.02321140
0.01521563
0.01277580
0.01159260
0.00392425
-0.01162259
-0.02956744
-0.04377604
-0.04629033
-0.04117298
-0.03407072
-0.02596477
-0.01129105
-0.00027403
0.00692616
0.01603170
0.02601241
0.03625220
0.03782809
0.03425402
0.02653977
0.01537791
0.00021052
-0.01736509
-0.02684292
-0.02868709
-0.02895330
-0.03148187
-0.03392987
-0.03267220
-0.02890024
-0.02319435
-0.01858191
-0.01070852
-0.00361951
0.00518309
0.01904388
0.03140526
0.04154610
0.04501309
0.03588716
0.02006799
0.00675393
0.00120513
0.00375310
0.00729353
0.01225583
0.01860636
0.01972225
0.01540357
0.01019137
0.00488126
-0.00049311
-0.00592461
-0.00617858
-0.00442825
-0.00315529
-0.00336540
-0.00858576
-0.01665293
-0.02094712
-0.01985266
-0.01718739
-0.01181300
-0.00461282
-0.00075926
-0.00106933
0.00094314
0.00242316
0.00478039
0.00471103
0.00445502
0.00585651
0.00482223
0.00394300
-0.00049705
-0.00785227
-0.01506060
-0.01810836
-0.01895291
-0.01826339
-0.01863465
-0.02320118
-0.03227000
-0.04214359
-0.04757509
-0.04960488
-0.04668564
-0.03883775
-0.02431294
-0.00592030
0.01241625
0.03048045
0.04374250
0.05031641
0.04918932
0.04413522
0.03471247
0.02233783
0.01358727
0.00762435
0.00031198
-0.00740942
-0.01098655
-0.01303878
-0.01436172
-0.01031842
-0.00331306
0.00235916
0.00307623
0.00033448
-0.00434119
-0.00868639
-0.00948198
-0.00823859
-0.00988079
-0.00984100
-0.00559575
0.00009585
0.01205332
0.02425661
0.03205656
0.03193008
0.02403528
0.01546322
0.00629444
-0.00129231
-0.00709508
-0.01432891
-0.02247157
-0.02781941
-0.03058871
-0.03079883
-0.02758786
-0.01858941
-0.00553238
0.00347729
0.00610379
0.00518376
0.00755017
0.01104367
0.01087742
0.00506445
0.00133330
0.00627520
0.01729733
0.03241170
0.04488120
0.05092064
0.05098388
0.04271679
0.02533702
0.01026346
0.00034295
-0.00636048
-0.01002635
-0.01398598
-0.01738564
-0.01614123
-0.00964382
-0.00036283
0.00684041
0.01064298
0.01279723
0.01133762
0.00426903
-0.00301479
-0.00626246
-0.00667759
-0.00167551
0.00366828
0.00625093
0.00609182
0.00683949
0.00961491
0.01204559
0.01340831
0.00925284
0.00263815
-0.01010776
-0.02310562
-0.02852079
-0.02701220
-0.02191321
-0.01666530
-0.01546170
-0.01968857
-0.02239972
-0.01972119
-0.01134698
-0.00248216
0.00266885
0.00191916
-0.00148661
-0.00210881
-0.00213634
0.00005463
0.00346042
0.00277193
0.00079211
-0.00159672
-0.00522383
-0.01003516
-0.01319001
-0.01234748
-0.00919976
-0.00693025
-0.00561240
-0.00300527
-0.00142733
-0.00413746
-0.00957813
-0.01689662
-0.02184667
-0.01742394
-0.00694344
0.00882577
0.02444912
0.03117093
0.03034678
0.02618825
0.02327819
0.02402790
0.02590675
0.02930336
0.02932071
0.02382699
0.01380142
0.00139313
-0.00347022
-0.00194430
0.00308431
0.00629324
0.00689199
0.00457149
0.00147478
0.00076691
0.00142380
0.00373819
0.00573331
0.00765398
0.01142085
0.01372912
0.00785087
0.00141774
-0.00211962
-0.00331505
-0.00345784
-0.00642705
-0.00848643
-0.01025612
-0.01198807
-0.00971346
-0.00224909
0.01207376
0.02257874
0.02402817
0.01919338
0.01229614
0.00902705
0.01017864
0.01428313
0.01664240
0.01660161
0.01388433
0.00645976
-0.00118615
-0.00620046
-0.00849954
-0.00584957
-0.00143296
0.00513381
0.01100901
0.01047761
0.00606305
-0.00032112
-0.00389213
-0.00615347
-0.01003047
-0.01397583
-0.01504274
-0.01447052
-0.01618207
-0.01798950
-0.02149115
-0.02518864
-0.02527942
-0.01911351
-0.01075358
-0.00549853
-0.00689491
-0.01006608
-0.01297205
-0.01693474
-0.01635232
-0.01370439
-0.00768638
-0.00257108
-0.00149497
-0.00270570
-0.00711107
-0.01213048
-0.01735900
-0.01980291
-0.02060769
-0.01917661
-0.01521799
-0.01536589
-0.01719066
-0.01731407
-0.01732528
-0.01716922
-0.01277300
-0.00627356
-0.00414175
-0.00781579
-0.01183764
-0.01202123
-0.01188659
-0.00890104
-0.00330327
0.00401217
0.01025866
0.01143269
0.01155204
0.01176114
0.01039638
0.01116854
0.01115426
0.00935805
0.00925911
0.01123792
0.01439993
0.01799747
0.02196630
0.02509159
0.02728357
0.02745901
0.02261709
0.01473963
0.00897868
0.00884404
0.01144097
0.01477535
0.02037210
0.02333929
0.02567407
0.02548334
0.01909304
0.01243449
0.00736408
0.00311476
0.00094319
-0.00227491
-0.00825414
-0.01529418
-0.02133970
-0.02555944
-0.02765860
-0.02790339
-0.02894480
-0.02771468
-0.02511164
-0.02186292
-0.02019114
-0.02438436
-0.02776260
-0.02733724
-0.02321746
-0.01366924
-0.00452697
0.00258651
0.00535582
0.00019564
-0.00499411
-0.00893029
-0.00837030
-0.00444126
0.00084031
0.00385339
0.00356474
0.00180014
0.00062817
0.00446949
0.01028962
0.01601998
0.01903204
0.01989700
0.01694922
0.01363932
0.00959298
0.00810583
0.00857707
0.00425737
0.00065780
-0.00135976
-0.00100581
0.00068943
0.00348627
0.00645040
0.00688084
0.00460829
0.00092813
-0.00295909
-0.00573960
-0.00651072
-0.00457374
0.00007339
0.00155545
0.00139327
-0.00117814
-0.00533260
-0.00894135
-0.01113945
-0.01139445
-0.01205949
-0.01215128
-0.01161476
-0.01188404
-0.01160965
-0.01200133
-0.01084261
-0.00882810
-0.00807942
-0.00611082
-0.00744396
-0.00891276
-0.00887501
-0.00908819
-0.01230221
-0.01447583
-0.01402295
-0.01211860
-0.00687376
-0.00071194
0.00867410
0.01699832
0.02371808
0.02778993
0.02820304
0.02515630
0.02304694
0.02214424
0.02006752
0.02026438
0.02005528
0.02290415
0.02748191
0.02829893
0.02797049
0.02567549
0.02239211
0.01916789
0.01594775
0.01281329
0.01087325
0.01246241
0.01261847
0.01425965
0.01541939
0.01555607
0.01352016
0.00826002
0.00316104
-0.00176148
-0.00601386
-0.00813852
-0.00744492
-0.00793350
-0.00709200
-0.00511320
-0.00286002
-0.00245814
-0.00155340
-0.00000708
0.00199620
0.00278874
0.00295194
0.00144132
-0.00159421
-0.00379537
-0.00689209
-0.00953797
-0.00905959
-0.00482455
0.00091397
0.00308453
0.00415553
0.00538666
0.00430546
0.00214918
-0.00169214
-0.00302630
-0.00678398
-0.00657386
-0.00428294
-0.00164217
0.00035193
-0.00058953
0.00180645
0.00549782
0.01006640
0.01443710
0.01656890
0.01716763
0.01406582
0.00806617
0.00367915
0.00154327
0.00154327
0.00129642
0.00034272
-0.00180948
-0.00516223
-0.00801109
-0.00993277
-0.00989095
-0.00769592
-0.00473894
-0.00068648
0.00135963
-0.00029991
-0.00429627
-0.01123023
-0.01544590
-0.01743898
-0.01950041
-0.01751040
-0.01707587
-0.01786434
-0.01668828
-0.01444429
-0.01144142
-0.00978596
-0.00718088
-0.00498585
-0.00260517
-0.00097215
-0.00092116
-0.00151378
-0.00407093
-0.00605483
-0.00616704
-0.00620682
-0.00615175
-0.00725131
-0.00855692
-0.00910364
-0.01121606
-0.01135479
-0.01138540
-0.01113959
-0.00786845
-0.00274704
0.00214590
0.00642989
0.00920021
0.00972754
0.00937972
0.00660225
0.00217137
-0.00158020
-0.00465755
-0.00780935
-0.00935976
-0.01186693
-0.01243915
-0.01146913
-0.01054298
-0.00619371
-0.00081322
0.00261398
0.00401545
0.00539040
0.00728045
0.00813419
0.00719272
0.00423471
0.00010677
-0.00383146
-0.00849185
-0.01194965
-0.01478016
-0.01346845
-0.00743924
0.00064120
0.00651945
0.00999866
0.01232731
0.01060759
0.00964980
0.00991805
0.01170814
0.01063305
0.00970485
0.00997106
0.00907039
0.00723846
0.00282491
-0.00002192
-0.00069614
-0.00039627
0.00203030
0.00377143
0.00237708
-0.00057277
-0.00359708
-0.00915608
-0.01495479
-0.01838098
-0.01759866
-0.01626144
-0.01644505
-0.01642772
-0.01620945
-0.01594528
-0.01512011
-0.01357379
-0.01214785
-0.00927451
-0.00568922
-0.00145113
-0.00081262
-0.00298727
-0.00499770
-0.00365539
-0.00151544
0.00095907
0.00216266
0.00201169
-0.00007626
-0.00303631
-0.00288026
-0.00145227
-0.00046288
-0.00042719
-0.00195618
-0.00413083
-0.00646052
-0.00829449
-0.00770392
-0.00299255
0.00299280
0.00688102
0.01053363
0.01329986
0.01531742
0.01411992
0.01025207
0.00696256
0.00545805
0.00697784
0.00739093
0.00913614
0.01017040
0.01163512
0.01478997
0.01548253
0.01407798
0.01200227
0.01035394
0.01033864
0.00944408
0.00767947
0.00776514
0.00856481
0.00966742
0.01019066
0.01009783
0.01018554
0.00761921
0.00830464
0.00900435
0.00768241
0.00771606
0.00541391
0.00326884
0.00359625
0.00527924
0.00542611
0.00546690
0.00396952
0.00208761
-0.00097138
-0.00211889
-0.00235758
-0.00098977
0.00393375
0.00881852
0.01030567
0.00694986
0.00359405
0.00156424
0.00059625
-0.00079301
-0.00445482
-0.00657031
-0.00786674
-0.00966093
-0.00837676
-0.00568908
-0.00251179
0.00122752
0.00292683
0.00148454
-0.00125621
-0.00370321
-0.00372872
-0.00438867
-0.00604516
-0.00548621
-0.00528630
-0.00465799
-0.00374613
-0.00337078
-0.00507113
-0.00637164
-0.00646039
-0.00849632
-0.00845962
-0.00724583
-0.00634110
-0.00420931
-0.00414404
-0.00385335
-0.00459796
-0.00666858
-0.00494275
-0.00374936
-0.00577815
-0.00794056
-0.01041407
-0.01072621
-0.00709705
-0.00304154
0.00277551
0.00741547
0.01206871
0.01590389
0.02070808
0.02156589
0.02167400
0.02222377
0.01970537
0.01824677
0.01333852
0.01032951
0.00693698
0.00411769
0.00427578
0.00452668
0.00665541
0.00703077
0.00568640
0.00480103
0.00456233
0.00441137
0.00444808
0.00341277
0.00265184
0.00418897
0.00452352
0.00484175
0.00259468
-0.00151899
-0.00373750
-0.00600089
-0.00556842
-0.00683833
-0.00849074
-0.00847749
-0.00843567
-0.00614884
-0.00596627
-0.00473106
-0.00199951
-0.00047156
0.00142258
-0.00015435
-0.00213316
-0.00456485
-0.00562974
-0.00464136
-0.00429967
-0.00423644
-0.00554001
-0.00425379
-0.00300838
-0.00322463
-0.00300636
-0.00265548
-0.00079807
0.00209158
0.00198856
0.00228741
0.00192021
0.00271376
0.00453649
0.00473743
0.00431922
0.00240060
0.00169577
0.00178757
0.00238936
0.00100012
-0.00089403
-0.00422943
-0.00671620
-0.00916318
-0.01073603
-0.01100225
-0.00993738
-0.00820032
-0.00743124
-0.00545245
-0.00789943
-0.00764443
-0.00568195
-0.00557690
-0.00365624
-0.00530762
-0.00535964
-0.00443757
-0.00580641
-0.00545859
-0.00571665
-0.00534435
-0.00626032
-0.00802288
-0.00819322
-0.00777400
-0.00523420
-0.00216808
0.00139070
0.00246782
0.00260552
0.00356024
0.00269324
0.00270548
0.00181809
-0.00081045
-0.00157035
0.00027075
-0.00005055
0.00036663
-0.00008318
0.00079096
0.00267286
0.00288706
0.00308291
0.00297275
0.00248418
0.00080832
-0.00007296
-0.00177533
-0.00315131
-0.00477616
-0.00537898
-0.00419169
-0.00211190
0.00016984
0.00222515
0.00345120
0.00503526
0.00621949
0.00480680
0.00354200
0.00356955
0.00160300
0.00037187
-0.00246678
-0.00423749
-0.00396922
-0.00541965
-0.00493004
-0.00424765
-0.00432516
-0.00423845
-0.00420070
-0.00413643
-0.00279205
-0.00120084
-0.00132731
-0.00026242
0.00078922
-0.00029299
-0.00094578
0.00024764
0.00149919
0.00238763
0.00118302
-0.00052750
-0.00181881
-0.00491857
-0.00579677
-0.00588754
-0.00567332
-0.00351804
-0.00224812
0.00037126
0.00128622
-0.00051611
-0.00064053
-0.00072415
-0.00067109
-0.00061089
-0.00032118
0.00071108
0.00226660
0.00022356
-0.00063526
-0.00223663
-0.00281801
-0.00119414
0.00022776
0.00187100
0.00248711
0.00462404
0.00718528
0.01069105
0.01366335
0.01531579
0.01456305
0.01120727
0.00873789
0.00691722
0.00531585
0.00357678
0.00017613
-0.00271350
-0.00535323
-0.00524916
-0.00280113
0.00013039
0.00415636
0.00711235
0.00730925
0.00745718
0.00565386
0.00454923
0.00285811
0.00163925
0.00245529
0.00188922
0.00252268
0.00149762
0.00130488
0.00075514
0.00039410
0.00228624
0.00226690
0.00231693
0.00219967
0.00049427
-0.00033393
-0.00035836
-0.00026958
-0.00087337
-0.00249104
-0.00302038
-0.00170249
-0.00025608
-0.00018157
-0.00010502
-0.00010804
-0.00001823
-0.00000083
0.00009306
0.00006149
0.00025330
-0.00005570
0.00153555
0.00417434
0.00496082
0.00570547
0.00558007
0.00378493
0.00304447
0.00253554
0.00129732
0.00029166
-0.00093024
-0.00207258
-0.00194195
-0.00211529
-0.00195101
-0.00236098
-0.00102268
0.00002187
0.00074103
0.00079720
0.00123995
0.00168065
0.00029352
-0.00064175
-0.00233182
-0.00058755
0.00160246
0.00076614
0.00054895
-0.00018130
-0.00179588
-0.00307387
-0.00469355
-0.00470775
-0.00356324
-0.00050826
0.00155732
0.00299968
0.00289674
0.00300189
0.00276023
0.00268381
0.00193827
0.00067968
-0.00085023
-0.00109393
-0.00126418
-0.00236161
-0.00304594
-0.00514226
-0.00611215
-0.00673907
-0.00721083
-0.00713472
-0.00605256
-0.00503119
-0.00460337
-0.00370926
-0.00178140
-0.00020678
0.00064513
0.00016811
-0.00150733
-0.00256752
-0.00266367
-0.00265737
-0.00152199
0.00008357
0.00211965
0.00232013
0.00223492
0.00313202
0.00239498
0.00315569
0.00223433
0.00257074
0.00211002
0.00037890
0.00027204
0.00010850
-0.00007675
0.00007426
0.00035576
0.00098209
0.00254076
0.00399710
0.00504044
0.00484052
0.00369353
0.00129406
0.00042212
0.00033735
0.00046067
-0.00007336
-0.00127113
-0.00184395
-0.00174290
-0.00118763
-0.00069340
-0.00139249
-0.00057914
-0.00070486
-0.00182266
-0.00243167
-0.00350437
-0.00390195
-0.00314530
-0.00199439
-0.00239579
-0.00284009
-0.00303467
-0.00293100
-0.00293625
-0.00288318
-0.00362705
-0.00442136
-0.00529757
-0.00540050
-0.00418943
-0.00340249
-0.00210259
-0.00016312
0.00080235
0.00086070
0.00029230
0.00053519
0.00023505
-0.00032134
0.00034633
0.00104942
0.00184435
0.00274107
0.00325949
0.00369240
0.00374184
0.00301139
0.00270978
0.00230757
0.00201546
0.00183919
0.00127382
0.00109544
0.00035080
0.00001449
-0.00061785
-0.00032672
0.00035118
0.00084752
0.00170238
0.00214311
0.00249199
0.00244258
0.00217718
0.00204000
0.00150639
0.00095329
0.00051372
0.00029695
0.00018979
-0.00029867
-0.00034569
-0.00035558
-0.00029511
-0.00006231
0.00008931
0.00028046
0.00043365
0.00043856
0.00026797
-0.00015470
-0.00028777
-0.00007042
-0.00022663
-0.00024150
-0.00035409
-0.00024588
-0.00001180
0.00001331
0.00019393
0.00023721
0.00009279
-0.00009634
-0.00031874
-0.00030851
-0.00012180
-0.00001806
0.00009694
0.00008572
0.00002074
-0.00009018
-0.00024069
-0.00033878
-0.00037530
-0.00034262
-0.00030587
-0.00027207
-0.00020012
-0.00015703
-0.00014493
-0.00012929
-0.00007330
-0.00008670
-0.00018716
-0.00023503
-0.00028338
-0.00030310
-0.00027745
-0.00023297
-0.00018134
-0.00013175
-0.00011732
-0.00011331
-0.00010509
-0.00008786
-0.00008293
-0.00008024
-0.00006987
-0.00006741
-0.00004800
-0.00003883
-0.00001120
0.00001472
0.00001136
0.00001479
0.00002636
0.00004106
0.00005226
0.00005203
0.00005420
0.00005139
0.00004770
0.00003992
0.00003475
0.00003749
0.00003830
0.00003753
0.00003529
0.00003150
0.00003087
0.00003082
0.00003072
0.00002990
0.00002761
0.00002438
0.00002046
0.00001740
0.00001611
0.00001514
0.00001484
0.00001451
0.00001440
0.00001434
0.00001398
0.00001403
0.00001415
0.00001445
0.00001483
0.00001521
0.00001553
0.00001582
0.00001617
0.00001654
0.00001698
0.00001746
0.00001798
0.00001854
0.00001913
0.00001975
0.00002040
