0.00299332
-0.01042113
-0.01511273
-0.00597024
0.00320367
0.00287406
-0.01682043
-0.02398135
-0.01195931
-0.00232118
-0.00864113
-0.02015511
-0.02326547
-0.01939106
-0.01419695
-0.00677125
-0.00016172
0.00276441
0.01025079
0.00971266
0.00543198
0.00368277
0.01082676
0.01905180
0.01681044
0.01738412
0.01779239
0.01491201
0.00519237
-0.00390625
-0.00827427
-0.00960286
-0.00821024
-0.00211355
0.00100662
0.00018944
0.00098471
0.00392897
-0.00112780
-0.01967627
-0.03481402
-0.03294342
-0.00827292
0.01057324
-0.00196922
-0.02191193
-0.02789303
-0.01090694
0.01079039
0.02022920
0.01871104
0.01579225
0.02106394
0.02147210
0.01781646
0.00938094
0.00526397
0.01359288
0.02004181
0.00806531
-0.01100441
-0.02930519
-0.02810269
-0.00759069
0.00542212
0.01315833
0.01412875
0.01597012
0.01720139
0.00916991
-0.01307643
-0.03028920
-0.02639421
-0.00988502
-0.00232747
-0.00660614
-0.01331661
-0.01811573
-0.02790992
-0.03198713
-0.01797579
0.00492065
0.02743243
0.02936149
0.01298450
0.00563847
0.01009677
0.01834324
0.01523800
-0.00191887
-0.00449598
0.01910610
0.03136568
0.01691847
-0.00411193
-0.01384085
-0.00045464
0.02394950
0.03288726
0.00702047
-0.01855369
-0.02026098
-0.01196831
-0.00669800
-0.01165127
-0.02308470
-0.02749962
-0.02145149
-0.00911007
-0.01308671
-0.03077837
-0.03809573
-0.00349935
0.03184969
0.01070695
-0.00775636
-0.00332281
0.00078322
-0.00320761
0.02089022
0.05418732
0.04607335
0.02980439
0.03252160
0.03034169
0.01271992
0.00654958
0.01980913
0.01855195
-0.01214968
-0.02320926
0.01469312
0.03689147
0.02431080
0.00372406
-0.04097864
-0.06628408
-0.06982995
-0.04165698
-0.00476106
-0.00827660
-0.02440351
0.02188126
0.09490319
0.12511770
0.10597020
0.06416437
0.03961176
0.04565088
0.06456233
0.03528075
-0.01355433
-0.03997090
-0.03994610
-0.06236750
-0.08824575
-0.09208088
-0.07515193
-0.04435311
-0.00018420
0.04799527
0.05729838
0.03742432
0.03783900
0.04154005
0.01468487
-0.02670537
-0.04971120
-0.04080845
-0.02227902
-0.01367120
-0.02164252
-0.03556154
-0.05592805
-0.05150047
-0.00665444
0.03917786
0.08735915
0.06748802
-0.00648604
-0.03686841
-0.01078773
0.03711170
0.01013389
-0.03752143
-0.02951643
0.00865194
0.01305519
-0.00820891
-0.01055308
-0.02494557
-0.03901885
-0.02772174
0.03633379
0.07823996
0.03879393
-0.00173540
-0.00588342
0.02575825
0.04485182
0.03157053
0.00278825
-0.00606737
0.02252217
0.03881760
0.03844820
0.05297586
0.05558373
0.04451029
0.04483429
0.05614056
0.06058626
0.05464525
0.03863576
0.00663977
-0.01625584
-0.02149530
-0.03260491
-0.06573127
-0.07504987
-0.05086151
-0.01953626
-0.00223811
-0.03630720
-0.09225330
-0.12197320
-0.12199170
-0.10070360
-0.04340033
0.00569600
-0.00124346
-0.00631841
0.01162086
0.04063116
0.07257392
0.08339856
0.07617118
0.07200377
0.07688678
0.08149027
0.07484209
0.05359155
0.01324147
-0.03500855
-0.06061972
-0.06217116
-0.05395820
-0.05418372
-0.05592602
-0.04604954
-0.03086502
-0.03166394
-0.04272512
-0.05439222
-0.06947736
-0.06938699
-0.07368878
-0.08231337
-0.07444049
-0.07050181
-0.07366644
-0.06440138
-0.03578186
0.00940345
0.05504364
0.10685480
0.13521410
0.13299270
0.08934609
0.02125610
-0.01214267
-0.01190902
0.00811973
0.04049453
0.05826597
0.05551192
0.04982228
0.04380009
0.03383658
0.01014589
-0.01970461
-0.04961532
-0.06622628
-0.07300752
-0.08137899
-0.04321907
0.00935238
0.03295377
0.00601311
-0.06616254
-0.12736610
-0.15913860
-0.15917880
-0.14557050
-0.12087690
-0.09688711
-0.04480551
0.03667960
0.11977730
0.16827550
0.18053740
0.18087530
0.17626910
0.16326340
0.12132630
0.08355999
0.04012755
-0.01600595
-0.03633543
-0.01272741
0.01326738
0.01957616
0.03028214
0.05648393
0.06464191
0.02417036
-0.02892271
-0.05013364
-0.05656989
-0.05976460
-0.06344894
-0.05327046
-0.02327137
-0.02999025
-0.05825257
-0.08523480
-0.10750670
-0.12778150
-0.13571520
-0.10298870
-0.02602797
0.08106666
0.15149940
0.19786930
0.20282420
0.15062640
0.10595210
0.09144431
0.07490871
0.05275189
0.05570543
0.06554497
0.06475914
0.04131199
0.02706520
0.02219120
0.01431633
0.00368951
-0.00729127
-0.01952259
-0.04071563
-0.06389463
-0.09741949
-0.13040380
-0.16946520
-0.20034520
-0.19309770
-0.14494200
-0.06233177
0.02151061
0.07250084
0.06607117
0.03408336
-0.01832690
-0.06668369
-0.08612451
-0.07881990
-0.04539108
-0.02368716
-0.01433748
0.01180954
0.05575047
0.11058400
0.16899150
0.19567200
0.17783560
0.10972640
0.03277996
-0.01548206
-0.04069208
-0.04934444
-0.05621589
-0.07131773
-0.06813402
-0.03486034
-0.01340946
-0.00929145
-0.01554276
-0.03919732
-0.06291717
-0.08839956
-0.09726413
-0.08258710
-0.07256434
-0.06463154
-0.04196282
-0.01761314
-0.00667952
-0.02167022
-0.06288920
-0.07971795
-0.06548871
-0.05236618
-0.02602751
0.01146997
0.04543313
0.08851511
0.13675310
0.16332650
0.17283510
0.15638370
0.13214880
0.12446330
0.12407290
0.11657510
0.09318471
0.05820302
0.03690770
0.04560446
0.06302731
0.06593354
0.03042961
-0.00323116
-0.01268733
0.01315563
0.05069494
0.05265154
0.01347565
-0.03172947
-0.06714259
-0.09671418
-0.12325730
-0.15891320
-0.19128680
-0.21280330
-0.21399960
-0.20711120
-0.16851010
-0.09853471
-0.02411215
0.05785942
0.12176780
0.14008530
0.10814530
0.04890711
-0.00946819
-0.06115433
-0.09766082
-0.11135090
-0.10834980
-0.09189578
-0.06540808
-0.03712924
-0.00989488
-0.00047175
-0.00663218
-0.01953684
-0.01325224
0.00737969
0.02252810
0.01320774
-0.02683092
-0.06202051
-0.08617369
-0.09079897
-0.08659818
-0.09261472
-0.10672400
-0.10518430
-0.07486025
-0.04269408
-0.03014251
-0.02610385
-0.02390219
-0.02063566
-0.00396733
0.01786629
0.02623794
0.03178319
0.05611787
0.08898688
0.12225680
0.14746460
0.16386480
0.18175000
0.20500760
0.23523070
0.26369960
0.28234880
0.28394980
0.23210080
0.16061980
0.11590990
0.09068283
0.07736842
0.05450374
0.03082817
0.00788193
-0.01200941
-0.02619078
-0.03391554
-0.04037039
-0.05671617
-0.07982352
-0.09551752
-0.09851249
-0.08666951
-0.06891257
-0.05981540
-0.05808977
-0.06731180
-0.07598301
-0.07596279
-0.05660133
-0.02916145
-0.01589447
-0.02704831
-0.05285444
-0.06223653
-0.04495375
-0.01282283
0.00376635
0.00469244
0.00218011
0.00336835
0.00690668
0.01150276
-0.00012424
-0.01629533
-0.01538243
0.00128539
0.02358159
0.02618976
0.00921904
-0.01618706
-0.02760794
-0.00966097
0.02605645
0.04617095
0.04850483
0.04084576
0.02426783
0.01207898
0.01020029
0.01067680
0.00739666
0.00671141
0.00416467
-0.00684704
-0.02604628
-0.04954072
-0.08288121
-0.11689080
-0.13081860
-0.13118760
-0.10713470
-0.06493391
-0.02270763
0.01230216
0.03577474
0.03589954
0.01939835
0.00637639
-0.00924860
-0.00621472
-0.00011878
0.00455018
0.02172845
0.03497666
0.03672642
0.04093542
0.04747309
0.04978797
0.06555973
0.09559314
0.13177000
0.15547230
0.16174480
0.15285000
0.13151220
0.10155540
0.07010635
0.05330961
0.04473103
0.03321894
0.00748398
-0.02216470
-0.04438574
-0.05977173
-0.07068808
-0.07901055
-0.06736957
-0.03788471
-0.00655056
0.01297913
0.02701716
0.02664770
-0.00774690
-0.04955485
-0.08273972
-0.10202510
-0.11356950
-0.11632880
-0.11076780
-0.10509070
-0.09710418
-0.08939206
-0.08024580
-0.07398816
-0.06548652
-0.04510288
-0.02325349
-0.00858693
0.01203033
0.02850742
0.03110639
0.01938152
0.00126025
-0.00936401
-0.01631728
-0.01751570
-0.01802152
-0.02535012
-0.03931890
-0.05978812
-0.07722079
-0.07649847
-0.06008651
-0.03321136
-0.00175845
0.03281772
0.05525488
0.06087735
0.05825823
0.04213943
0.02658572
0.01888195
0.02522359
0.04494151
0.06134751
0.06774630
0.07188273
0.07795619
0.08390827
0.07528453
0.06411797
0.06355125
0.07527759
0.09707032
0.11152820
0.12060260
0.11312750
0.07562768
0.03177226
0.00518544
-0.01119320
-0.02185882
-0.02251924
-0.01721264
-0.01263738
-0.01367006
-0.02376850
-0.03987676
-0.05586974
-0.05964720
-0.05321036
-0.04059028
-0.01881670
-0.00097725
0.00160199
-0.01274362
-0.02781239
-0.02649179
-0.00436828
0.02830918
0.05430055
0.05730726
0.04055453
0.02128650
0.01351184
0.00870233
-0.01382049
-0.03575068
-0.04272357
-0.02697799
-0.00006341
0.01970812
0.00470482
-0.03695618
-0.07208407
-0.09235565
-0.09720378
-0.07644176
-0.04221776
-0.02346818
-0.01324476
-0.00703095
-0.01249511
-0.03996269
-0.06086963
-0.05808604
-0.04019420
-0.01014598
0.02062746
0.03657930
0.04616431
0.05079825
0.04844112
0.02567379
-0.00857464
-0.02660812
-0.01966689
0.00225305
0.01049276
0.00669037
0.00075006
0.00549630
0.01917775
0.02957277
0.03267277
0.02845734
0.02142569
0.01440119
0.01560504
0.02190380
0.01071468
-0.02011964
-0.05013999
-0.06849662
-0.07926445
-0.08699776
-0.08514410
-0.07776814
-0.06515446
-0.04293952
-0.01608357
0.00709631
0.01803517
0.02179224
0.01769734
0.01051390
-0.00462757
-0.01879391
-0.01724307
-0.00593490
0.00362297
0.00010036
-0.01239824
-0.02137579
-0.01252680
0.02438445
0.05866818
0.07105560
0.06923951
0.05602188
0.04694545
0.03138591
-0.00372703
-0.04732839
-0.07968832
-0.09292529
-0.08148845
-0.05489541
-0.03084524
-0.01416353
-0.00768895
-0.01094517
-0.01162180
-0.00529306
0.00720771
0.01954427
0.03241939
0.03896338
0.02785627
0.00280374
-0.02940612
-0.05404145
-0.05097767
-0.01162125
0.03108995
0.06869097
0.09755466
0.10703940
0.09454314
0.06219053
0.02811108
0.00044948
-0.01404698
-0.02394731
-0.03020318
-0.02591733
-0.01709044
-0.00887962
-0.00964990
-0.01756833
-0.01672494
0.01058642
0.04055796
0.04884123
0.03396235
0.01746781
0.01660680
0.02552251
0.03823976
0.04224213
0.03717366
0.01930623
0.00484152
0.00509644
0.00560331
-0.00248230
-0.01606672
-0.01445109
0.00102940
0.00770220
0.00537146
0.00828353
0.01951573
0.03171798
0.03725248
0.03742791
0.03496868
0.03014409
0.02107935
0.01452586
0.01164438
0.00174326
-0.01225825
-0.02458186
-0.02444922
-0.00673688
0.02476892
0.04229869
0.04085851
0.00977407
-0.02620024
-0.04466625
-0.04182038
-0.02021772
-0.00364366
0.01344755
0.01942280
0.01961261
0.00874768
-0.01195617
-0.04873523
-0.07606500
-0.07896474
-0.05312291
-0.00448307
0.02619661
0.02986875
0.01024001
0.00010134
0.00308805
0.01068005
0.00984992
-0.00401988
-0.01239087
-0.00208259
0.01249542
0.01386443
0.00456934
-0.01271847
-0.02626185
-0.02729187
-0.01829834
-0.00887948
-0.01739629
-0.03264510
-0.03672185
-0.03598724
-0.02241595
-0.00076931
0.01471959
0.01987081
0.00944866
-0.01365719
-0.03790340
-0.05529213
-0.06004002
-0.05464603
-0.03402550
-0.00452176
0.02989531
0.05603507
0.06547745
0.05976364
0.02946273
-0.00627885
-0.02741607
-0.03201807
-0.03460760
-0.04137200
-0.04686139
-0.03736494
-0.00646991
0.02471276
0.04070865
0.03819358
0.02939226
0.03192619
0.05402475
0.07955152
0.08422850
0.05698454
0.00968027
-0.03946613
-0.07675401
-0.09334711
-0.08434636
-0.05451619
-0.03262980
-0.01806801
-0.00078282
0.00711225
0.00719412
0.00261866
-0.00120607
-0.02234734
-0.04799701
-0.05176870
-0.04892365
-0.05169064
-0.06319598
-0.07001542
-0.06946436
-0.05279933
-0.01983470
0.01051669
0.02750302
0.03492378
0.03632145
0.03918281
0.04516028
0.05030645
0.04677548
0.03943889
0.03748381
0.04083681
0.04295766
0.03505700
0.01699102
-0.00473268
-0.01893083
-0.01825940
0.00894017
0.05024839
0.08738277
0.10701700
0.11305050
0.12035200
0.11718610
0.10232500
0.08760664
0.04949050
-0.00322796
-0.02950801
-0.01509721
0.01319681
0.02429261
0.02134198
0.01553433
0.01754499
0.02400692
0.03196212
0.03597198
0.03408417
0.04036352
0.05513743
0.06634540
0.05843450
0.01555697
-0.03201052
-0.06476149
-0.08972068
-0.10126170
-0.10270580
-0.10048620
-0.09774828
-0.09021234
-0.08482552
-0.08395528
-0.08025351
-0.08099690
-0.08280416
-0.09237361
-0.10321500
-0.10495190
-0.08040851
-0.03284982
0.01085429
0.04221843
0.05459323
0.05261865
0.03767173
0.03139480
0.03073296
0.02689689
0.02415833
0.02816196
0.03797755
0.04779212
0.04770147
0.02696397
0.00062769
-0.01488945
-0.01549523
0.00823620
0.03800295
0.04347128
0.03538073
0.03091118
0.03771875
0.04605427
0.04536279
0.02982317
0.00453336
-0.01697326
-0.02657752
-0.02951201
-0.03706709
-0.05299842
-0.06202436
-0.05914179
-0.03935478
-0.00641282
0.01236847
0.02102829
0.03465245
0.05635704
0.06881329
0.04882641
0.00785709
-0.02866810
-0.04821844
-0.04116108
-0.02055301
-0.01010926
-0.01721868
-0.02752173
-0.03011971
-0.02637227
-0.02717709
-0.03603483
-0.03793718
-0.03153572
-0.01850733
0.00033812
0.01001478
0.01556351
0.02048593
0.02245036
0.02446477
0.02041424
0.00915844
-0.00754520
-0.01165081
0.00527800
0.01571451
0.00204026
-0.02571511
-0.03815619
-0.02673846
-0.00625192
0.00483226
-0.00973759
-0.03278772
-0.04237590
-0.02720665
0.00275974
0.02261691
0.01704546
-0.01601703
-0.03911718
-0.03957435
-0.01633286
0.02017679
0.03946679
0.04219810
0.03108903
0.00902924
-0.00673104
-0.00447303
0.00335213
0.00501140
0.00087603
0.00033922
0.02552782
0.06052372
0.07897010
0.08242962
0.07770670
0.05292547
0.02209666
0.01017863
0.02084749
0.04717231
0.07014439
0.08229222
0.08125248
0.06098570
0.01438764
-0.03374349
-0.05513329
-0.05791116
-0.04338167
-0.02287805
-0.01218378
-0.01424155
-0.02576595
-0.03108978
-0.02083209
0.00718991
0.02760474
0.03452598
0.03431844
0.03799302
0.05701655
0.07506392
0.07477170
0.05343992
0.02594530
-0.00686862
-0.03321066
-0.03695256
-0.02641956
-0.01395470
-0.00384808
0.00049043
-0.00751613
-0.03009339
-0.04902620
-0.05584652
-0.05980064
-0.06593757
-0.07427057
-0.07951195
-0.08749918
-0.09554354
-0.09747097
-0.08789790
-0.06579822
-0.05354766
-0.04935206
-0.05142028
-0.05570090
-0.05895743
-0.06450387
-0.06233912
-0.03699284
-0.00274809
0.01373949
0.02285754
0.03706335
0.06007380
0.08710100
0.12738310
0.15134830
0.14836600
0.11197670
0.06288841
0.03479681
0.02926964
0.02897302
0.01909961
0.01114686
0.02377566
0.05600681
0.07303078
0.08755063
0.09797722
0.09224702
0.07045689
0.04514367
0.02407875
0.01139007
0.01143608
0.02335283
0.03382628
0.04513715
0.03495049
0.00009614
-0.02933896
-0.05268466
-0.07204013
-0.09821227
-0.11142630
-0.10219130
-0.05185830
0.00674684
0.03805268
0.03789560
0.00002197
-0.03786289
-0.05018554
-0.04297009
-0.03106571
-0.02512935
-0.03121881
-0.04182075
-0.06244930
-0.08862973
-0.11294360
-0.12444010
-0.12105060
-0.10442170
-0.09060086
-0.07956354
-0.06788060
-0.05563665
-0.03099564
-0.00941361
-0.00227580
-0.00635801
-0.00971398
-0.00868294
0.00875786
0.04045212
0.07457705
0.09882530
0.09881182
0.05688246
0.01422175
-0.00241162
0.00236377
0.02238204
0.03239819
0.04203488
0.04390223
0.04911619
0.06897836
0.09014205
0.10543870
0.10803330
0.10198130
0.09202577
0.08208147
0.07956886
0.06639216
0.01970029
-0.02863888
-0.05712784
-0.05462309
-0.02574625
0.00595088
0.02482865
0.02677645
0.01671783
0.00054633
-0.00786093
-0.01773189
-0.02572402
-0.03436284
-0.04110345
-0.02799181
-0.01753726
-0.02656575
-0.05245382
-0.08513307
-0.11787350
-0.15062520
-0.17105830
-0.17771740
-0.16275760
-0.11310140
-0.05476917
0.00024910
0.05055394
0.07672047
0.06379447
0.00627306
-0.05264067
-0.09359220
-0.11370820
-0.11890060
-0.10836250
-0.09453296
-0.09312799
-0.08641090
-0.05775052
-0.01285891
0.02151344
0.03940462
0.04347786
0.04288561
0.02948113
0.01918256
0.02010805
0.02354172
0.03105640
0.05465750
0.08011599
0.09235328
0.08871218
0.08236912
0.08124641
0.07744923
0.10019660
0.11326610
0.11642940
0.12620030
0.13194720
0.12466270
0.09418835
0.05550713
0.02386596
-0.00193062
-0.02914806
-0.05384509
-0.08092791
-0.11682450
-0.14834640
-0.16014350
-0.15027790
-0.10435520
-0.04740744
-0.01938887
-0.02288525
-0.05888496
-0.11043460
-0.15507770
-0.19221170
-0.22287990
-0.24643460
-0.25510650
-0.21438900
-0.13526440
-0.04024006
0.05395706
0.12378840
0.16993940
0.18816800
0.17952870
0.15713570
0.13242220
0.11107370
0.10440100
0.11654720
0.14454420
0.17190580
0.18999150
0.19458260
0.18665310
0.17068400
0.16070140
0.14476700
0.11895190
0.09526339
0.06978892
0.05241121
0.04500195
0.04040891
0.03846990
0.03183074
0.01923884
0.00115628
-0.01168859
-0.01961093
-0.03126648
-0.03768638
-0.03684388
-0.02863596
-0.02499867
-0.01794744
-0.01489054
-0.02369011
-0.03707153
-0.03631372
-0.00840555
0.02321032
0.03737194
0.03901408
0.04163746
0.03956985
0.03033776
0.02295493
0.02170433
0.02307615
0.01715803
0.00761584
0.00647539
0.01061344
0.01054908
-0.00359535
-0.03001345
-0.05248722
-0.07200909
-0.09010198
-0.10722690
-0.12878980
-0.14614320
-0.15184810
-0.15085070
-0.14633120
-0.14354270
-0.12566630
-0.08736744
-0.04295168
-0.00872572
0.00623040
-0.00057008
-0.02612939
-0.03745256
-0.04138276
-0.02403373
0.01871941
0.07044345
0.11728780
0.16046320
0.19791840
0.21411700
0.21104860
0.18693770
0.15171890
0.12151050
0.10076560
0.08563776
0.06644322
0.03953647
0.00497155
-0.03305116
-0.06942047
-0.10171590
-0.12115110
-0.12940920
-0.13179720
-0.14385580
-0.15905910
-0.16524260
-0.16883830
-0.17339280
-0.17534520
-0.17159490
-0.15620940
-0.12534340
-0.09566056
-0.06618785
-0.03363677
0.00141737
0.03244659
0.06081056
0.07817076
0.07907938
0.08009510
0.08666168
0.09996126
0.11034770
0.11207850
0.10602150
0.08670557
0.06463563
0.04944559
0.04095389
0.02689096
0.00931107
-0.00635021
-0.02041416
-0.03235346
-0.05073405
-0.06497446
-0.08448929
-0.10310660
-0.11147170
-0.11862520
-0.12248400
-0.12365010
-0.11049030
-0.07432326
-0.02854891
0.01632274
0.04774162
0.05876661
0.06048819
0.06477508
0.07987599
0.09845819
0.11862030
0.13735760
0.14483700
0.14290710
0.13527320
0.13161530
0.13313700
0.13653650
0.13620170
0.12981340
0.10993850
0.07225237
0.02799646
-0.00764963
-0.02357708
-0.02289587
-0.00676369
0.01639731
0.02633706
0.02241298
0.01311045
0.00404252
-0.00576695
-0.01322838
-0.01684543
-0.01857955
-0.01516267
-0.00947118
0.00334602
0.01896211
0.03483525
0.04624384
0.04811543
0.04384052
0.03692890
0.02548849
0.00821878
-0.01131940
-0.03406855
-0.05285701
-0.06870687
-0.08182618
-0.09315029
-0.10025060
-0.10262830
-0.10178580
-0.09078210
-0.07623488
-0.06301777
-0.05241287
-0.04439775
-0.03615108
-0.02629893
-0.01652531
-0.01434559
-0.01580930
-0.01044819
-0.00146506
0.00554132
0.00895118
0.01042101
0.01254773
0.01448166
0.01532727
0.01476324
0.00748047
-0.00787764
-0.02037157
-0.02414756
-0.01638429
-0.00750309
-0.00295179
-0.00239378
-0.00345145
-0.00395933
-0.00686522
-0.01784136
-0.04005175
-0.06049143
-0.06943978
-0.06924587
-0.06576551
-0.06139264
-0.05470335
-0.05351187
-0.05142786
-0.04194069
-0.02507075
-0.00358736
0.01322445
0.02664681
0.03273026
0.03883107
0.04600594
0.05256169
0.05663882
0.05332302
0.04002856
0.02186973
0.00586718
-0.00846766
-0.01732816
-0.02768600
-0.03966054
-0.05152389
-0.06619836
-0.07840340
-0.08643969
-0.08737576
-0.07324234
-0.05581635
-0.04608931
-0.04106956
-0.03855901
-0.03426957
-0.02599090
-0.01409837
-0.00322175
0.00502736
0.00963508
0.01243027
0.02285914
0.04392050
0.05954833
0.06491701
0.06366589
0.05643759
0.05062811
0.04701266
0.04208959
0.03540701
0.03238114
0.03363521
0.03900600
0.04205834
0.03536255
0.02236215
0.01081322
0.00636655
0.01223923
0.02107707
0.02277594
0.01711346
0.00872148
-0.00064051
-0.01081849
-0.02187162
-0.03060221
-0.03326378
-0.03075803
-0.02573082
-0.02193475
-0.02174640
-0.02361743
-0.02415735
-0.02382517
-0.02298806
-0.02403285
-0.02309475
-0.01185770
0.00867258
0.02680587
0.03607740
0.04617822
0.05745713
0.06386556
0.06513524
0.05938732
0.05131281
0.04443680
0.04031378
0.03971385
0.03722795
0.03435446
0.03124536
0.02850755
0.02660615
0.02225065
0.01612646
0.00562242
-0.00672680
-0.01727366
-0.03004514
-0.03896712
-0.04603984
-0.05413458
-0.05983333
-0.06397045
-0.06576870
-0.06591760
-0.06737209
-0.07060545
-0.07479249
-0.07822983
-0.07599085
-0.06321017
-0.03426654
-0.00695900
0.00520054
0.00403787
-0.00345286
-0.00644335
-0.00430730
0.00181288
0.01214770
0.01944295
0.02934124
0.04508006
0.06737240
0.09298180
0.10223650
0.10250100
0.10146390
0.09681810
0.08070955
0.05358704
0.02825669
0.01162593
0.00464031
0.01589842
0.03814091
0.04904612
0.04344162
0.03147235
0.02085151
0.01608549
0.01653271
0.01360984
0.01280555
0.01390763
0.01912951
0.02561213
0.02675607
0.01804479
0.00592060
0.00135666
0.00120220
0.00445353
0.01217349
0.01821148
0.02003689
0.01912972
0.01404057
0.00864646
0.00846863
0.00986162
0.00483270
-0.00354384
-0.00908375
-0.01006221
-0.01297152
-0.01908769
-0.02309348
-0.02476956
-0.02913844
-0.03290958
-0.03226309
-0.02879832
-0.02778257
-0.03181478
-0.03471274
-0.03466798
-0.03279946
-0.03049844
-0.02615026
-0.02410115
-0.02090147
-0.01437862
-0.00945511
-0.00789759
-0.01197658
-0.01645335
-0.02117083
-0.02058328
-0.01673375
-0.01035665
-0.00253930
0.00347878
0.00352988
-0.00601415
-0.01584784
-0.02484309
-0.03138419
-0.03287119
-0.03011089
-0.01997700
-0.00681267
0.00333145
0.01054819
0.01224163
0.00814047
-0.00291402
-0.01523737
-0.02516984
-0.02788375
-0.02295580
-0.00955674
0.00734705
0.01764330
0.02178487
0.01800005
0.00714153
-0.01222275
-0.02967044
-0.04259849
-0.04967785
-0.04595336
-0.03705031
-0.02776985
-0.02346698
-0.01834402
-0.01192666
-0.00734324
-0.00055458
0.00441646
0.00634179
0.00336094
0.00148986
0.00826125
0.01709407
0.02288425
0.02011563
0.00695423
-0.00615003
-0.01635544
-0.02005732
-0.01440679
-0.00579826
-0.00025890
0.00062214
0.00014047
0.00051255
-0.00003233
0.00185754
0.00569868
0.00629318
0.00446111
0.00071655
-0.00065547
0.00078567
0.00627113
0.01287861
0.01763887
0.01842320
0.01315383
0.00934103
0.01431759
0.02269586
0.02889338
0.02569468
0.01582519
0.01002246
0.01256027
0.02220545
0.02835206
0.02696290
0.02285139
0.02149695
0.02254972
0.02320266
0.02088742
0.02108546
0.02589902
0.03040455
0.03268241
0.03277953
0.02679848
0.01451384
0.00391731
-0.00225648
-0.00605162
-0.00660316
-0.00591843
-0.00146582
0.00271140
0.00438556
0.00415947
0.00084687
0.00005776
-0.00032436
0.00023193
-0.00007876
-0.00292516
-0.00794619
-0.00893719
-0.00749752
-0.00045804
0.00766674
0.00901464
0.00972506
0.00903707
0.00673035
0.00188587
-0.00516994
-0.01353747
-0.01855735
-0.02330997
-0.02443343
-0.01972044
-0.01148334
-0.00183658
0.00700745
0.01388289
0.00951895
-0.00357719
-0.01661927
-0.02326899
-0.02977895
-0.03305654
-0.02876469
-0.02087325
-0.01092651
-0.00496489
-0.00144005
-0.00193195
-0.00222800
-0.00283617
-0.00550779
-0.00802843
-0.01022675
-0.01091953
-0.01008231
-0.00534154
0.00215323
0.00271610
-0.00426800
-0.01301874
-0.01710296
-0.01245700
-0.00294563
0.00606289
0.01132802
0.01509885
0.01620750
0.01516803
0.01583808
0.01302078
0.00519323
-0.00320347
-0.00726821
-0.00536392
-0.00067603
0.00317546
0.00446880
0.00290513
0.00221560
0.00442798
0.00547451
0.00850290
0.01044092
0.01130591
0.01088366
0.01044306
0.01254635
0.01216899
0.00973330
0.01057384
0.01122977
0.01062193
0.01032110
0.01146359
0.01368524
0.01520412
0.01552654
0.01370900
0.01578788
0.01653056
0.01487318
0.01395428
0.01015695
-0.00027038
-0.01376586
-0.02270602
-0.02923999
-0.03525580
-0.04275163
-0.04485675
-0.04019825
-0.03424333
-0.02945121
-0.02572191
-0.02295550
-0.01971887
-0.01569683
-0.01238062
-0.00741305
-0.00037996
0.00469982
0.00462045
0.00393826
0.00415571
0.00617653
0.00975590
0.01180120
0.00926976
0.00306121
0.00023295
-0.00024013
0.00144613
0.00440025
0.00551327
0.00783295
0.01156432
0.01435909
0.01591326
0.01070130
0.00130889
-0.00736890
-0.01014125
-0.00213257
0.00934221
0.02070813
0.02407061
0.02000321
0.01357420
0.00669703
0.00276305
-0.00171210
-0.00503331
-0.00674289
-0.00582299
-0.00049519
0.00647439
0.01073819
0.00780519
0.00366999
0.00306399
0.00091695
-0.00023853
-0.00126322
-0.00160909
0.00006801
-0.00231533
-0.00623593
-0.00857850
-0.01146224
-0.01416461
-0.01792294
-0.02072833
-0.02117617
-0.02239534
-0.02119416
-0.01968974
-0.01836544
-0.01492956
-0.01202708
-0.00921309
-0.00902951
-0.00962098
-0.01118591
-0.01405039
-0.01505524
-0.01531786
-0.01421681
-0.01251080
-0.00970776
-0.00328971
0.00636948
0.01560843
0.01982609
0.02065029
0.01929169
0.01614749
0.01249688
0.01114119
0.01118969
0.01032150
0.00684890
0.00237136
0.00038564
0.00204736
0.00527114
0.00991754
0.01443877
0.01621245
0.01753168
0.01912083
0.01811729
0.01510269
0.00967149
0.00411241
0.00167345
-0.00030290
-0.00076477
-0.00024648
0.00067341
0.00058051
0.00057361
0.00083473
-0.00049558
-0.00346087
-0.00609217
-0.00736010
-0.00785979
-0.00820518
-0.00807260
-0.00662833
-0.00415135
-0.00137091
0.00080855
0.00101380
0.00018666
-0.00052818
-0.00101209
-0.00166194
-0.00331364
-0.00615182
-0.00883035
-0.00941143
-0.00841415
-0.00660342
-0.00472070
-0.00208449
0.00102642
0.00381071
0.00551927
0.00587490
0.00552137
0.00461848
0.00336503
0.00228542
0.00062319
-0.00107685
-0.00181692
-0.00164124
-0.00067577
0.00078656
0.00266181
0.00402918
0.00488857
0.00508617
0.00458292
0.00322739
0.00161497
0.00089388
0.00092879
0.00095778
0.00069774
0.00047761
0.00045295
0.00062014
0.00101385
0.00179641
0.00246793
0.00290282
0.00311461
0.00331840
0.00352660
0.00359068
0.00348838
0.00310126
0.00274191
0.00236062
0.00199046
0.00163136
0.00120950
0.00074578
0.00029626
-0.00006602
-0.00023061
-0.00037646
-0.00058585
-0.00079342
-0.00100483
-0.00116077
-0.00124062
-0.00125962
-0.00125444
-0.00119039
-0.00113493
-0.00114955
-0.00116790
-0.00114329
-0.00111527
-0.00110698
-0.00111283
-0.00106405
-0.00096209
-0.00082993
-0.00070949
-0.00062479
-0.00056737
-0.00052818
-0.00048671
-0.00043656
-0.00039360
-0.00037935
-0.00038063
-0.00039082
-0.00040145
-0.00041069
-0.00042411
-0.00043957
-0.00044785
-0.00044862
-0.00044196
-0.00043285
-0.00043196
-0.00043279
-0.00043542
-0.00043802
-0.00043485
-0.00042747
-0.00041559
-0.00040162
-0.00038440
-0.00036416
-0.00034262
-0.00032051
-0.00029826
-0.00027580
-0.00025356
-0.00023155
-0.00020984
-0.00018849
-0.00016747
-0.00014678
-0.00012637
-0.00010622
-0.00008629
-0.00006652
-0.00004681
-0.00002705
