-0.00208016
-0.00200745
-0.00184585
-0.00389955
-0.00310833
-0.00374599
-0.00644594
-0.01011884
-0.01134869
-0.00207546
0.00303528
-0.00043918
-0.00352488
-0.00278544
0.00124771
0.00816454
0.01276916
0.01603771
0.01749080
0.01896034
0.02268830
0.02591046
0.02730084
0.02512338
0.02184955
0.01494976
0.00889567
0.00587315
0.00272020
-0.00046527
-0.00232971
-0.00923487
-0.01471293
-0.02005723
-0.02259949
-0.01751098
-0.01194502
-0.00856070
-0.00349325
-0.00073702
-0.00739526
-0.01657788
-0.01875809
-0.00834424
0.00364971
-0.00213585
-0.01514390
-0.01845064
-0.01347892
0.00005172
0.01160776
0.02023650
0.02548509
0.02964544
0.03308170
0.02865591
0.01515224
0.00536759
0.00405925
0.01068865
0.01499563
0.01217087
0.00599552
-0.00003284
-0.00089277
-0.00215446
-0.00557234
-0.00059551
0.00866237
0.01722776
0.01373889
-0.01136264
-0.03423130
-0.03566355
-0.01983729
-0.00905381
-0.00774604
-0.02012044
-0.02414605
-0.01801645
-0.01516197
-0.01113846
-0.00519319
0.00675080
0.01746986
0.01892130
0.00700368
0.00227819
0.00759570
0.00831208
0.00698346
0.00888424
0.01582392
0.01834913
0.01365180
0.00600778
0.00694409
0.01730325
0.02483097
0.01916508
-0.00471894
-0.02574485
-0.02440511
-0.00901991
0.00562997
0.01244326
0.01540002
0.02170451
0.02506739
0.02756131
0.01355376
-0.01290384
-0.02668071
-0.02645800
-0.02030086
-0.02585426
-0.02723680
-0.02715555
-0.03394393
-0.03732953
-0.03425946
-0.02505912
-0.02184406
-0.02258754
-0.02387053
-0.01378658
-0.00770604
-0.00831357
-0.00194627
0.00117954
0.00143310
-0.00277474
0.00533398
0.02732395
0.03155784
0.01224204
-0.00415956
0.00627715
0.02070723
0.01494852
0.00397767
-0.02014192
-0.03763554
-0.03231270
-0.02102178
-0.01462476
-0.02261172
-0.03371674
-0.02487560
0.00141065
0.01110463
0.00145234
-0.01007058
-0.00875979
-0.00248766
-0.00349827
-0.00773916
0.00525291
0.02195478
0.02943897
0.05043107
0.07283186
0.07897696
0.07824630
0.06792770
0.04037524
0.00196289
-0.05761338
-0.08344086
-0.07451178
-0.05671069
-0.03457964
-0.03410722
-0.04615830
-0.04755340
-0.04785397
-0.05296890
-0.05379060
-0.01452114
0.02813783
0.04078233
0.05656237
0.06260348
0.05004495
0.01799530
-0.00233859
0.00537961
0.02573158
0.00254999
-0.02444941
-0.02123228
-0.03004804
-0.03667585
-0.03223254
-0.00819396
0.01790098
0.02013001
0.00091868
-0.01425850
-0.00743424
-0.01297336
-0.00908762
-0.00343419
-0.00216570
0.02549738
0.04932224
0.05315922
0.05260005
0.05774476
0.06318632
0.04814939
0.03204762
0.02107546
0.00329791
-0.00812806
-0.02804651
-0.04426437
-0.04701718
-0.04737701
-0.05788071
-0.05800077
-0.05359608
-0.03586302
-0.00664981
0.00263059
0.02207737
0.05678440
0.08972891
0.09521201
0.08102441
0.06703577
0.03872635
0.03079147
0.03392770
0.04873889
0.04770645
-0.00225433
-0.04773626
-0.07101175
-0.07221950
-0.05200212
-0.03492325
-0.03204580
-0.04023840
-0.06377175
-0.08663290
-0.08748752
-0.06762080
-0.05627922
-0.06181657
-0.04744758
-0.01064569
0.02863075
0.05613947
0.06997104
0.08137913
0.08555542
0.08926562
0.09222511
0.09701656
0.07212909
0.02987921
-0.00018573
-0.03070454
-0.05332037
-0.07923587
-0.10733930
-0.12160020
-0.11981540
-0.11663740
-0.10510860
-0.07852151
-0.04414872
0.00182250
0.04347915
0.07367000
0.11299600
0.14505350
0.15767290
0.15486060
0.12988800
0.10012650
0.07855141
0.04899594
0.01646513
-0.03026201
-0.08479519
-0.11173530
-0.11606510
-0.09531811
-0.07900916
-0.09023101
-0.10306240
-0.09640872
-0.07112673
-0.05426282
-0.05930439
-0.04149387
-0.00951758
0.02211092
0.04188906
0.05125507
0.06643816
0.07818793
0.06911035
0.03472658
-0.01141675
-0.04736212
-0.05581438
-0.04992951
-0.03903846
-0.02793831
-0.01892404
0.01697031
0.07768635
0.10526670
0.08725512
0.06163537
0.04812403
0.04711181
0.04281314
0.01655797
0.00899431
0.01283324
0.00972395
0.01606394
0.02855660
0.03439477
0.03295935
0.02703899
0.01757210
0.00913032
-0.00113521
-0.02269824
-0.03842585
-0.04566807
-0.04825907
-0.04069292
-0.02764526
-0.02074719
-0.01910005
-0.01710918
-0.02746539
-0.04147727
-0.04916617
-0.04338903
-0.02148975
0.01690396
0.06149315
0.08941248
0.09221638
0.08971832
0.09548328
0.09175001
0.07287076
0.04219216
0.02233679
0.01815984
0.01383602
0.01187452
0.00507008
-0.01206391
-0.03987423
-0.07692369
-0.10139660
-0.10740440
-0.10255740
-0.10694640
-0.12812670
-0.14131220
-0.13030530
-0.08142898
-0.00176287
0.06903230
0.10599510
0.13180930
0.12633800
0.08268720
0.02373635
-0.02372725
-0.03802352
-0.02720738
-0.02084559
-0.01179303
0.01954960
0.05996206
0.09526943
0.10392830
0.09172814
0.07221559
0.05833041
0.03863531
0.01477656
0.00051704
0.00188290
0.00408720
0.00332840
0.00590398
0.00538692
-0.00445905
-0.03248653
-0.04610039
-0.03342681
-0.01607958
-0.03137134
-0.04458230
-0.03091830
-0.00119032
0.03875807
0.06468245
0.07205612
0.06705106
0.07383413
0.08900876
0.10559710
0.10318180
0.06414341
0.00972648
-0.03777076
-0.06295347
-0.06662745
-0.06000351
-0.05209029
-0.05239623
-0.05634561
-0.06826527
-0.08348670
-0.10581140
-0.13231400
-0.15462450
-0.16863410
-0.16329840
-0.13927130
-0.11040930
-0.09372208
-0.08880258
-0.08132699
-0.07289666
-0.06171542
-0.03830742
-0.00318677
0.05139037
0.09928448
0.12664900
0.13356870
0.13250790
0.12796270
0.11728740
0.10916610
0.10480450
0.11057870
0.11947820
0.13025450
0.14131030
0.14509740
0.13592150
0.12102730
0.09663093
0.08278538
0.08101866
0.07073494
0.04662205
0.01006108
-0.03016170
-0.06422166
-0.08640574
-0.09723520
-0.09963437
-0.10887770
-0.11803030
-0.11672280
-0.10399340
-0.08562231
-0.07303667
-0.07687306
-0.08721502
-0.08143996
-0.06627985
-0.06083122
-0.06222780
-0.05448824
-0.03891917
-0.02048288
-0.00681715
0.00739632
0.02843970
0.04722786
0.06512351
0.07723780
0.09061176
0.10076460
0.09179238
0.07900741
0.07343384
0.07363244
0.06783548
0.04901412
0.02615356
0.00580525
-0.00514479
-0.00978002
-0.01137055
-0.00878827
-0.01715876
-0.03701139
-0.06291672
-0.08990020
-0.10688970
-0.11567130
-0.12337680
-0.13663110
-0.14621340
-0.14689210
-0.13975670
-0.12336680
-0.11117920
-0.10860320
-0.11008980
-0.11071450
-0.09493359
-0.06402606
-0.02565621
0.01262998
0.03582016
0.05040869
0.05498998
0.05147042
0.05259595
0.04985258
0.04766614
0.05043892
0.06218261
0.08646616
0.10475720
0.11419870
0.11378190
0.10509700
0.09493714
0.09001599
0.09010814
0.09181188
0.08483950
0.06941537
0.05933809
0.04603147
0.02631415
0.00189971
-0.02080726
-0.03267367
-0.03261731
-0.03277211
-0.03467416
-0.03146502
-0.03419738
-0.03542218
-0.02924690
-0.01368967
-0.00148009
0.00230837
0.00996057
0.01685694
0.01375527
-0.00346219
-0.02798083
-0.03786247
-0.03176072
-0.02881690
-0.02072413
-0.00578819
0.00850106
0.01574618
0.02619817
0.03691636
0.03936746
0.04261618
0.04563233
0.05449715
0.06563861
0.07002459
0.06502963
0.05397279
0.03695201
0.01820945
0.00560831
0.00017164
0.00137311
0.00188812
-0.00347514
-0.02029607
-0.03021059
-0.03046368
-0.01588497
0.00056544
0.00924854
0.02724831
0.03698301
0.03781004
0.02774856
0.00881103
-0.01441867
-0.03648353
-0.04594019
-0.04733579
-0.04422098
-0.03679565
-0.03501602
-0.03798247
-0.04026654
-0.04064731
-0.03988670
-0.03365891
-0.02160386
-0.01373694
-0.01278258
-0.00814194
0.00309706
0.01233993
0.01747013
0.01079281
0.00245798
-0.00136744
-0.00017651
-0.00167839
-0.00879028
-0.01352150
-0.02915857
-0.05156233
-0.06976164
-0.07547822
-0.06538787
-0.04743231
-0.02395447
0.00205703
0.02079899
0.02578623
0.01293979
-0.00939266
-0.02647926
-0.03525797
-0.02923139
-0.01457358
0.00089206
0.01867309
0.04202535
0.06897310
0.08840039
0.09436570
0.08343165
0.06104604
0.04289140
0.04381073
0.05946600
0.07877489
0.08461469
0.07825731
0.06307488
0.04983861
0.04261624
0.03186263
0.02068570
0.00624069
-0.00670085
-0.01092447
-0.00701868
-0.00398807
0.00174757
0.00691405
0.00296477
-0.00468711
-0.01446366
-0.03282863
-0.04716256
-0.04912390
-0.03655841
-0.01914078
-0.01815537
-0.02966292
-0.04606036
-0.06158469
-0.07164285
-0.08091359
-0.09041075
-0.09289035
-0.09636342
-0.09781384
-0.08697531
-0.07020855
-0.06086740
-0.05930579
-0.05998105
-0.05887643
-0.05209959
-0.03472393
-0.00180961
0.02784988
0.04003370
0.03912787
0.03095656
0.01226191
0.00313687
0.00756662
0.02250338
0.03630385
0.03992675
0.04521429
0.05197164
0.05777120
0.05613290
0.04736889
0.03379658
0.02312822
0.01854413
0.02677329
0.04926305
0.07270548
0.08388855
0.08242663
0.07355749
0.06221076
0.05029894
0.03259147
0.00651082
-0.02135688
-0.04585961
-0.05811520
-0.05907023
-0.05665824
-0.05375462
-0.05504116
-0.05987936
-0.06664638
-0.07104802
-0.06733865
-0.06040504
-0.05202101
-0.03956718
-0.03228375
-0.03617033
-0.04330767
-0.04670060
-0.05070552
-0.04808760
-0.03763200
-0.02509357
-0.01086807
0.00121135
0.01630793
0.03236125
0.04747616
0.05636806
0.04640933
0.03333550
0.02161012
0.00789573
-0.00559019
-0.00953810
0.00648151
0.02918517
0.03216815
0.02033358
0.00156504
-0.00820404
0.00163127
0.01948887
0.03051553
0.03176039
0.03031449
0.03077902
0.03388536
0.02663359
0.01767637
0.00467690
-0.01056557
-0.01668618
-0.01029649
-0.00773182
-0.01446036
-0.02446108
-0.03869989
-0.04732157
-0.05154706
-0.04849894
-0.04140141
-0.03992104
-0.03317441
-0.01591974
0.00523132
0.02385482
0.03827488
0.04571202
0.04425681
0.03544636
0.01529862
-0.01337531
-0.03914123
-0.04971221
-0.03479340
-0.00481225
0.03040149
0.05872003
0.07166105
0.07875337
0.08817845
0.09122442
0.08062893
0.06079323
0.03223042
0.00372371
-0.00630061
0.01062245
0.03512103
0.05088434
0.05604985
0.05569612
0.05763842
0.05720207
0.04232966
0.02133214
0.00194011
-0.00883701
-0.01504045
-0.02201707
-0.03014526
-0.03290927
-0.03282239
-0.03780696
-0.04423075
-0.04994360
-0.05095322
-0.04544099
-0.03410965
-0.02208777
0.00123264
0.01519250
0.01961231
0.01852106
0.01721253
0.01528794
0.01693028
0.02144288
0.01475488
0.00426838
-0.00266750
-0.00975026
-0.01543358
-0.01987046
-0.03254895
-0.04138713
-0.04548947
-0.03014856
0.00076264
0.02242141
0.02854457
0.02789595
0.02959332
0.03368463
0.03877656
0.02937225
0.00412019
-0.00972418
-0.01381124
-0.01889688
-0.02832365
-0.03822879
-0.04289725
-0.04237188
-0.03508086
-0.01717877
-0.00041297
-0.00010486
-0.00681640
-0.01843209
-0.03157168
-0.04046398
-0.04457860
-0.04635437
-0.04116863
-0.03103183
-0.02300845
-0.01857038
-0.01853668
-0.01921492
-0.02137830
-0.02108858
-0.02143737
-0.02014091
-0.01835587
-0.01300797
-0.00093419
0.01291643
0.02661813
0.03649687
0.03488632
0.02119184
0.01367855
0.00812367
0.00986076
0.02079213
0.03729066
0.05961645
0.07394953
0.07322434
0.06412393
0.05211244
0.04369441
0.03021515
0.00596365
-0.01791758
-0.03687730
-0.04284632
-0.02919562
-0.00326822
0.02434117
0.04778998
0.06319099
0.07062376
0.07443553
0.07505164
0.06007705
0.04046554
0.01054387
-0.02120156
-0.04740125
-0.06273487
-0.06782260
-0.05995531
-0.04816305
-0.04673706
-0.04739289
-0.05131271
-0.05110051
-0.04612594
-0.04175418
-0.04682048
-0.05965919
-0.07323637
-0.08147079
-0.08568233
-0.08006923
-0.06394196
-0.04044417
-0.01822139
0.00212052
0.01831918
0.03791547
0.06334208
0.08299958
0.09290281
0.08363413
0.06572196
0.05215194
0.04142465
0.03593814
0.02859521
0.01342073
-0.00425376
-0.02158146
-0.03100006
-0.02872846
-0.01092837
0.00557429
0.03043992
0.05705791
0.07772931
0.09458897
0.09981247
0.09039185
0.06287436
0.03294459
0.01303530
0.00497739
0.00435222
0.00859144
0.00254804
-0.01271208
-0.02757746
-0.03221427
-0.02642057
-0.01392444
-0.00449953
-0.00133640
-0.00310700
-0.00737558
-0.01191344
-0.01958678
-0.02633701
-0.02874510
-0.02713643
-0.01604278
0.00197158
0.01567439
0.01930778
0.01087252
-0.00177737
-0.01297785
-0.01956995
-0.02548784
-0.03151384
-0.03474503
-0.03802826
-0.04147160
-0.03746998
-0.02722390
-0.01441865
-0.01316183
-0.03230093
-0.05293534
-0.06490383
-0.06350522
-0.04445857
-0.02566895
-0.01426515
-0.00609576
0.00316094
0.01217184
0.01307883
0.00834319
0.00294863
0.00134031
0.00562760
0.02437135
0.05232979
0.07869397
0.08949294
0.08291930
0.07009406
0.05703118
0.04624595
0.03571063
0.02179605
0.00593634
-0.00880442
-0.02531999
-0.04267603
-0.05966078
-0.07806130
-0.09254400
-0.09276811
-0.07063684
-0.04232747
-0.02439251
-0.01724302
-0.01581572
-0.01929258
-0.02196466
-0.02100656
-0.01361735
0.00102713
0.01784523
0.02910739
0.03137928
0.03814631
0.04648822
0.05607454
0.06453275
0.06374466
0.05030040
0.03696122
0.02853743
0.02872957
0.03252946
0.03164449
0.03317183
0.03583851
0.03886220
0.03012019
0.00562021
-0.01947035
-0.04292074
-0.05895369
-0.05750996
-0.04362731
-0.02809839
-0.02077435
-0.02171229
-0.02019000
-0.00771289
0.01156251
0.03009843
0.04033766
0.04058906
0.03343629
0.01531444
-0.00308178
-0.01441349
-0.02068087
-0.02619142
-0.03761185
-0.04472481
-0.03662855
-0.02479704
-0.01894987
-0.02176146
-0.02793498
-0.04004897
-0.05814016
-0.07801940
-0.09151447
-0.08666890
-0.06283296
-0.03037700
-0.00021808
0.02207155
0.02948143
0.03391189
0.04657171
0.06361855
0.07771659
0.08522339
0.08182945
0.06453394
0.04810340
0.04429026
0.05021404
0.05491893
0.04988997
0.03766287
0.02587744
0.02090968
0.01931610
0.02223908
0.01294960
-0.00770164
-0.02589469
-0.03471800
-0.03328623
-0.01910957
0.00208369
0.01382054
0.02215568
0.02114356
0.01735194
0.00833894
-0.00530791
-0.01462077
-0.02304623
-0.03043435
-0.03360782
-0.03316028
-0.03307994
-0.03215606
-0.03500412
-0.04470862
-0.05973854
-0.06955318
-0.06759092
-0.06013594
-0.04450055
-0.02838985
-0.01587871
-0.00826969
-0.00534859
-0.00749789
-0.02672710
-0.04108171
-0.03247000
-0.02324323
-0.01996101
-0.02158398
-0.02495622
-0.01767865
-0.00948307
-0.00840708
-0.00689555
0.00529844
0.01382555
0.00469237
-0.00602894
0.00752270
0.04074913
0.07243025
0.09436530
0.10408990
0.11155420
0.11854620
0.12515470
0.12740590
0.12575250
0.11961910
0.10227920
0.08061025
0.06499403
0.04254791
0.02510182
0.01566173
-0.00420582
-0.02644079
-0.05890430
-0.08713686
-0.09712468
-0.07830563
-0.05258527
-0.04152230
-0.04705473
-0.06202419
-0.06562370
-0.05454236
-0.03229812
-0.01303943
-0.00237014
-0.01165613
-0.03400322
-0.04917153
-0.05066368
-0.04307681
-0.03075203
-0.02092116
-0.01673291
-0.01771095
-0.02809442
-0.04377677
-0.05392562
-0.04862350
-0.03219829
-0.02588127
-0.02697964
-0.02715592
-0.02207308
-0.00842631
0.01085086
0.03210887
0.04209385
0.03646876
0.01679726
0.00090383
-0.00799035
-0.00575938
0.00679501
0.02203098
0.04597573
0.06619645
0.08378152
0.10610750
0.12537760
0.13647040
0.13258650
0.11600360
0.09809474
0.08249108
0.06616014
0.04075632
0.00515454
-0.02738417
-0.04995747
-0.05776526
-0.05105741
-0.03677198
-0.02096982
-0.00866114
-0.00254182
-0.00251393
-0.00159660
-0.00409831
-0.01377469
-0.02828484
-0.03422801
-0.02286994
-0.01664756
-0.03044369
-0.05021905
-0.06497093
-0.07557649
-0.08236317
-0.08738422
-0.09222881
-0.09957648
-0.10448730
-0.09508559
-0.06790011
-0.04049941
-0.02470835
-0.02259141
-0.03086928
-0.03536499
-0.02354273
0.00173639
0.03384748
0.06309032
0.07215044
0.06692750
0.06078555
0.04642749
0.01916747
-0.00571698
-0.02913058
-0.04430359
-0.06426040
-0.09390517
-0.11497070
-0.13147680
-0.13397120
-0.12013140
-0.07606886
-0.01656458
0.05317132
0.11840290
0.17752060
0.22160560
0.25284360
0.27358390
0.26913520
0.25418150
0.20756810
0.13662160
0.05360843
-0.02649363
-0.08520220
-0.10844030
-0.10864160
-0.08245457
-0.02849086
0.01572165
0.02822950
0.01460495
-0.01327205
-0.04566356
-0.06773370
-0.09104926
-0.11825200
-0.14350350
-0.16462300
-0.17627480
-0.17182600
-0.15194660
-0.11820640
-0.07724756
-0.03373983
0.02102362
0.06656728
0.08877539
0.09158616
0.07503836
0.05192074
0.02296975
-0.00043143
-0.01984950
-0.04788554
-0.06526463
-0.06907363
-0.05409321
-0.03338447
-0.01535730
0.00641530
0.03278811
0.05761563
0.06895467
0.06897068
0.06435897
0.05459116
0.05403190
0.05997924
0.07365511
0.09496568
0.10389550
0.10417580
0.09253727
0.07270002
0.05201925
0.03522978
0.02620149
0.02998136
0.04288920
0.05781766
0.07351009
0.08864971
0.10123830
0.10794860
0.10353790
0.08695143
0.07076072
0.06110516
0.06155576
0.05490409
0.02911419
-0.00743876
-0.05057888
-0.09340891
-0.12858690
-0.15636480
-0.16727800
-0.16740060
-0.15822900
-0.13541480
-0.11061580
-0.08805568
-0.07413187
-0.06635867
-0.06123847
-0.05677210
-0.04828999
-0.03371951
-0.01642256
0.00348968
0.02155572
0.03401176
0.04229090
0.03849528
0.02371630
0.00243788
-0.00756851
-0.00086527
0.02179384
0.03836151
0.02866519
0.00772849
-0.02078784
-0.03717739
-0.04311500
-0.05338353
-0.06220875
-0.06677242
-0.06443272
-0.05128817
-0.02771716
0.00223699
0.03292248
0.05684640
0.07585596
0.08593644
0.08857705
0.08846467
0.08148463
0.06581622
0.04779570
0.03075744
0.01487586
0.00979915
0.00888913
0.00812089
0.00698036
0.00394874
0.00203402
-0.00079156
-0.00541743
-0.00874485
-0.00979053
-0.01110141
-0.01754289
-0.02775836
-0.04044326
-0.05148902
-0.05436560
-0.05330804
-0.04869680
-0.04624694
-0.04626854
-0.04982138
-0.06303158
-0.07793192
-0.08562596
-0.08351474
-0.06675533
-0.04394728
-0.02332714
0.00199519
0.02639135
0.04911371
0.06815080
0.08264890
0.09160839
0.09074628
0.07982699
0.05902084
0.03790766
0.02346325
0.01906991
0.01672881
0.01851260
0.01786265
0.01240952
0.00469914
-0.00527054
-0.01235261
-0.02129006
-0.02924422
-0.03858764
-0.04056053
-0.03318003
-0.02486725
-0.01826806
-0.01086614
-0.00043890
0.00816865
0.01743819
0.02509408
0.03013367
0.03534564
0.03875629
0.04194967
0.04286744
0.03874130
0.03227527
0.02831539
0.02535306
0.02336891
0.02206816
0.02066439
0.01567532
0.00788022
0.00228526
0.00013688
0.00747143
0.01994985
0.02792394
0.02886206
0.02155145
0.01020775
-0.00380631
-0.01968085
-0.03251274
-0.04275892
-0.05132110
-0.05641833
-0.05981421
-0.06570808
-0.07509645
-0.08384326
-0.08806025
-0.08718541
-0.07552711
-0.05534776
-0.03241950
-0.01006142
0.00799021
0.02424969
0.04100388
0.05771114
0.07327396
0.07974755
0.07811928
0.07186939
0.06468415
0.05621779
0.04557271
0.03462672
0.02307893
0.01246444
0.00530264
-0.00200604
-0.01190451
-0.01919892
-0.02707167
-0.03267391
-0.03338219
-0.03318471
-0.03412047
-0.03631184
-0.03513619
-0.03087710
-0.02463921
-0.01754146
-0.00749897
0.00622775
0.01590507
0.01912578
0.01210059
0.00023651
-0.01277303
-0.02781033
-0.03487838
-0.03583664
-0.03547807
-0.03887618
-0.04706726
-0.05781754
-0.06607596
-0.07022174
-0.07383407
-0.07152122
-0.06585665
-0.05647318
-0.04804952
-0.03501241
-0.01681309
0.00694115
0.03114520
0.04952301
0.06655442
0.07635911
0.08062418
0.07680167
0.06897260
0.06123939
0.05519735
0.05112594
0.05005740
0.04536582
0.03466337
0.02668738
0.02101964
0.01659731
0.01455975
0.01374719
0.01075182
0.00657020
0.00004869
-0.00268353
-0.00365217
-0.00510940
-0.00627186
-0.01120220
-0.01971580
-0.02787956
-0.03381462
-0.03575535
-0.03587846
-0.03782330
-0.03895724
-0.03713114
-0.02590372
-0.00902856
0.01012323
0.02422500
0.03206805
0.03751510
0.04165247
0.04726985
0.05161326
0.05261308
0.04593231
0.03434840
0.02836834
0.02824105
0.02603397
0.02159513
0.01412280
0.00734202
0.00462798
0.00046655
-0.00378057
-0.00832451
-0.01125177
-0.01249194
-0.01384330
-0.01295475
-0.01111353
-0.01080332
-0.00686194
0.00107989
0.00810983
0.01294166
0.01630978
0.01728906
0.01495537
0.00866612
-0.00068621
-0.00627167
-0.01134919
-0.01495383
-0.01579632
-0.01783936
-0.01575956
-0.01151227
-0.00777295
-0.00380617
-0.00126128
-0.00072580
-0.00121848
-0.00494763
-0.00835243
-0.01102997
-0.01125341
-0.01145441
-0.01080167
-0.00690637
-0.00562838
-0.00685757
-0.01384160
-0.02306251
-0.03271793
-0.04153085
-0.04563647
-0.04678104
-0.04449332
-0.03462394
-0.02239735
-0.01296761
-0.00529635
0.00010233
0.00553059
0.00955941
0.01397072
0.02073209
0.02188652
0.02096423
0.02366496
0.02852912
0.03316886
0.03205478
0.02832438
0.02252033
0.01703348
0.00681281
-0.00168305
-0.00279412
0.00508611
0.01778582
0.02637289
0.03416844
0.04041051
0.04099158
0.03937046
0.03796149
0.03048760
0.01794022
0.00382000
-0.00426388
-0.00435402
0.00017337
0.00350328
0.00438109
0.00333110
0.00492494
0.00778256
0.00564726
0.00213190
-0.00159562
-0.00519362
-0.00602742
-0.00797303
-0.01534913
-0.02256611
-0.02641302
-0.02563117
-0.02026546
-0.01684388
-0.01500737
-0.00995278
-0.00431271
0.00114273
0.00567404
0.00584280
-0.00044096
-0.01416461
-0.02741396
-0.03855397
-0.04691346
-0.04928759
-0.04559988
-0.04003129
-0.03611613
-0.03452250
-0.03030646
-0.02449003
-0.01833703
-0.01160160
-0.00772422
-0.00545335
-0.00199316
0.00595502
0.01506394
0.02344867
0.02925891
0.03300466
0.03635465
0.03886210
0.03998133
0.04194613
0.04293581
0.04605932
0.04832296
0.04812738
0.04835917
0.04499648
0.03996505
0.03427674
0.02827631
0.02359166
0.01875912
0.01350632
0.00707848
-0.00199525
-0.01361388
-0.02386266
-0.03314040
-0.03985082
-0.04479052
-0.04451905
-0.04339791
-0.04525418
-0.04839156
-0.05202162
-0.05289971
-0.05331983
-0.04636638
-0.03274316
-0.01975438
-0.01289172
-0.01265295
-0.01349336
-0.01192247
-0.00839729
-0.00421726
0.00028610
0.00218947
0.00701208
0.01710808
0.02783749
0.04037333
0.04679629
0.04684630
0.03932992
0.02515805
0.01042315
0.00150426
-0.00048168
0.00178678
0.00906753
0.01382173
0.01586068
0.01416643
0.01148686
0.00887255
0.00846859
0.00809420
0.00464144
-0.00013324
-0.00762010
-0.01374323
-0.02093023
-0.02663108
-0.02997065
-0.03236161
-0.03328276
-0.03173551
-0.02419578
-0.01217926
0.00050944
0.00854387
0.01305521
0.01526033
0.01343748
0.00524165
-0.00770738
-0.01679980
-0.01958861
-0.01408279
-0.00340354
0.00943505
0.02110983
0.02973785
0.03481219
0.03506091
0.02871533
0.01932403
0.01197068
0.00447351
0.00037293
-0.00010563
0.00072754
0.00226653
0.00486123
0.00860444
0.01269650
0.01792482
0.02111213
0.02427801
0.02757955
0.02753958
0.02762403
0.02750041
0.02368337
0.02072108
0.01876554
0.01513106
0.00989622
0.00393104
-0.00404557
-0.00828082
-0.01296182
-0.01965936
-0.02637117
-0.03762198
-0.04708678
-0.05688105
-0.06499332
-0.06940402
-0.06938384
-0.06897912
-0.06573370
-0.05787685
-0.04909590
-0.04156750
-0.03692060
-0.02896176
-0.01778379
-0.00415070
0.00967723
0.02109183
0.03099989
0.03803666
0.04431760
0.05007019
0.05543620
0.05955577
0.06117023
0.06065185
0.05769875
0.04858995
0.03461983
0.02121785
0.01048419
0.00517082
0.00009511
-0.00499794
-0.00960139
-0.01053997
-0.00751994
-0.00536179
-0.00497947
-0.00794376
-0.01195457
-0.01698232
-0.02227322
-0.02642069
-0.03214204
-0.03682398
-0.04080111
-0.04186103
-0.03984770
-0.03273537
-0.02145939
-0.01009162
-0.00202762
0.00078746
0.00072921
-0.00181681
-0.00532877
-0.01004739
-0.01456811
-0.01557902
-0.01201012
-0.00468659
0.00223099
0.00775831
0.01337539
0.01855083
0.02378441
0.02802962
0.03211571
0.03437091
0.03716264
0.03957392
0.04162615
0.04290525
0.03937505
0.03317144
0.02461674
0.01463200
0.00606405
0.00170463
-0.00054848
-0.00054228
0.00001575
0.00079819
0.00071465
-0.00293173
-0.00748081
-0.01353233
-0.02121687
-0.02496929
-0.02550055
-0.02186714
-0.01416493
-0.00857819
-0.00455510
-0.00152854
0.00220795
0.00758257
0.01100493
0.01360211
0.01544144
0.01624754
0.01433636
0.01316061
0.01239288
0.00821020
0.00308404
-0.00692588
-0.01657266
-0.02298836
-0.02439146
-0.01854095
-0.00990127
-0.00376445
-0.00274003
-0.00332853
-0.00317304
-0.00073168
0.00264182
0.00193877
0.00113228
0.00214088
0.00381686
0.00544985
0.00503338
0.00456817
0.00372263
0.00511953
0.00900601
0.01298342
0.01814499
0.02226690
0.02170033
0.01944621
0.01566360
0.01276535
0.01133351
0.00810370
0.00344771
-0.00093084
-0.00428036
-0.00355569
-0.00144647
-0.00075807
-0.00249371
-0.00643084
-0.00900618
-0.00953768
-0.00900861
-0.01028442
-0.01184744
-0.01501557
-0.01765816
-0.02015497
-0.02303236
-0.02445271
-0.02433346
-0.02262207
-0.01952027
-0.01613935
-0.01232342
-0.01006100
-0.01117716
-0.01241179
-0.01265176
-0.00980939
-0.00518405
-0.00198670
-0.00171018
-0.00291159
-0.00284160
0.00064246
0.00570477
0.01060168
0.01272209
0.01303398
0.01420707
0.01654656
0.01899246
0.01816266
0.01611899
0.01268041
0.00864977
0.00636390
0.00460848
0.00432761
0.00318259
0.00226481
0.00324671
0.00391694
0.00456086
0.00389324
0.00239360
-0.00038787
-0.00451267
-0.00852377
-0.01175568
-0.01357692
-0.01338721
-0.01099678
-0.00662424
-0.00194511
0.00213193
0.00544090
0.00634370
0.00552516
0.00366502
-0.00013439
-0.00260914
-0.00372086
-0.00467167
-0.00514354
-0.00611339
-0.00649265
-0.00617353
-0.00472476
-0.00320925
-0.00243572
-0.00279601
-0.00400325
-0.00492967
-0.00525975
-0.00509604
-0.00508243
-0.00487349
-0.00499062
-0.00454297
-0.00330343
-0.00203676
-0.00158007
-0.00178669
-0.00200384
-0.00163722
-0.00024210
0.00156505
0.00304687
0.00364169
0.00365834
0.00346024
0.00282680
0.00197390
0.00135675
0.00120127
0.00138296
0.00170886
0.00206881
0.00224367
0.00190522
0.00129995
0.00087256
0.00080367
0.00083398
0.00096687
0.00122329
0.00142866
0.00164059
0.00183172
0.00199271
0.00209053
0.00212851
0.00201138
0.00186791
0.00164688
0.00147002
0.00130944
0.00116518
0.00108593
0.00104647
0.00102352
0.00093329
0.00086019
0.00076916
0.00063743
0.00050438
0.00041709
0.00037399
0.00038125
0.00039875
0.00037904
0.00038160
0.00038165
0.00037556
0.00037205
0.00037461
0.00038332
0.00039164
0.00039734
0.00037688
0.00035811
0.00034236
0.00032678
0.00033239
0.00034474
0.00036703
0.00039066
0.00040497
0.00041543
0.00042229
0.00043263
0.00043603
0.00043522
0.00043155
0.00042059
0.00040350
0.00037999
0.00035674
0.00033301
0.00030998
0.00028908
0.00027054
0.00025494
0.00024126
0.00022850
0.00021700
0.00020635
0.00019618
0.00018667
0.00017777
0.00016948
0.00016165
0.00015424
0.00014718
0.00014045
0.00013399
0.00012775
0.00012167
0.00011568
0.00010972
0.00010372
