0.00026696
0.00027924
0.00028964
0.00029848
0.00030687
0.00031078
0.00031382
0.00031896
0.00032694
0.00033671
0.00034112
0.00034335
0.00035679
0.00035814
0.00035128
0.00036277
0.00033905
0.00028141
0.00024360
0.00024382
0.00030025
0.00041365
0.00052748
0.00060015
0.00055962
0.00045685
0.00036990
0.00024777
0.00011268
0.00017442
0.00035804
0.00051007
0.00058790
0.00059057
0.00048686
0.00031560
0.00016332
0.00013541
0.00021887
0.00047965
0.00071933
0.00089336
0.00098274
0.00085734
0.00055427
0.00013294
-0.00039398
-0.00071923
-0.00083815
-0.00060662
-0.00024812
0.00014820
0.00060414
0.00086724
0.00079238
0.00044210
-0.00007598
-0.00058560
-0.00071329
-0.00060880
-0.00017835
0.00051019
0.00090447
0.00061516
-0.00011839
-0.00073594
-0.00098704
-0.00100037
-0.00124440
-0.00152214
-0.00118686
-0.00023207
0.00056423
0.00082598
0.00135244
0.00196083
0.00197773
0.00077306
-0.00063301
-0.00088459
-0.00027959
0.00030582
0.00021047
-0.00042033
-0.00071298
-0.00030976
-0.00009785
0.00021387
0.00095414
0.00193736
0.00217581
0.00154668
0.00052934
-0.00006237
-0.00056601
-0.00042745
0.00012537
0.00166229
0.00355553
0.00372007
0.00165473
-0.00152173
-0.00405917
-0.00574247
-0.00555468
-0.00302575
0.00054275
0.00318136
0.00351809
0.00196531
-0.00072064
-0.00324319
-0.00373485
-0.00317273
-0.00292484
-0.00232110
-0.00086193
0.00049390
0.00074551
-0.00007400
-0.00186564
-0.00301789
-0.00351045
-0.00231214
0.00103273
0.00473417
0.00798077
0.00954570
0.00791575
0.00483459
0.00133659
-0.00194418
-0.00297510
-0.00262619
-0.00232192
-0.00130598
0.00058111
0.00245636
0.00338671
0.00276846
0.00016367
-0.00228477
-0.00288524
-0.00333274
-0.00371623
-0.00251342
0.00151110
0.00630138
0.00706635
0.00303760
-0.00279604
-0.00517611
-0.00408759
-0.00232527
-0.00029179
0.00095863
0.00098468
0.00145222
0.00250117
0.00399065
0.00491542
0.00449136
0.00266969
-0.00073547
-0.00520157
-0.00893636
-0.01027893
-0.00820620
-0.00430160
-0.00148485
0.00031106
0.00142705
0.00161175
0.00149672
0.00158180
0.00264238
0.00442642
0.00497778
0.00312773
0.00060904
-0.00218353
-0.00408001
-0.00428402
-0.00316781
-0.00138470
0.00074457
0.00217923
0.00349547
0.00379310
0.00226919
0.00163595
0.00251856
0.00311416
0.00249207
0.00136093
-0.00066488
-0.00290036
-0.00405835
-0.00410205
-0.00390453
-0.00320988
-0.00202882
-0.00037623
0.00085736
0.00059731
-0.00083270
-0.00219246
-0.00306724
-0.00394563
-0.00477909
-0.00492322
-0.00366227
-0.00157012
0.00022920
0.00094521
0.00024194
0.00073237
0.00312073
0.00552575
0.00653317
0.00597600
0.00468031
0.00258475
-0.00026504
-0.00256208
-0.00360677
-0.00382372
-0.00440332
-0.00405604
-0.00206260
-0.00014233
0.00028241
0.00004493
-0.00007189
-0.00028034
-0.00202422
-0.00523907
-0.00705961
-0.00550929
-0.00220545
0.00134250
0.00295594
0.00274199
0.00221830
0.00076960
-0.00203191
-0.00438174
-0.00479522
-0.00344668
-0.00102906
0.00253492
0.00737190
0.01036910
0.00815303
0.00353019
0.00005552
-0.00233143
-0.00454477
-0.00650968
-0.00660588
-0.00341252
0.00196185
0.00663542
0.00728057
0.00417649
-0.00024272
-0.00409733
-0.00692573
-0.00896377
-0.00914669
-0.00752154
-0.00497901
-0.00205539
0.00158812
0.00476016
0.00532326
0.00395474
0.00135021
-0.00297715
-0.00718242
-0.00892384
-0.00591142
0.00104055
0.00778494
0.01064045
0.01028598
0.00735759
0.00146797
-0.00441630
-0.00630302
-0.00459893
-0.00254558
-0.00036456
0.00199734
0.00444640
0.00473464
0.00291632
0.00112003
-0.00146884
-0.00399604
-0.00452143
-0.00291368
0.00026938
0.00357168
0.00598753
0.00733553
0.00637598
0.00084007
-0.00716088
-0.01311008
-0.01481139
-0.01097948
-0.00301326
0.00442466
0.00867740
0.00941415
0.00549713
0.00037794
-0.00090174
0.00135822
0.00333566
0.00470627
0.00421880
0.00104568
-0.00325687
-0.00635851
-0.00581945
-0.00233395
0.00200982
0.00575747
0.00726063
0.00531043
0.00191931
-0.00152540
-0.00383603
-0.00324294
-0.00086760
0.00221331
0.00466267
0.00513905
0.00354020
0.00005969
-0.00346591
-0.00674708
-0.01008010
-0.01180110
-0.01124891
-0.00864537
-0.00289907
0.00383915
0.00626084
0.00306999
-0.00132397
-0.00321038
-0.00209115
-0.00017388
0.00113309
0.00279956
0.00461228
0.00538129
0.00600959
0.00660065
0.00639624
0.00466967
0.00210661
-0.00118640
-0.00486613
-0.00699584
-0.00601151
-0.00302388
-0.00046639
0.00066054
0.00068210
0.00001953
-0.00011622
0.00097218
0.00355978
0.00499041
0.00490141
0.00499420
0.00482578
0.00314186
0.00038756
0.00026389
0.00206721
0.00251344
0.00268296
0.00351701
0.00281897
0.00200449
0.00206664
0.00153139
-0.00034725
-0.00227223
-0.00381299
-0.00469336
-0.00359371
-0.00203169
-0.00043130
0.00175985
0.00543276
0.00948629
0.01163823
0.01131955
0.00853602
0.00293081
-0.00295015
-0.00526226
-0.00341334
0.00074136
0.00388718
0.00127286
-0.00548276
-0.01054684
-0.01078033
-0.00710409
-0.00218542
0.00250611
0.00398046
0.00034280
-0.00751355
-0.01372149
-0.01232579
-0.00518814
0.00238263
0.00676979
0.00862300
0.00826015
0.00558773
0.00155427
-0.00159862
-0.00201202
-0.00021307
0.00372486
0.00911427
0.01507988
0.01761328
0.01455850
0.00842488
0.00122920
-0.00597287
-0.01025052
-0.01035586
-0.00549140
0.00171467
0.00728114
0.00993275
0.00975355
0.00834657
0.00690523
0.00582477
0.00361459
-0.00049462
-0.00484608
-0.00774480
-0.00817873
-0.00664802
-0.00430059
-0.00386705
-0.00659895
-0.01021459
-0.01415766
-0.01950157
-0.02745602
-0.03330927
-0.02874122
-0.01094205
0.01594260
0.04248181
0.06156453
0.06581724
0.05578296
0.03408802
0.00976810
-0.01201933
-0.02330673
-0.01881792
-0.00194764
0.01616655
0.02709386
0.02908925
0.02436437
0.01466711
0.00155108
-0.01119867
-0.02276504
-0.03571543
-0.05168838
-0.06664091
-0.07650561
-0.07876019
-0.07703210
-0.07635492
-0.07279312
-0.05801280
-0.03250345
-0.00461543
0.01944847
0.03804619
0.04958760
0.05530537
0.05691697
0.05323022
0.04121234
0.02594665
0.01197057
0.00302138
0.00084409
0.00385842
0.01241493
0.02269562
0.03179290
0.03717170
0.03514574
0.02413713
0.00342765
-0.02031616
-0.03592424
-0.03987112
-0.03453236
-0.01902723
0.00457960
0.02671514
0.04036176
0.04028363
0.03160867
0.02237682
0.01209138
-0.00084568
-0.01121227
-0.01674281
-0.01946364
-0.02028415
-0.01858705
-0.01608260
-0.01596165
-0.02048339
-0.02978440
-0.04069014
-0.05054836
-0.05275021
-0.04539523
-0.02880438
-0.00905585
0.00860830
0.02716805
0.04585408
0.06205903
0.07262779
0.07528999
0.06960076
0.05588567
0.03824082
0.02452876
0.01624611
0.00893752
-0.00001245
-0.01278271
-0.02769226
-0.04370789
-0.05667385
-0.06128553
-0.05607644
-0.04208838
-0.02034221
0.00183055
0.01564517
0.02293971
0.02432229
0.01936846
0.00748935
-0.00877769
-0.02352037
-0.03222297
-0.03639384
-0.03816405
-0.03821794
-0.03674638
-0.03121834
-0.02037317
-0.00986726
-0.00328921
-0.00098968
-0.00315929
-0.00832153
-0.00936091
0.00000259
0.01634230
0.03068229
0.03897966
0.04080583
0.03785573
0.03381888
0.03121122
0.02782770
0.02282824
0.01515804
0.00545444
-0.00326902
-0.00890839
-0.01101404
-0.00849767
0.00093700
0.01732229
0.03484912
0.04776366
0.05373691
0.05228315
0.04538371
0.03689913
0.02920704
0.01735063
-0.00217973
-0.02024449
-0.03186261
-0.03947190
-0.04738076
-0.05469654
-0.05802515
-0.05375969
-0.03842335
-0.01582566
0.00040951
0.00308721
-0.00468430
-0.01701270
-0.02766546
-0.03441997
-0.03598602
-0.03168328
-0.01929776
-0.00284620
0.00699837
0.01157998
0.01665673
0.02219385
0.02499645
0.02396274
0.01897811
0.00811759
-0.00775602
-0.02671490
-0.04163250
-0.04890515
-0.05029983
-0.04626415
-0.03610672
-0.02089605
-0.00168781
0.02496812
0.05711465
0.08662113
0.10429150
0.10827530
0.10290470
0.09191175
0.07331041
0.04869924
0.02579521
0.01042130
0.00180721
-0.00157917
-0.00212732
-0.00537742
-0.01648129
-0.03480883
-0.05444718
-0.07347388
-0.08364678
-0.07823702
-0.05709608
-0.02466351
0.00771211
0.03386803
0.05062215
0.05359765
0.04192676
0.02344045
0.00838100
-0.00580701
-0.01945330
-0.02856233
-0.03072948
-0.02771091
-0.02374559
-0.02152312
-0.01891978
-0.01657059
-0.01559681
-0.01412024
-0.01164014
-0.00859054
-0.00390627
0.00510024
0.01977430
0.03657787
0.05349228
0.06448717
0.06753161
0.06341334
0.04850374
0.02510863
0.00311478
-0.02134180
-0.04800701
-0.07542635
-0.09194188
-0.09600321
-0.09321295
-0.08564318
-0.07223782
-0.05564619
-0.04310690
-0.03530061
-0.02815426
-0.01865424
-0.00773981
0.00284634
0.01221059
0.01805692
0.01686238
0.00953904
0.00216824
-0.00326639
-0.00708713
-0.00607263
0.00377570
0.01920427
0.03466362
0.04947611
0.06508255
0.07836823
0.08351723
0.08112752
0.07363620
0.06332995
0.05036681
0.03362180
0.01810184
0.01148825
0.01584346
0.02426628
0.03159115
0.03716337
0.03778525
0.03250835
0.02626329
0.02150174
0.01511975
0.00231512
-0.01650133
-0.03794613
-0.06011103
-0.08060360
-0.09911403
-0.11421750
-0.12401570
-0.12619740
-0.11957250
-0.10201820
-0.07774734
-0.05663665
-0.04188319
-0.03422123
-0.02991734
-0.02193424
-0.00805535
0.00671494
0.01939055
0.03181919
0.04469831
0.05770522
0.06966584
0.07932205
0.08351195
0.08115017
0.07383916
0.06263188
0.04915799
0.03304625
0.01518765
-0.00423103
-0.02623990
-0.04760042
-0.06406675
-0.07257578
-0.07082481
-0.06028163
-0.04492840
-0.02531826
0.00112813
0.03164737
0.06052029
0.07854106
0.08320176
0.08145040
0.07768272
0.07011604
0.05506622
0.03333659
0.01087868
-0.00941414
-0.02309699
-0.02872226
-0.03015079
-0.03142648
-0.03379120
-0.03690750
-0.03582044
-0.02394225
0.00105240
0.02901056
0.05350085
0.07217091
0.07814305
0.07222606
0.05685926
0.03701963
0.02194299
0.01332724
0.00728791
0.00614510
0.01102039
0.02090620
0.02998705
0.03198086
0.02477433
0.00404298
-0.02931659
-0.05397231
-0.06415335
-0.06573835
-0.06111655
-0.05275641
-0.04086294
-0.02635091
-0.01176384
0.00149484
0.01071523
0.01376066
0.01200145
0.00670552
0.00017783
-0.00607561
-0.01313307
-0.01995730
-0.02468870
-0.02817419
-0.03127143
-0.03468343
-0.03861935
-0.04097999
-0.03693980
-0.02279563
-0.00126359
0.02015782
0.03175855
0.03457460
0.03534934
0.03374777
0.02961202
0.02668377
0.02510180
0.02444738
0.02670512
0.03086101
0.03516661
0.03808099
0.03594555
0.02764514
0.01705970
0.00504206
-0.00628855
-0.01292082
-0.01314492
-0.00819171
0.00146381
0.01150057
0.01865676
0.02494458
0.02916240
0.02688532
0.01935642
0.01146427
0.00547661
0.00353601
0.00674897
0.01155672
0.01170251
0.00387100
-0.01137440
-0.03175194
-0.05112948
-0.06677420
-0.07665989
-0.08206029
-0.08411586
-0.08424414
-0.08341942
-0.08123440
-0.07650343
-0.06807000
-0.05461294
-0.03665904
-0.01865052
-0.00343411
0.00820442
0.01570082
0.01854214
0.01580185
0.00999477
0.00483480
0.00187461
0.00089918
0.00210700
0.00310268
0.00234503
-0.00031589
-0.00218575
-0.00202121
-0.00055037
0.00199823
0.00323640
0.00333316
0.00518243
0.00731781
0.00765560
0.00304018
-0.01030434
-0.02721272
-0.03881789
-0.04279410
-0.03920810
-0.02879384
-0.01383921
0.00086516
0.01086098
0.01637695
0.02030027
0.02218657
0.01968549
0.01509710
0.01106323
0.00930514
0.01154084
0.01677256
0.02139489
0.02233154
0.01841385
0.01146973
0.00498293
0.00247671
0.00599798
0.01260842
0.01884334
0.02277830
0.02527675
0.03065650
0.04265868
0.05602631
0.06684255
0.07586432
0.08225778
0.08619871
0.08417030
0.07560595
0.06196213
0.04574934
0.02946521
0.01373374
0.00007778
-0.00676059
-0.00820035
-0.00973925
-0.01358590
-0.02090201
-0.03179567
-0.04151474
-0.04805605
-0.05044615
-0.05014045
-0.04989287
-0.05003202
-0.04964088
-0.04691942
-0.04293737
-0.04026826
-0.04305126
-0.05250156
-0.06709172
-0.07783201
-0.07566255
-0.06028938
-0.03652272
-0.01831190
-0.01349932
-0.01643996
-0.01935583
-0.01699486
-0.00329521
0.01819648
0.03417872
0.04589970
0.05633608
0.06540871
0.07369713
0.08346646
0.09589361
0.10973780
0.11908530
0.12140310
0.11607080
0.10184800
0.07292886
0.02937939
-0.01727643
-0.05848142
-0.08247864
-0.08436307
-0.07053868
-0.04793230
-0.02471056
-0.00758672
0.00283069
0.00981446
0.01578088
0.01621965
0.00465407
-0.01907724
-0.05243140
-0.08964204
-0.12320420
-0.14526050
-0.15503710
-0.15666460
-0.14894560
-0.12577140
-0.08492799
-0.03880356
0.00529050
0.04857045
0.08986359
0.11855990
0.13738410
0.15079540
0.15816880
0.15884310
0.15233030
0.13788380
0.11203870
0.07446942
0.03427675
-0.01239882
-0.05121832
-0.06123462
-0.05049445
-0.02714408
0.00647376
0.03661844
0.05462929
0.06028481
0.05636999
0.04044592
0.01411968
-0.01930797
-0.05732136
-0.08931866
-0.10443500
-0.10855720
-0.10780590
-0.10648640
-0.10703910
-0.10884000
-0.10992790
-0.10809780
-0.10310070
-0.09308971
-0.07541761
-0.04577403
-0.00937228
0.02193026
0.04695325
0.06387776
0.07010091
0.07131356
0.07217704
0.07289062
0.07618294
0.08219974
0.08946420
0.09823177
0.10985790
0.12125210
0.12789360
0.12393340
0.10159930
0.05327820
-0.00432081
-0.06013563
-0.11331980
-0.15254920
-0.16438430
-0.15544010
-0.13253620
-0.09377610
-0.04822140
-0.00803346
0.02051339
0.03752679
0.04670112
0.04593467
0.03762333
0.02769042
0.01806461
0.00831122
-0.00150501
-0.01041061
-0.01866437
-0.02738921
-0.03778847
-0.05172222
-0.06659014
-0.07589647
-0.07592087
-0.06127764
-0.02811267
0.01075860
0.04405759
0.06536711
0.07498764
0.07672806
0.07106535
0.05707690
0.03722304
0.01410303
-0.01045640
-0.03045183
-0.04067918
-0.04052400
-0.03060485
-0.01217672
0.00707138
0.02092883
0.02898818
0.03232235
0.03353118
0.03147239
0.02564452
0.01634079
-0.00031646
-0.02089505
-0.03722701
-0.04737789
-0.05465204
-0.06015552
-0.06317121
-0.06265508
-0.05713181
-0.04431086
-0.02343983
0.00250948
0.02679313
0.04853946
0.06316037
0.06797987
0.06764376
0.06597562
0.06265498
0.05979992
0.06078515
0.06624277
0.07564141
0.08552391
0.09166582
0.09126760
0.08360054
0.06690377
0.04286361
0.01722426
-0.00484771
-0.01744014
-0.02173410
-0.02136182
-0.01854460
-0.01473480
-0.01165811
-0.00999400
-0.01102402
-0.01539895
-0.02153572
-0.02728698
-0.03077370
-0.03274700
-0.03531501
-0.04000093
-0.04614625
-0.05266575
-0.05783621
-0.06027168
-0.06111053
-0.06194490
-0.06298346
-0.06443529
-0.06655266
-0.06934407
-0.07257484
-0.07495309
-0.07409767
-0.06610844
-0.04623323
-0.01440110
0.02127990
0.05536938
0.08337445
0.09866108
0.10285730
0.09872889
0.08898187
0.07751941
0.06435877
0.04874214
0.03198187
0.01490496
-0.00193249
-0.01853984
-0.03221278
-0.04001863
-0.04034679
-0.03264782
-0.01676730
0.00407360
0.02378614
0.03539156
0.03842351
0.03814951
0.03744441
0.03602014
0.03452839
0.03335000
0.03328809
0.03356710
0.03476673
0.03598091
0.03501561
0.03270838
0.02940634
0.02386316
0.01407711
0.00324802
-0.00719630
-0.02053515
-0.03472915
-0.04246361
-0.04267550
-0.03862233
-0.03295132
-0.02770128
-0.02382123
-0.02211209
-0.02216265
-0.02322387
-0.02657187
-0.03496129
-0.04897454
-0.06359160
-0.07304224
-0.07514084
-0.06997175
-0.05851343
-0.04164134
-0.02257332
-0.00559033
0.00541020
0.01341449
0.01884820
0.02139581
0.02178524
0.01984911
0.01632289
0.01374656
0.01376383
0.01689778
0.02199244
0.02611204
0.02711300
0.02499596
0.02110695
0.01687067
0.01149127
0.00418833
-0.00333018
-0.01004650
-0.01499433
-0.01984469
-0.02468772
-0.02908377
-0.03294305
-0.03367934
-0.03068314
-0.02548459
-0.01871904
-0.01219096
-0.00625949
-0.00001462
0.00477863
0.00710628
0.00607191
0.00130242
-0.00788811
-0.01834223
-0.02648783
-0.02988894
-0.02935446
-0.02566435
-0.01933606
-0.00809570
0.00499695
0.01551935
0.02401927
0.02511923
0.02017741
0.01675316
0.01645570
0.01942111
0.02579311
0.03496096
0.04915073
0.06465234
0.07501958
0.07877098
0.07664264
0.06845064
0.05419020
0.03674535
0.01988839
0.00346102
-0.01180217
-0.02277734
-0.02948040
-0.03294644
-0.03224880
-0.02814677
-0.02297358
-0.01894388
-0.01745561
-0.01838155
-0.02126246
-0.02571691
-0.02997378
-0.03526123
-0.04163887
-0.04667591
-0.04883330
-0.04786074
-0.04364343
-0.03735056
-0.03075284
-0.02521106
-0.02134772
-0.01831972
-0.01539617
-0.01277917
-0.01095664
-0.01036661
-0.00929946
-0.00606246
0.00053536
0.01138918
0.02689858
0.04323714
0.05764504
0.07012703
0.07954615
0.08434104
0.08416337
0.07951282
0.07089356
0.06094548
0.05294505
0.04736864
0.04441463
0.04306892
0.04042586
0.03746222
0.03368456
0.02689586
0.01847661
0.01004351
0.00145826
-0.00632447
-0.01302210
-0.01984535
-0.02703626
-0.03463615
-0.04122626
-0.04413699
-0.04312308
-0.03981179
-0.03492418
-0.02920960
-0.02345878
-0.01799386
-0.01227831
-0.00587710
-0.00002787
0.00481459
0.00846577
0.00977175
0.00993182
0.01108665
0.01362758
0.01662079
0.01934155
0.02170317
0.02375570
0.02546270
0.02606195
0.02373397
0.01639551
0.00582811
-0.00534806
-0.01647619
-0.02460894
-0.02890121
-0.03112735
-0.03455645
-0.03875362
-0.04317955
-0.04778570
-0.04975627
-0.04901489
-0.04754260
-0.04679943
-0.04769788
-0.05145096
-0.05698308
-0.06206834
-0.06381965
-0.06153234
-0.05394900
-0.04168589
-0.02675594
-0.01209227
-0.00092532
0.00702906
0.01125368
0.01306209
0.01550085
0.01928853
0.02346393
0.02736761
0.03237754
0.03874647
0.04384661
0.04553640
0.04427765
0.04168593
0.03898046
0.03678885
0.03394635
0.03089586
0.02868103
0.02551507
0.01870415
0.01028465
0.00344770
-0.00242769
-0.00693113
-0.01041325
-0.01433104
-0.01730155
-0.01865876
-0.01887878
-0.01817559
-0.01682070
-0.01624774
-0.01714673
-0.02072756
-0.02519992
-0.03019687
-0.03465719
-0.03582354
-0.03527923
-0.03370242
-0.02966798
-0.02363247
-0.01507250
-0.00601003
0.00270096
0.01008514
0.01596089
0.02101497
0.02446531
0.02473237
0.02246081
0.01942096
0.01616220
0.01368282
0.01294955
0.01292392
0.01272241
0.01160637
0.00857517
0.00434457
0.00135710
-0.00053350
-0.00304084
-0.00618857
-0.00895467
-0.01161144
-0.01322890
-0.01389547
-0.01194269
-0.00772880
-0.00242827
0.00315438
0.00829791
0.01272575
0.01828144
0.02348652
0.02633140
0.02802779
0.02820431
0.02693306
0.02674369
0.02854030
0.03024986
0.03113465
0.03134954
0.03092953
0.03003834
0.02849307
0.02585104
0.02247800
0.01852226
0.01561357
0.01397461
0.01286749
0.01219950
0.01255422
0.01360273
0.01494549
0.01563424
0.01517550
0.01304613
0.00970251
0.00495660
-0.00311901
-0.01430881
-0.02543858
-0.03434211
-0.03971212
-0.04205340
-0.04136165
-0.03933514
-0.03768552
-0.03724799
-0.03842368
-0.04005749
-0.04113281
-0.04030028
-0.03832462
-0.03381295
-0.02793813
-0.02160449
-0.01489066
-0.00825606
-0.00258274
0.00280038
0.00741784
0.01040478
0.01288755
0.01452116
0.01419956
0.01327025
0.01253678
0.00976716
0.00377956
-0.00250099
-0.00535424
-0.00302096
0.00272471
0.01194626
0.02280737
0.03334978
0.04298115
0.05053751
0.05526965
0.05709096
0.05536559
0.04946242
0.04079497
0.02979762
0.01782934
0.00616662
-0.00414506
-0.01007867
-0.01186565
-0.01189686
-0.01138923
-0.00942787
-0.00548776
-0.00097786
0.00183443
0.00300303
0.00217193
0.00052104
-0.00083263
-0.00215220
-0.00394206
-0.00630511
-0.00950358
-0.01360728
-0.01889292
-0.02474247
-0.02929643
-0.03205155
-0.03280863
-0.03174289
-0.02915281
-0.02618676
-0.02460750
-0.02637964
-0.02999802
-0.03237843
-0.03253147
-0.03037300
-0.02591964
-0.02135832
-0.01669733
-0.01250211
-0.00932960
-0.00733562
-0.00596518
-0.00404058
-0.00151415
0.00136271
0.00454728
0.00707251
0.00798678
0.00789146
0.00773390
0.00669557
0.00573650
0.00712943
0.01004537
0.01253814
0.01433132
0.01583199
0.01617700
0.01561438
0.01438479
0.01214727
0.01090096
0.01065886
0.01116431
0.01268798
0.01451083
0.01450732
0.01228503
0.00832553
0.00325958
-0.00052566
-0.00383523
-0.00743838
-0.01076574
-0.01359614
-0.01609542
-0.01735050
-0.01551551
-0.00922353
-0.00092195
0.00354050
0.00414331
0.00394629
0.00398482
0.00405583
0.00406325
0.00407567
0.00377532
0.00181820
-0.00156214
-0.00461238
-0.00624145
-0.00749213
-0.00782343
-0.00725212
-0.00570872
-0.00451378
-0.00339133
-0.00266284
-0.00264431
-0.00196155
0.00052104
0.00317051
0.00559575
0.00688717
0.00678788
0.00632330
0.00448071
0.00135339
-0.00225207
-0.00581666
-0.00892529
-0.01131239
-0.01264985
-0.01312548
-0.01206506
-0.01030318
-0.00870731
-0.00814122
-0.00863231
-0.00881129
-0.00666888
-0.00215218
0.00681508
0.01749231
0.02230763
0.02415983
0.02612398
0.02722503
0.02741583
0.02829841
0.03116362
0.03635289
0.04207369
0.04562192
0.04588206
0.04395680
0.03983229
0.03429832
0.02747552
0.01956717
0.01000463
0.00110767
-0.00345680
-0.00445583
-0.00345785
-0.00213020
-0.00184195
-0.00206519
-0.00325369
-0.00598343
-0.00936841
-0.01395543
-0.01908650
-0.02268112
-0.02505184
-0.02568504
-0.02543054
-0.02537377
-0.02553793
-0.02563874
-0.02561853
-0.02559932
-0.02537321
-0.02365517
-0.02017437
-0.01489701
-0.00813187
-0.00054045
0.00609056
0.01158214
0.01543362
0.01934961
0.02307411
0.02499990
0.02505563
0.02384422
0.02091115
0.01719254
0.01382404
0.01293906
0.01474532
0.01752542
0.01992251
0.02213013
0.02234296
0.02037337
0.01724036
0.01168402
0.00498096
-0.00138584
-0.00651987
-0.00915484
-0.01078201
-0.01313345
-0.01733135
-0.02308010
-0.02841137
-0.03172148
-0.03286163
-0.03244024
-0.03038680
-0.02708730
-0.02336190
-0.02096366
-0.02096013
-0.02320554
-0.02713971
-0.03167596
-0.03535458
-0.03637838
-0.03370898
-0.02817902
-0.02118669
-0.01534275
-0.01161907
-0.00967216
-0.01012065
-0.01259561
-0.01504903
-0.01640783
-0.01650097
-0.01491273
-0.00985530
-0.00305854
0.00370398
0.01023610
0.01551073
0.01932309
0.02266954
0.02553115
0.02812508
0.02952481
0.02914021
0.02691387
0.02226227
0.01552782
0.00980761
0.00464709
-0.00042101
-0.00528004
-0.01068035
-0.01634406
-0.02213078
-0.02670891
-0.02791799
-0.02681553
-0.02461834
-0.01990217
-0.01249206
-0.00538108
0.00023988
0.00408131
0.00640685
0.00758661
0.00838160
0.00962887
0.00976940
0.00811891
0.00585105
0.00317908
0.00035227
-0.00204749
-0.00404006
-0.00624847
-0.00733492
-0.00775774
-0.00716369
-0.00579766
-0.00371186
-0.00102788
0.00148146
0.00409716
0.00518712
0.00432344
0.00160575
-0.00196275
-0.00460472
-0.00623006
-0.00590386
-0.00426304
-0.00238905
-0.00139820
-0.00160293
-0.00426553
-0.01030855
-0.01668349
-0.01875088
-0.01679337
-0.01174532
-0.00449788
0.00284779
0.00905660
0.01341416
0.01593728
0.01648699
0.01733280
0.01882988
0.02046755
0.02245257
0.02482519
0.02679876
0.02857180
0.03037210
0.03209682
0.03368476
0.03489416
0.03438589
0.03160303
0.02786563
0.02418922
0.02123551
0.01899562
0.01829297
0.01959828
0.02056851
0.02039669
0.01904510
0.01599176
0.01142735
0.00553457
-0.00039039
-0.00498330
-0.00729422
-0.00962710
-0.01108639
-0.01154012
-0.01132083
-0.00976380
-0.00785143
-0.00641392
-0.00472552
-0.00316824
-0.00227210
-0.00191240
-0.00212211
-0.00239459
-0.00238586
-0.00196070
-0.00010046
0.00186795
0.00278159
0.00295908
0.00258748
0.00229138
0.00231606
0.00244093
0.00410184
0.00746761
0.01112708
0.01341530
0.01449861
0.01507717
0.01511511
0.01502604
0.01496016
0.01412443
0.01191554
0.00937536
0.00598132
0.00190358
-0.00132114
-0.00349524
-0.00485796
-0.00498152
-0.00439866
-0.00327988
-0.00221945
-0.00142796
-0.00129221
-0.00159549
-0.00320367
-0.00548571
-0.00715219
-0.00930230
-0.01102830
-0.01074774
-0.00906310
-0.00659391
-0.00439573
-0.00238569
-0.00126916
-0.00098575
-0.00045954
-0.00053504
-0.00163716
-0.00360171
-0.00504393
-0.00523304
-0.00486781
-0.00529429
-0.00738050
-0.01122313
-0.01623286
-0.02099453
-0.02479024
-0.02722670
-0.02780935
-0.02700517
-0.02517698
-0.02289976
-0.02042150
-0.01836695
-0.01713609
-0.01684041
-0.01769042
-0.02068324
-0.02443806
-0.02646793
-0.02658603
-0.02511071
-0.02256053
-0.01874630
-0.01389839
-0.00951441
-0.00556887
-0.00269120
-0.00112167
-0.00066602
-0.00075049
-0.00078882
-0.00108126
-0.00178269
-0.00224747
-0.00333463
-0.00475660
-0.00413472
-0.00098532
0.00332430
0.00748644
0.01110097
0.01269833
0.01203690
0.00966844
0.00538566
-0.00167905
-0.00858400
-0.01316574
-0.01584403
-0.01635218
-0.01479182
-0.01200193
-0.00879271
-0.00586994
-0.00214435
0.00197029
0.00492687
0.00690292
0.00786788
0.00790095
0.00785943
0.00829697
0.00912952
0.01005076
0.01072815
0.01172513
0.01281553
0.01309414
0.01410726
0.01575282
0.01784501
0.01923006
0.01866093
0.01661159
0.01427788
0.01253494
0.01100145
0.00929895
0.00777948
0.00586987
0.00385986
0.00200338
0.00011288
-0.00087612
-0.00134439
-0.00242495
-0.00380594
-0.00460484
-0.00568647
-0.00661533
-0.00699541
-0.00714295
-0.00586484
-0.00368138
-0.00027688
0.00299934
0.00460719
0.00534838
0.00563259
0.00559982
0.00549113
0.00476138
0.00364741
0.00180228
0.00018679
-0.00053197
0.00034764
0.00321848
0.00665308
0.01031105
0.01404414
0.01747049
0.01978025
0.02101462
0.02253636
0.02373679
0.02385530
0.02354138
0.02255802
0.02134396
0.02029470
0.01809036
0.01402212
0.00950318
0.00539744
0.00162396
-0.00078139
-0.00255833
-0.00352850
-0.00354927
-0.00340190
-0.00382032
-0.00444671
-0.00495552
-0.00577525
-0.00738921
-0.00870072
-0.00953255
-0.01025900
-0.01087573
-0.01062562
-0.00954104
-0.00740359
-0.00419991
-0.00103090
0.00085308
0.00149451
0.00316259
0.00551153
0.00777843
0.01053157
0.01285016
0.01401261
0.01373462
0.01193091
0.00984058
0.00770507
0.00528809
0.00310775
0.00146340
0.00032247
-0.00081633
-0.00202480
-0.00207538
-0.00086295
0.00033871
0.00048431
0.00016053
-0.00122210
-0.00282546
-0.00415503
-0.00578591
-0.00677857
-0.00690281
-0.00689533
-0.00718271
-0.00852421
-0.01054725
-0.01245018
-0.01420788
-0.01579083
-0.01684906
-0.01740486
-0.01706874
-0.01678914
-0.01621471
-0.01419966
-0.01164553
-0.00892004
-0.00656797
-0.00546726
-0.00506987
-0.00518510
-0.00622890
-0.00864240
-0.01096679
-0.01313753
-0.01437666
-0.01393246
-0.01265234
-0.01108846
-0.00944305
-0.00740302
-0.00530143
-0.00355499
-0.00211344
-0.00117226
0.00006732
0.00167965
0.00299200
0.00427539
0.00660454
0.00906887
0.01134160
0.01254165
0.01305110
0.01310019
0.01304904
0.01308014
0.01318424
0.01421578
0.01560257
0.01500511
0.01331116
0.01152260
0.00901303
0.00666105
0.00525895
0.00505958
0.00601353
0.00753746
0.00874232
0.00880243
0.00859517
0.00773435
0.00492201
0.00205985
0.00012488
-0.00130473
-0.00306605
-0.00461596
-0.00660844
-0.00936311
-0.01240487
-0.01525269
-0.01821765
-0.02045138
-0.02047683
-0.01822796
-0.01482608
-0.01145879
-0.00865514
-0.00664269
-0.00635196
-0.00657210
-0.00656541
-0.00691545
-0.00757150
-0.00711100
-0.00583057
-0.00411293
-0.00264126
-0.00172902
-0.00108062
0.00029897
0.00245446
0.00382968
0.00459255
0.00533998
0.00580678
0.00583460
0.00536276
0.00456087
0.00441024
0.00525232
0.00637904
0.00756747
0.00755597
0.00561863
0.00303345
0.00038797
-0.00309588
-0.00604327
-0.00783711
-0.00954607
-0.01118632
-0.01279802
-0.01456176
-0.01511053
-0.01525311
-0.01560626
-0.01559885
-0.01576825
-0.01576371
-0.01506477
-0.01458653
-0.01340820
-0.01119494
-0.00850643
-0.00502726
-0.00171712
0.00135673
0.00414926
0.00670392
0.00842399
0.00973271
0.01008208
0.01027323
0.01031052
0.00922864
0.00801662
0.00707444
0.00586994
0.00408317
0.00231945
0.00059819
0.00048113
0.00185065
0.00353835
0.00580409
0.00758840
0.00820137
0.00763894
0.00734833
0.00725394
0.00648842
0.00592011
0.00469487
0.00355281
0.00265035
0.00044109
-0.00181473
-0.00220408
-0.00136123
0.00012372
0.00264710
0.00643631
0.01030968
0.01356300
0.01562003
0.01535833
0.01280999
0.00984063
0.00755577
0.00626496
0.00595681
0.00621827
0.00703051
0.00807587
0.00856467
0.00846027
0.00837102
0.00816246
0.00736413
0.00700946
0.00710573
0.00728904
0.00758110
0.00762228
0.00718352
0.00637722
0.00483204
0.00282576
0.00081974
-0.00189444
-0.00435810
-0.00575062
-0.00766570
-0.00937475
-0.01060751
-0.01230273
-0.01416475
-0.01498883
-0.01523955
-0.01532293
-0.01476180
-0.01319757
-0.01194059
-0.01078477
-0.00913583
-0.00659987
-0.00402982
-0.00216688
-0.00030665
0.00171269
0.00185292
-0.00008097
-0.00174934
-0.00243897
-0.00260087
-0.00252259
-0.00181817
-0.00053054
0.00142814
0.00275700
0.00323170
0.00287241
0.00206613
0.00136767
0.00126853
0.00190697
0.00208065
0.00202216
0.00252170
0.00290224
0.00281553
0.00268736
0.00224945
0.00107410
0.00059675
0.00125290
0.00315200
0.00629541
0.00968787
0.01268863
0.01460870
0.01519549
0.01398451
0.01249263
0.01114723
0.00964852
0.00764474
0.00622265
0.00556231
0.00407822
0.00271320
0.00208352
0.00156640
0.00068491
-0.00098965
-0.00204031
-0.00195210
-0.00206533
-0.00212569
-0.00194430
-0.00238980
-0.00339652
-0.00427412
-0.00435115
-0.00352104
-0.00225942
-0.00006994
0.00218860
0.00467783
0.00663522
0.00694725
0.00590381
0.00429034
0.00262731
0.00171465
0.00167507
0.00232102
0.00362840
0.00530231
0.00625470
0.00604339
0.00441807
0.00162991
-0.00111132
-0.00407687
-0.00677677
-0.00811995
-0.00821947
-0.00810734
-0.00777279
-0.00632235
-0.00456185
-0.00335416
-0.00368427
-0.00541571
-0.00618722
-0.00560399
-0.00468375
-0.00525585
-0.00663240
-0.00811966
-0.00982722
-0.01172305
-0.01310260
-0.01320488
-0.01303514
-0.01292688
-0.01157768
-0.01046440
-0.01028231
-0.00931930
-0.00835570
-0.00792418
-0.00575425
-0.00232962
0.00120367
0.00449921
0.00661253
0.00780008
0.00756553
0.00567327
0.00260318
-0.00038967
-0.00332632
-0.00622360
-0.00814201
-0.00884149
-0.00879433
-0.00820642
-0.00723114
-0.00594317
-0.00424392
-0.00360561
-0.00322191
-0.00282747
-0.00283900
-0.00295218
-0.00343319
-0.00409254
-0.00418945
-0.00406501
-0.00321959
-0.00189350
-0.00051198
0.00062419
0.00068639
0.00097925
0.00198935
0.00369971
0.00597816
0.00818319
0.00979883
0.01075506
0.01187823
0.01221121
0.01205032
0.01197798
0.01152451
0.01058647
0.00975673
0.00885468
0.00660254
0.00460578
0.00325721
0.00166857
0.00031979
0.00004520
0.00007519
-0.00131844
-0.00246221
-0.00293023
-0.00427045
-0.00484706
-0.00433525
-0.00278055
-0.00083206
0.00015149
0.00006502
0.00097890
0.00243588
0.00289563
0.00377642
0.00431178
0.00292568
0.00133109
0.00000145
-0.00036063
-0.00023048
-0.00013263
0.00113614
0.00264950
0.00376449
0.00440004
0.00446399
0.00436087
0.00434381
0.00482431
0.00609501
0.00672440
0.00548759
0.00409685
0.00408811
0.00433755
0.00427076
0.00419041
0.00400863
0.00251235
0.00006395
-0.00080684
-0.00056858
-0.00102357
-0.00143612
-0.00123085
-0.00158454
-0.00333382
-0.00518991
-0.00713903
-0.00934140
-0.01028889
-0.01016634
-0.01080182
-0.01214848
-0.01235167
-0.01108140
-0.01003124
-0.00999524
-0.01016014
-0.01020239
-0.01119541
-0.01284624
-0.01443214
-0.01500456
-0.01486633
-0.01480111
-0.01385919
-0.01186518
-0.00929253
-0.00649165
-0.00427812
-0.00210441
-0.00005224
0.00218969
0.00436548
0.00678027
0.00905584
0.01056789
0.01171067
0.01217431
0.01210769
0.01165600
0.00995164
0.00784999
0.00580780
0.00400901
0.00303973
0.00179660
0.00044003
-0.00084627
-0.00020683
0.00114382
0.00213772
0.00307365
0.00362359
0.00382240
0.00378785
0.00374963
0.00374619
0.00365566
0.00293608
0.00192780
0.00132212
0.00138978
0.00158823
0.00158261
0.00106040
-0.00043233
-0.00140891
-0.00264427
-0.00345023
-0.00337984
-0.00325297
-0.00244345
-0.00089770
0.00070878
0.00224057
0.00360700
0.00350735
0.00207876
0.00135507
0.00146577
0.00166523
0.00301474
0.00560900
0.00796484
0.00880720
0.00864774
0.00837500
0.00689792
0.00481665
0.00366083
0.00375198
0.00395762
0.00491945
0.00624528
0.00640879
0.00616886
0.00532845
0.00355940
0.00188099
0.00151980
0.00177594
0.00235550
0.00368850
0.00592207
0.00818314
0.00934899
0.00937467
0.00866031
0.00786436
0.00699491
0.00527118
0.00395007
0.00422255
0.00579180
0.00706298
0.00764059
0.00767853
0.00729588
0.00641564
0.00493893
0.00390583
0.00294903
0.00149847
-0.00022829
-0.00156996
-0.00370581
-0.00596503
-0.00800513
-0.00963844
-0.00998258
-0.00976857
-0.00973354
-0.00967141
-0.00957782
-0.00957827
-0.00960305
-0.00960304
-0.00959712
-0.00950545
-0.00837743
-0.00731902
-0.00830306
-0.00959521
-0.01003078
-0.01088061
-0.01157129
-0.01159693
-0.01091983
-0.00866313
-0.00603113
-0.00431500
-0.00284105
-0.00143559
-0.00048789
0.00025194
0.00114298
0.00258224
0.00325111
0.00443934
0.00525995
0.00465893
0.00307097
0.00144001
0.00040310
0.00042629
0.00093805
0.00268789
0.00441930
0.00568099
0.00682121
0.00685275
0.00538004
0.00377237
0.00186135
-0.00039149
-0.00222818
-0.00354530
-0.00381907
-0.00360657
-0.00323564
-0.00191865
-0.00091191
-0.00005624
0.00090267
0.00113466
0.00100355
0.00099465
0.00103611
0.00103951
0.00103765
0.00107722
0.00118117
0.00169124
0.00211586
0.00298191
0.00339991
0.00326534
0.00317980
0.00308193
0.00201005
0.00082684
-0.00054060
-0.00248860
-0.00384074
-0.00484426
-0.00552274
-0.00561272
-0.00489520
-0.00352453
-0.00220531
-0.00099839
-0.00029313
-0.00023633
-0.00005231
-0.00017959
-0.00028508
-0.00023536
-0.00019343
-0.00016212
0.00048902
0.00165557
0.00191852
0.00171963
0.00168966
0.00177333
0.00271856
0.00376496
0.00375580
0.00352220
0.00349710
0.00347937
0.00311569
0.00212126
0.00145062
0.00145052
0.00125292
0.00039948
-0.00086981
-0.00184323
-0.00236339
-0.00291461
-0.00333097
-0.00329564
-0.00315329
-0.00309429
-0.00338990
-0.00434805
-0.00513997
-0.00578865
-0.00640005
-0.00682639
-0.00692341
-0.00671606
-0.00650429
-0.00634089
-0.00594637
-0.00476601
-0.00355939
-0.00275666
-0.00147030
0.00002468
0.00050900
0.00040256
0.00088694
0.00182960
0.00270959
0.00320837
0.00364087
0.00465556
0.00543158
0.00601738
0.00665724
0.00665212
0.00635505
0.00573694
0.00483908
0.00392196
0.00244718
0.00084217
-0.00061652
-0.00176000
-0.00251973
-0.00262121
-0.00241609
-0.00227434
-0.00191439
-0.00150758
-0.00142346
-0.00141368
-0.00142244
-0.00171173
-0.00182199
-0.00175510
-0.00193976
-0.00197977
-0.00159642
-0.00120408
-0.00111680
-0.00079268
-0.00014096
0.00004977
-0.00001260
0.00001083
0.00019042
0.00076163
0.00126868
0.00182089
0.00243681
0.00303360
0.00356292
0.00371811
0.00353003
0.00333780
0.00319971
0.00305317
0.00294705
0.00285353
0.00263217
0.00229133
0.00147559
0.00047815
-0.00023937
-0.00087543
-0.00128346
-0.00150823
-0.00158648
-0.00122240
-0.00087079
-0.00061620
-0.00024063
0.00006769
0.00011089
0.00006115
0.00004919
0.00004720
0.00003533
0.00000845
-0.00019626
-0.00036703
-0.00034251
-0.00029449
-0.00019382
0.00001859
0.00019249
0.00036565
0.00051029
0.00049832
0.00043895
0.00048624
0.00055011
0.00042941
0.00023922
0.00016125
0.00014447
0.00008189
-0.00002715
-0.00015665
-0.00028294
-0.00032508
-0.00031522
-0.00036417
-0.00044236
-0.00044403
-0.00043880
-0.00043029
-0.00039325
-0.00036413
-0.00035370
-0.00034327
-0.00032983
-0.00031714
-0.00030754
-0.00032996
-0.00034746
-0.00032843
-0.00031121
-0.00028680
-0.00026273
-0.00023899
-0.00020564
-0.00017570
-0.00015291
-0.00013652
-0.00011975
-0.00011093
-0.00010844
-0.00010504
-0.00010020
-0.00009525
-0.00009338
-0.00009917
-0.00010032
-0.00010059
-0.00010001
-0.00009975
-0.00009179
-0.00008105
-0.00006987
-0.00005155
-0.00003273
-0.00001828
-0.00000746
0.00000249
0.00000883
0.00001343
0.00001659
0.00001887
0.00002165
0.00002549
0.00002960
0.00003351
0.00003736
0.00004132
0.00004529
0.00004934
0.00005310
0.00005648
0.00005944
0.00006189
0.00006392
0.00006559
0.00006694
0.00006804
0.00006893
0.00006964
0.00007020
0.00007060
0.00007087
0.00007099
0.00007097
0.00007082
0.00007053
