0.00072670
0.00074066
0.00075104
0.00076039
0.00077323
0.00078212
0.00078605
0.00079204
0.00079879
0.00080929
0.00082182
0.00083515
0.00085205
0.00086423
0.00087501
0.00086318
0.00083855
0.00083594
0.00085577
0.00087910
0.00089363
0.00089445
0.00086664
0.00079036
0.00075214
0.00069260
0.00060765
0.00055517
0.00056052
0.00058402
0.00052885
0.00048266
0.00048495
0.00067848
0.00087478
0.00092360
0.00100873
0.00108547
0.00097511
0.00077609
0.00064911
0.00063446
0.00049700
0.00015420
0.00010583
0.00018468
0.00012061
0.00048593
0.00086783
0.00085274
0.00066368
0.00052639
0.00055035
0.00059983
0.00070985
0.00077367
0.00074261
0.00053401
0.00034320
0.00058565
0.00099999
0.00082740
-0.00016824
-0.00084404
-0.00051941
0.00017773
0.00028651
0.00044980
0.00093354
0.00107202
0.00045916
0.00026662
0.00094276
0.00132273
0.00118951
0.00064909
-0.00041802
-0.00116617
-0.00145418
-0.00078459
-0.00004636
0.00031370
0.00046443
-0.00017187
-0.00024305
0.00068390
0.00148547
0.00190519
0.00161203
0.00009843
-0.00147055
-0.00217103
-0.00200907
-0.00059465
0.00085152
0.00132919
0.00077779
-0.00060415
-0.00180345
-0.00122941
-0.00050054
-0.00059868
-0.00076885
-0.00113163
-0.00114457
-0.00036764
0.00081070
0.00224325
0.00319051
0.00263200
0.00186134
0.00135331
0.00173448
0.00161891
-0.00024242
-0.00169355
-0.00159640
0.00032451
0.00214318
0.00262683
0.00197705
-0.00079490
-0.00269955
-0.00152454
-0.00059946
-0.00083381
-0.00096076
-0.00036005
0.00038895
0.00113231
0.00158658
0.00169745
0.00293323
0.00360932
0.00255600
0.00084275
0.00011454
0.00030154
0.00040635
0.00035993
0.00036325
0.00039462
0.00029618
-0.00061965
-0.00217040
-0.00389013
-0.00575110
-0.00494081
-0.00120133
0.00092649
-0.00031174
-0.00348215
-0.00401282
-0.00300932
-0.00289474
-0.00309330
-0.00305488
-0.00267588
-0.00083577
0.00202187
0.00373283
0.00348818
0.00260623
-0.00031646
-0.00175888
0.00002146
0.00112883
0.00081280
-0.00016990
-0.00165856
-0.00100807
0.00184289
0.00378549
0.00394201
0.00340829
0.00170843
-0.00164412
-0.00392041
-0.00420082
-0.00374933
-0.00287740
-0.00077063
0.00169576
0.00261139
0.00211105
0.00104054
-0.00063828
-0.00281347
-0.00419099
-0.00354066
-0.00108905
0.00035075
0.00018005
-0.00007312
-0.00117833
-0.00396926
-0.00617181
-0.00645966
-0.00682712
-0.00669903
-0.00417437
0.00015324
0.00381942
0.00612461
0.00662948
0.00583747
0.00552870
0.00429545
-0.00017701
-0.00475598
-0.00597175
-0.00325107
-0.00068600
-0.00059466
-0.00187705
-0.00311932
-0.00334882
-0.00277339
-0.00001172
0.00311013
0.00356094
0.00187143
-0.00030428
-0.00111876
-0.00067740
-0.00119896
-0.00192063
-0.00096542
0.00131649
0.00220918
0.00164073
0.00035974
-0.00108982
-0.00185274
-0.00135257
-0.00027381
0.00060898
0.00034150
-0.00047722
-0.00046299
0.00022260
-0.00018429
-0.00122404
-0.00061698
0.00153797
0.00362269
0.00437464
0.00231517
-0.00207699
-0.00645439
-0.00931142
-0.00915097
-0.00617095
-0.00184233
-0.00006843
-0.00053739
-0.00007672
0.00133401
0.00003829
-0.00270302
-0.00470946
-0.00657229
-0.00756123
-0.00763557
-0.00643733
-0.00426247
-0.00306611
-0.00101424
0.00184389
0.00398750
0.00524942
0.00601554
0.00558585
0.00304903
0.00023811
-0.00143330
-0.00219242
-0.00394601
-0.00580313
-0.00381351
0.00060016
0.00287732
0.00221832
0.00061226
-0.00086750
-0.00212628
-0.00256218
-0.00194291
0.00031804
0.00255903
0.00364720
0.00397021
0.00367461
0.00143595
-0.00103178
-0.00237736
-0.00313280
-0.00448901
-0.00373195
-0.00041670
0.00292444
0.00418176
0.00407640
0.00323786
-0.00024634
-0.00248995
-0.00171874
-0.00086681
-0.00066643
0.00016456
0.00118001
0.00156953
0.00218130
0.00253201
0.00068761
-0.00375785
-0.00753179
-0.00848863
-0.00759035
-0.00530622
0.00030405
0.00502660
0.00685405
0.00629120
0.00437520
0.00141752
-0.00204387
-0.00501754
-0.00666976
-0.00564702
-0.00184708
0.00325364
0.01011612
0.01663304
0.01783214
0.01177961
0.00237999
-0.00637934
-0.00932530
-0.00777983
-0.00596875
-0.00354173
-0.00126757
-0.00117140
-0.00268636
-0.00366556
-0.00322345
-0.00135867
0.00142057
0.00216834
0.00027320
-0.00255715
-0.00435037
-0.00169521
0.00459579
0.00834885
0.00783682
0.00394152
-0.00118630
-0.00477426
-0.00529370
-0.00421153
-0.00153886
0.00411002
0.01113151
0.01581097
0.01572078
0.01203666
0.00533788
-0.00003115
-0.00354650
-0.00708979
-0.00740356
-0.00250628
0.00506243
0.00930498
0.00876948
0.00213663
-0.01010892
-0.01709766
-0.01501815
-0.00649929
0.00285005
0.00810050
0.00859163
0.00619740
0.00349191
0.00211304
0.00288507
0.00553698
0.00748700
0.00630793
0.00185464
-0.00186029
-0.00244900
-0.00001376
0.00227829
0.00223268
0.00119669
0.00161250
0.00225129
0.00152617
-0.00029407
-0.00229358
-0.00297876
-0.00276005
-0.00162985
0.00118311
0.00314815
0.00346984
0.00187070
-0.00116190
-0.00306864
-0.00304498
-0.00288135
-0.00378866
-0.00498939
-0.00452730
-0.00262014
0.00037268
0.00295738
0.00457187
0.00624728
0.00724501
0.00652925
0.00467084
0.00261044
0.00108799
0.00160534
0.00422165
0.00683192
0.00606465
0.00254692
-0.00034697
-0.00141820
-0.00354694
-0.00784387
-0.01006943
-0.01002120
-0.01126240
-0.01199178
-0.01036543
-0.00869812
-0.00732652
-0.00650529
-0.00544201
-0.00495708
-0.00278065
0.00358845
0.01102532
0.01631360
0.01987030
0.02196653
0.02263159
0.02231244
0.02172816
0.02137260
0.02024596
0.01791067
0.01441064
0.00954942
0.00335048
-0.00503515
-0.01291032
-0.01740652
-0.02018283
-0.02128299
-0.01582733
-0.00577910
0.00773061
0.01975238
0.02017902
0.00701224
-0.00873632
-0.01888825
-0.02269874
-0.02343678
-0.02057936
-0.01208052
-0.00161334
0.00498546
0.00399264
-0.00229285
-0.00958590
-0.01157076
-0.01038242
-0.01287351
-0.01694203
-0.01944442
-0.02091525
-0.02051281
-0.01604592
-0.01221661
-0.01373528
-0.01506906
-0.01054602
0.00055976
0.01334570
0.02450256
0.03033346
0.02995638
0.02679636
0.02441686
0.02140948
0.01439407
0.00476700
-0.00360997
-0.01024519
-0.01535788
-0.01926282
-0.01923302
-0.01251831
-0.00615348
-0.00559399
-0.01076530
-0.01842791
-0.02406003
-0.02326355
-0.01338069
-0.00097954
0.00876808
0.01963719
0.03205448
0.04083954
0.04439537
0.03919354
0.02318946
0.00460964
-0.00822181
-0.01027403
-0.00561727
-0.00381756
-0.00530589
-0.00878204
-0.01472607
-0.02320158
-0.03178074
-0.04086168
-0.04924871
-0.05315472
-0.05131062
-0.04189488
-0.02822395
-0.01913072
-0.02341455
-0.03406262
-0.03263543
-0.01538502
0.00560376
0.02729744
0.05028892
0.07087121
0.08439331
0.09053166
0.09119177
0.08249080
0.05829876
0.02955321
0.00142947
-0.02339603
-0.03549696
-0.04210157
-0.04968822
-0.05655921
-0.06042330
-0.05750208
-0.04505879
-0.02421041
0.00066719
0.01788081
0.02089049
0.01664820
0.01486146
0.01902397
0.02768440
0.03998685
0.05222134
0.05449258
0.04810962
0.03518447
0.02029569
0.00787595
-0.00430328
-0.01421075
-0.01591828
-0.00997102
0.00151406
0.01424585
0.02401462
0.02788681
0.02776869
0.02617359
0.02193944
0.01488066
0.00478499
-0.00610906
-0.01475691
-0.01930496
-0.02026910
-0.02003906
-0.01923604
-0.01776133
-0.01603768
-0.01201830
-0.00523909
0.00268124
0.01170187
0.02266643
0.03039585
0.03004579
0.02450931
0.01649671
0.00328157
-0.01503339
-0.03389266
-0.05039825
-0.06337602
-0.07260428
-0.07544566
-0.06780206
-0.04778690
-0.02757143
-0.01921044
-0.01887938
-0.02124161
-0.02590942
-0.03217027
-0.03909219
-0.04672464
-0.05139241
-0.04990538
-0.04021693
-0.01668819
0.01511587
0.03951046
0.05385661
0.06421630
0.06816496
0.06446283
0.05703820
0.04813415
0.04006271
0.03577659
0.03180144
0.02379985
0.01165578
-0.00169352
-0.01225385
-0.01945410
-0.02396812
-0.02631122
-0.02474197
-0.01967588
-0.01367773
-0.00611316
0.00419426
0.01807951
0.02985414
0.03485462
0.03851182
0.04434376
0.04827192
0.04516188
0.03517591
0.02325238
0.01141042
-0.00545785
-0.02614435
-0.04567705
-0.05784355
-0.05856866
-0.05198556
-0.04361593
-0.03487857
-0.02587132
-0.01734899
-0.00906078
-0.00036907
0.00936767
0.01984727
0.02779296
0.02922363
0.02526640
0.02155504
0.02070636
0.02179184
0.02133894
0.01957507
0.01922125
0.01833692
0.01440854
0.00611696
-0.00435567
-0.01587292
-0.02351035
-0.02187049
-0.01574707
-0.01083818
-0.00844388
-0.00734691
-0.00734358
-0.00940992
-0.01059382
-0.00641100
-0.00821586
-0.01897536
-0.03460865
-0.04259800
-0.03487774
-0.01918168
-0.00356621
0.01443313
0.03114692
0.03983623
0.04333238
0.04258165
0.03787932
0.03071658
0.02064163
0.01229901
0.00821276
0.00286980
-0.00713051
-0.01608001
-0.01954681
-0.01921919
-0.01559504
-0.00980219
-0.00327148
0.00562833
0.01528561
0.01992746
0.01929253
0.01811340
0.01696208
0.01391565
0.01028770
0.00690491
0.00369029
0.00202375
0.00366882
0.01051529
0.02625669
0.04167680
0.04633271
0.04263532
0.03189774
0.00967723
-0.01941896
-0.04882353
-0.07485564
-0.09494112
-0.11213970
-0.12543060
-0.13164700
-0.13195130
-0.12627550
-0.10984630
-0.08093118
-0.03520631
0.01376909
0.05349552
0.08275578
0.09395149
0.08958482
0.07832296
0.06987671
0.07002275
0.07678552
0.08503749
0.09051081
0.09175828
0.08574395
0.06881272
0.04524412
0.02853241
0.02470502
0.02838750
0.03449461
0.03801952
0.03622390
0.03107237
0.02605943
0.02303486
0.01891994
0.00991570
-0.00650367
-0.02806813
-0.05059848
-0.07707102
-0.10394360
-0.11801600
-0.11011900
-0.08482294
-0.06088020
-0.05111886
-0.04825045
-0.04259899
-0.03397331
-0.02495098
-0.02184133
-0.02275001
-0.01671677
-0.00473677
0.00713138
0.01622210
0.02070808
0.01616389
0.00057206
-0.01860034
-0.02966354
-0.03081212
-0.02591851
-0.01964207
-0.01270118
-0.00266178
0.01018442
0.02594836
0.04472267
0.06268955
0.07458296
0.07866622
0.07725104
0.07140353
0.06295506
0.05451023
0.04331096
0.02431519
0.00214056
-0.01825690
-0.03745488
-0.05161838
-0.05536269
-0.05183448
-0.04445169
-0.03225313
-0.01796682
-0.00999294
-0.00848609
-0.00807871
-0.00511912
-0.00258119
-0.00225636
-0.00348424
-0.00558887
-0.00576874
-0.00005033
0.00942824
0.01531101
0.01593809
0.01600476
0.01938931
0.02453959
0.02788601
0.02746602
0.02321793
0.01542540
0.00636420
-0.00086417
-0.00688270
-0.01219258
-0.01584086
-0.01916307
-0.02344278
-0.02572988
-0.02325856
-0.02447531
-0.02865363
-0.02752580
-0.02137368
-0.01557947
-0.01240947
-0.00984203
-0.00594593
0.00076844
0.01027833
0.01620084
0.01536098
0.00861376
-0.00096922
-0.00849018
-0.00733220
-0.00152533
0.00277420
0.00748267
0.01259262
0.01704137
0.02034927
0.02396765
0.02925342
0.03599230
0.04231965
0.04669437
0.04815591
0.04766203
0.04355257
0.03395051
0.02378879
0.01483895
0.00582350
-0.00282955
-0.01169247
-0.02454084
-0.04376384
-0.06267187
-0.07199968
-0.07215600
-0.06543979
-0.05299182
-0.03752697
-0.02383881
-0.01100496
0.00223734
0.01492750
0.02707666
0.03873830
0.04456699
0.04079814
0.03179024
0.02550212
0.02396756
0.02312149
0.02114766
0.01766076
0.01367745
0.01050335
0.00910778
0.00986043
0.01276754
0.01644152
0.02010563
0.02305742
0.02590533
0.02896227
0.03206775
0.03332190
0.03305364
0.03290729
0.03253724
0.03079062
0.02688515
0.01756684
0.00335843
-0.01037337
-0.02105652
-0.02671939
-0.02877095
-0.02949078
-0.02997365
-0.03166805
-0.03306811
-0.03291113
-0.03117012
-0.02951236
-0.02708329
-0.02687706
-0.02919083
-0.02891915
-0.02315348
-0.01479286
-0.00557445
0.00314594
0.00742924
0.00637261
0.00454386
0.00144509
-0.00395363
-0.00752316
-0.00447557
0.00470974
0.01846027
0.03407727
0.04690330
0.05134645
0.04819684
0.03917869
0.02412506
0.00556393
-0.00890015
-0.01430635
-0.01560806
-0.01528309
-0.01207552
-0.00639718
0.00222238
0.01211993
0.01978529
0.02188193
0.02010454
0.01828460
0.01878841
0.02061855
0.01995746
0.01190203
-0.00736852
-0.03467838
-0.06191238
-0.08388030
-0.10027070
-0.11175910
-0.11844040
-0.12017840
-0.12144570
-0.12519770
-0.13113120
-0.13261450
-0.12371340
-0.10435990
-0.07916990
-0.04850167
-0.01860608
-0.00107368
0.00954913
0.02077995
0.03228196
0.03608232
0.03035079
0.02187763
0.01973639
0.02743560
0.04249074
0.06131659
0.07647319
0.08589092
0.09315481
0.09894198
0.10098620
0.09680504
0.08062499
0.05150102
0.02159269
0.00033932
-0.01411718
-0.02909741
-0.04297911
-0.04989969
-0.04801617
-0.03865741
-0.02085632
-0.00612656
0.00104917
0.00731524
0.01525542
0.02433654
0.03162989
0.03541309
0.03648490
0.03757097
0.04260799
0.05182736
0.06152923
0.06561438
0.06127900
0.04851533
0.03199351
0.02167555
0.01928076
0.01800836
0.01704594
0.02043780
0.03025237
0.04345814
0.05440509
0.05781067
0.05401714
0.04822211
0.04286587
0.03639786
0.02223632
-0.00660339
-0.04167940
-0.07238119
-0.09363187
-0.10417130
-0.10715790
-0.10465600
-0.09340841
-0.06911570
-0.03379152
-0.00060625
0.02502052
0.03902358
0.04360930
0.04391817
0.04284941
0.04001366
0.03115917
0.01740219
0.00542527
-0.00178088
-0.00384179
0.00093273
0.00983690
0.01988706
0.02912669
0.03435629
0.03384502
0.02840363
0.02259398
0.01998967
0.01737911
0.00872698
-0.00803801
-0.02794560
-0.04305582
-0.05276980
-0.06273588
-0.07370180
-0.08413381
-0.09144158
-0.09373229
-0.09102782
-0.08409414
-0.07156295
-0.05405674
-0.03447774
-0.01698428
-0.00482883
0.01016766
0.02351241
0.03080369
0.03119136
0.02289452
0.00921673
-0.00152829
-0.00447019
-0.00306094
-0.00118539
-0.00076045
0.00016311
0.00297562
0.00563266
0.00654956
0.00357818
-0.00233435
-0.00519738
-0.00171613
0.00693551
0.01725859
0.02378947
0.02412894
0.02073577
0.01539435
0.00758401
-0.00270644
-0.01263658
-0.01825891
-0.01870568
-0.01278612
-0.00514419
-0.00204783
-0.00432305
-0.01027893
-0.01966200
-0.03484361
-0.05455754
-0.06967870
-0.07475788
-0.07097273
-0.05774431
-0.03698183
-0.01464009
0.00650963
0.02260592
0.02845521
0.02763346
0.02288762
0.01813317
0.01903852
0.02614429
0.03860368
0.05651497
0.07242318
0.07973624
0.07732847
0.06401640
0.04115921
0.01376536
-0.01364894
-0.03645739
-0.04607454
-0.04177113
-0.02891484
-0.01586164
-0.00586851
0.00478553
0.01882424
0.03369356
0.04513124
0.04920537
0.04466255
0.03315148
0.02252603
0.01981980
0.02548064
0.03624071
0.04642191
0.05168760
0.05384328
0.05472758
0.05408959
0.04906177
0.03809806
0.02254880
0.00658566
-0.00353678
-0.01012971
-0.01723339
-0.02497733
-0.03211299
-0.03710171
-0.03902613
-0.04036965
-0.04237184
-0.04348112
-0.04287262
-0.04097697
-0.03948526
-0.03827218
-0.03035301
-0.01722038
-0.00524703
0.00492148
0.01163782
0.01389000
0.01101168
0.00407532
-0.00548385
-0.01337865
-0.01647989
-0.01558222
-0.01107159
-0.00472713
0.00293835
0.01179554
0.02002567
0.02704139
0.03453139
0.04245231
0.04859681
0.05327533
0.05370858
0.04901478
0.03990942
0.02728202
0.01183189
-0.00454598
-0.02073281
-0.03646667
-0.05170905
-0.06442730
-0.07139558
-0.07253928
-0.06748553
-0.05649066
-0.04256634
-0.03088074
-0.02267258
-0.02011041
-0.01952317
-0.01621576
-0.01074060
-0.00583042
-0.00385386
-0.00374874
-0.00187916
0.00091772
0.00219995
0.00019317
-0.00304624
-0.00351505
-0.00296748
-0.00297261
-0.00299573
-0.00174150
0.00095114
0.00362031
0.00568366
0.00775776
0.00871238
0.01004524
0.01158642
0.01115204
0.00976824
0.00853163
0.00819417
0.00818979
0.00717534
0.00411987
-0.00216894
-0.00917818
-0.01129827
-0.00738722
-0.00073905
0.00647498
0.01383499
0.01999904
0.02441368
0.02609859
0.02506048
0.02097643
0.01566690
0.01191157
0.01240350
0.01712151
0.02180997
0.02342933
0.02171735
0.01414025
0.00216977
-0.00943437
-0.01781294
-0.02201344
-0.02072336
-0.01461078
-0.00825234
-0.00452487
-0.00310875
-0.00387102
-0.00683109
-0.01248747
-0.02003304
-0.02856056
-0.03804252
-0.04455543
-0.04522198
-0.04203499
-0.03726714
-0.03082225
-0.02300111
-0.01471362
-0.00566699
0.00397285
0.01412305
0.02357962
0.03140899
0.03896111
0.04550670
0.05025569
0.05373604
0.05647049
0.05882445
0.06016458
0.05861349
0.05441218
0.04920010
0.04290864
0.03506658
0.02607030
0.01661769
0.00755126
-0.00116569
-0.00910124
-0.01494493
-0.01719624
-0.01645805
-0.01440912
-0.01227502
-0.01069819
-0.01017727
-0.01095776
-0.01313360
-0.01630254
-0.02032336
-0.02632513
-0.03358968
-0.03919752
-0.04034982
-0.03652792
-0.02879492
-0.01955269
-0.01108881
-0.00310558
0.00251609
0.00320963
-0.00176626
-0.01042716
-0.01958696
-0.02638697
-0.03022534
-0.03177357
-0.03116540
-0.02837327
-0.02539240
-0.02389280
-0.02329051
-0.02258082
-0.02091447
-0.01790774
-0.01461852
-0.00954557
-0.00117651
0.00820918
0.01562433
0.01952942
0.02061964
0.02042066
0.02034048
0.02030876
0.01954908
0.01847734
0.01794598
0.01797442
0.01736922
0.01701866
0.01704414
0.01462797
0.00799551
-0.00165900
-0.00735208
-0.00795094
-0.00526595
-0.00110719
0.00390420
0.01081240
0.01879976
0.02414870
0.02639488
0.02487782
0.01999227
0.01286580
0.00659626
0.00173607
-0.00034992
0.00154543
0.00643319
0.01306540
0.01804628
0.02139103
0.02401468
0.02717510
0.02902208
0.03039453
0.02977471
0.02597506
0.02190461
0.01991844
0.02071529
0.02232503
0.02326495
0.02360952
0.02385825
0.02328950
0.02087656
0.01878019
0.01849445
0.01963144
0.02093222
0.02105694
0.02086722
0.02143067
0.02292448
0.02358287
0.02134359
0.01612325
0.01002893
0.00488042
0.00175538
0.00092305
0.00198330
0.00543317
0.00943150
0.01243114
0.01384440
0.01520866
0.01663648
0.01584209
0.01241489
0.00781339
0.00271183
-0.00256998
-0.00775279
-0.01281593
-0.01786097
-0.02306530
-0.02778193
-0.03317294
-0.04085737
-0.04768631
-0.05076980
-0.05222489
-0.05351607
-0.05254761
-0.05004532
-0.04641597
-0.04026567
-0.03388376
-0.02915627
-0.02616372
-0.02488070
-0.02376382
-0.02347492
-0.02273225
-0.02110181
-0.01937043
-0.01718153
-0.01403277
-0.01207074
-0.01210117
-0.01235961
-0.01227862
-0.01215657
-0.01080240
-0.00768845
-0.00393320
-0.00115635
0.00150362
0.00360091
0.00428202
0.00396130
0.00197773
-0.00204519
-0.00677249
-0.01074950
-0.01246421
-0.01222463
-0.01200008
-0.01133449
-0.00881402
-0.00668999
-0.00539603
-0.00516121
-0.00762015
-0.01103626
-0.01398627
-0.01551283
-0.01451152
-0.01171384
-0.00952585
-0.01144025
-0.01551760
-0.02035266
-0.02690153
-0.03503842
-0.04273734
-0.04637429
-0.04529648
-0.04118415
-0.03456493
-0.02652595
-0.01965031
-0.01484114
-0.01104965
-0.00671404
-0.00091697
0.00533923
0.01061087
0.01425707
0.01591297
0.01682667
0.01844424
0.02198390
0.02650787
0.03029320
0.03231351
0.03228616
0.03104789
0.03023800
0.02957048
0.02954677
0.03118271
0.03398823
0.03727842
0.03963173
0.03978843
0.03573402
0.02826971
0.02002957
0.01176842
0.00279895
-0.00609599
-0.01281442
-0.01724793
-0.02008728
-0.02135765
-0.02124074
-0.02010674
-0.01813501
-0.01556565
-0.01262459
-0.00973981
-0.00740767
-0.00461488
-0.00060402
0.00643688
0.01424727
0.01915293
0.02250224
0.02492633
0.02587770
0.02593593
0.02488517
0.02220971
0.01981240
0.01740888
0.01564587
0.01343654
0.00940432
0.00490724
-0.00015018
-0.00510507
-0.00808183
-0.01070271
-0.01345043
-0.01545050
-0.01687692
-0.01762876
-0.01679155
-0.01477906
-0.01215589
-0.00919725
-0.00644544
-0.00437642
-0.00259940
-0.00159425
-0.00221874
-0.00410855
-0.00574198
-0.00375416
0.00197110
0.00814671
0.01309283
0.01588233
0.01713645
0.01865058
0.02064690
0.02347358
0.02585425
0.02604295
0.02391726
0.01983702
0.01473618
0.01092318
0.00835570
0.00593862
0.00383400
0.00128444
-0.00135322
-0.00413956
-0.00705028
-0.00978537
-0.01167269
-0.01331683
-0.01576199
-0.01827350
-0.02017121
-0.02100431
-0.01955876
-0.01845098
-0.01818641
-0.01905550
-0.02094297
-0.02353068
-0.02559347
-0.02639328
-0.02480134
-0.02368939
-0.02313105
-0.02162446
-0.02160745
-0.02356127
-0.02430866
-0.02349708
-0.02034703
-0.01280215
-0.00428205
-0.00036735
0.00001762
-0.00022398
0.00050402
0.00351063
0.00762918
0.01004025
0.00966122
0.00735657
0.00574127
0.00427740
0.00227796
0.00194750
0.00228766
0.00150202
-0.00040530
-0.00361015
-0.00460777
-0.00102506
0.00390171
0.00905547
0.01284605
0.01530687
0.01632644
0.01621545
0.01603371
0.01489277
0.01278672
0.01105028
0.01092104
0.01195634
0.01339250
0.01493490
0.01624889
0.01634814
0.01619814
0.01761909
0.02058567
0.02286895
0.02585726
0.02849557
0.03062203
0.03082957
0.02874964
0.02572604
0.02147213
0.01711626
0.01321131
0.00894434
0.00265962
-0.00454406
-0.00799860
-0.00775278
-0.00723772
-0.00605350
-0.00481875
-0.00353294
-0.00098616
0.00050814
0.00103566
0.00057482
-0.00125734
-0.00366637
-0.00531149
-0.00670206
-0.00759497
-0.00753577
-0.00715351
-0.00559501
-0.00422027
-0.00286770
-0.00019635
0.00216623
0.00473399
0.00772656
0.01063338
0.01314670
0.01512585
0.01759797
0.02120879
0.02502925
0.02678167
0.02638036
0.02377217
0.01699550
0.00833368
-0.00107440
-0.01001902
-0.01616072
-0.01783649
-0.01715186
-0.01397816
-0.00901288
-0.00413648
0.00051009
0.00436784
0.00502243
0.00291797
0.00249276
0.00313700
0.00194893
0.00119644
0.00136117
0.00024581
-0.00292538
-0.00540367
-0.00688775
-0.00761563
-0.00927792
-0.01306338
-0.01677270
-0.01893089
-0.01980765
-0.01906444
-0.01744114
-0.01565187
-0.01469409
-0.01474048
-0.01329133
-0.01000552
-0.00912628
-0.00965550
-0.00973497
-0.01020234
-0.01008312
-0.00800460
-0.00404213
0.00109873
0.00591536
0.01000094
0.01221530
0.01279933
0.01197375
0.00948010
0.00645788
0.00348793
0.00157916
0.00009508
-0.00077687
0.00023814
0.00184655
0.00368693
0.00589892
0.00697768
0.00778763
0.01027156
0.01234695
0.01322279
0.01348519
0.01271577
0.00994090
0.00557238
0.00172375
-0.00198590
-0.00642111
-0.01142399
-0.01465819
-0.01477245
-0.01415642
-0.01246611
-0.00981323
-0.00896734
-0.00934869
-0.00955065
-0.00949678
-0.00854756
-0.00595987
-0.00391229
-0.00233098
-0.00185681
-0.00391249
-0.00637794
-0.00721801
-0.00635650
-0.00430366
-0.00125145
0.00212440
0.00475707
0.00669293
0.00639448
0.00460396
0.00322607
0.00291730
0.00239053
0.00186902
0.00189154
0.00199069
0.00197775
0.00197910
0.00304515
0.00646371
0.00995488
0.01234980
0.01411935
0.01499131
0.01423399
0.01304264
0.01223035
0.01279386
0.01317092
0.01106265
0.00793744
0.00414568
0.00125011
0.00053419
0.00038274
-0.00113104
-0.00198000
-0.00289538
-0.00594284
-0.01076431
-0.01529555
-0.01841547
-0.01837179
-0.01553322
-0.01208096
-0.01083382
-0.01255056
-0.01581659
-0.01848000
-0.02121351
-0.02302660
-0.02293541
-0.02255336
-0.02128322
-0.02008107
-0.02009138
-0.02052141
-0.02201355
-0.02293455
-0.02276781
-0.02261928
-0.02267539
-0.02268967
-0.02220546
-0.02039657
-0.01832368
-0.01662444
-0.01348821
-0.00833664
-0.00265074
0.00271008
0.00742708
0.01104623
0.01248991
0.01289649
0.01415505
0.01609341
0.01753125
0.01754429
0.01613558
0.01347139
0.01080565
0.00826266
0.00662551
0.00578844
0.00609224
0.00739303
0.00991958
0.01225769
0.01268981
0.01238753
0.01156907
0.00933811
0.00680492
0.00415962
0.00243643
0.00241718
0.00267030
0.00289472
0.00428159
0.00523002
0.00510313
0.00451234
0.00306192
0.00137326
-0.00144602
-0.00446982
-0.00706650
-0.00712066
-0.00400904
0.00045908
0.00494050
0.00783453
0.00967500
0.01187596
0.01314093
0.01378336
0.01384276
0.01298377
0.01250130
0.01204773
0.01063370
0.00995514
0.00936516
0.00882596
0.00846890
0.00733832
0.00558608
0.00272572
-0.00214592
-0.00640195
-0.00948483
-0.01126323
-0.01073854
-0.00982418
-0.01068334
-0.01282976
-0.01465446
-0.01573218
-0.01600216
-0.01558746
-0.01270259
-0.00584841
0.00160882
0.00618053
0.00784989
0.00783540
0.00768844
0.00774661
0.00777937
0.00771984
0.00670601
0.00595039
0.00794975
0.01111809
0.01371482
0.01533331
0.01623199
0.01633336
0.01489236
0.01282605
0.00940340
0.00578907
0.00231756
-0.00074573
-0.00481785
-0.00877944
-0.01086366
-0.01237058
-0.01389506
-0.01512120
-0.01578533
-0.01530952
-0.01378086
-0.01220954
-0.01064354
-0.00871453
-0.00672180
-0.00534382
-0.00510352
-0.00535526
-0.00374585
-0.00050451
0.00219291
0.00512428
0.00849202
0.01209523
0.01652506
0.02029636
0.02061185
0.01797011
0.01491045
0.01161367
0.00737181
0.00317271
-0.00036662
-0.00267061
-0.00444355
-0.00677058
-0.00878183
-0.00952734
-0.00935464
-0.00926347
-0.00926745
-0.00891270
-0.00728830
-0.00510982
-0.00274263
0.00024747
0.00135683
0.00163250
0.00089517
-0.00110831
-0.00371837
-0.00600943
-0.00770069
-0.00794114
-0.00692662
-0.00508070
-0.00359218
-0.00143370
0.00090463
0.00260791
0.00506017
0.00665879
0.00767521
0.00924806
0.01151666
0.01405301
0.01472169
0.01327707
0.01139469
0.00870017
0.00502178
0.00155228
-0.00134510
-0.00376128
-0.00608936
-0.00748050
-0.00646610
-0.00460365
-0.00223896
0.00167902
0.00475595
0.00650529
0.00674863
0.00621498
0.00528910
0.00444837
0.00278209
-0.00050686
-0.00466436
-0.00820648
-0.00947281
-0.00962096
-0.01019840
-0.01256363
-0.01478807
-0.01616653
-0.01709988
-0.01716679
-0.01672814
-0.01567548
-0.01422628
-0.01340560
-0.01311664
-0.01197508
-0.00931127
-0.00564074
-0.00229620
0.00099249
0.00321736
0.00475610
0.00710413
0.00982198
0.01254925
0.01428754
0.01381674
0.01332071
0.01188046
0.00959136
0.00891360
0.00850032
0.00761826
0.00590790
0.00429662
0.00174669
-0.00068500
-0.00192009
-0.00307323
-0.00507592
-0.00650460
-0.00662244
-0.00643553
-0.00614009
-0.00540611
-0.00539552
-0.00598607
-0.00772493
-0.01205757
-0.01627415
-0.01826114
-0.01964001
-0.02074816
-0.02140121
-0.02143342
-0.02130971
-0.02004651
-0.01738320
-0.01492723
-0.01224823
-0.00992282
-0.00849729
-0.00685994
-0.00395172
-0.00061964
0.00324621
0.00691540
0.00966381
0.01213650
0.01372556
0.01534171
0.01742413
0.01841914
0.01971662
0.02084111
0.02134227
0.02234373
0.02291816
0.02142614
0.01881887
0.01583220
0.01160644
0.00715476
0.00274701
-0.00096312
-0.00315522
-0.00447073
-0.00454579
-0.00356442
-0.00310159
-0.00181302
0.00181548
0.00591404
0.00861190
0.01028674
0.01070274
0.01089219
0.01073887
0.01116500
0.01277237
0.01284876
0.01095947
0.01026380
0.01081207
0.01117397
0.01065292
0.00932789
0.00817168
0.00812679
0.00830203
0.00828000
0.00904109
0.01085409
0.01274834
0.01352603
0.01336561
0.01326707
0.01325616
0.01177839
0.00911786
0.00659989
0.00427382
0.00299299
0.00256331
0.00202760
0.00213482
0.00310613
0.00340032
0.00185156
-0.00057659
-0.00209067
-0.00218351
-0.00164913
-0.00158493
-0.00169871
-0.00168621
-0.00097084
0.00084860
0.00273726
0.00366832
0.00354975
0.00342841
0.00400395
0.00594153
0.00850878
0.01073356
0.01290502
0.01366521
0.01350013
0.01285278
0.01105097
0.00892355
0.00708472
0.00562938
0.00421596
0.00335744
0.00337430
0.00344844
0.00272640
0.00138404
-0.00011080
-0.00411371
-0.00978213
-0.01367797
-0.01580477
-0.01747042
-0.02081216
-0.02559865
-0.02934333
-0.03060325
-0.03136526
-0.03262185
-0.03282069
-0.03247713
-0.03129540
-0.02870730
-0.02482680
-0.02089706
-0.01782502
-0.01504108
-0.01211164
-0.00914011
-0.00622054
-0.00345865
-0.00074537
0.00215041
0.00410964
0.00562715
0.00662754
0.00648970
0.00610703
0.00608468
0.00547313
0.00373969
0.00101826
-0.00133319
-0.00255062
-0.00262297
-0.00240042
-0.00173094
-0.00119934
-0.00018214
0.00121815
0.00227122
0.00345837
0.00372921
0.00342453
0.00200502
-0.00016632
-0.00184325
-0.00275678
-0.00380491
-0.00554559
-0.00703464
-0.00855888
-0.00909923
-0.00892691
-0.00887537
-0.00852634
-0.00685150
-0.00600713
-0.00625312
-0.00622991
-0.00477420
-0.00316496
-0.00222845
-0.00154227
-0.00059853
0.00088651
0.00145286
0.00173965
0.00196198
0.00158490
0.00089712
-0.00063267
-0.00221955
-0.00282209
-0.00331588
-0.00376419
-0.00282974
-0.00162987
-0.00133586
-0.00149896
-0.00153959
-0.00152045
-0.00153473
-0.00127825
-0.00137350
-0.00233925
-0.00296794
-0.00286921
-0.00270211
-0.00194948
0.00004204
0.00117406
0.00214839
0.00319181
0.00353427
0.00338791
0.00341384
0.00436995
0.00649297
0.00874355
0.01028626
0.01266059
0.01451899
0.01488096
0.01559201
0.01694295
0.01697709
0.01564525
0.01292183
0.00904453
0.00538141
0.00262556
0.00038090
-0.00083821
0.00072791
0.00296324
0.00313153
0.00301042
0.00314703
0.00237782
-0.00024574
-0.00254290
-0.00523425
-0.00704576
-0.00741366
-0.00880128
-0.00994113
-0.01141726
-0.01141075
-0.00960692
-0.00895212
-0.00787324
-0.00683450
-0.00688087
-0.00737754
-0.00755618
-0.00693758
-0.00678678
-0.00691809
-0.00594630
-0.00443879
-0.00354511
-0.00262272
-0.00174057
-0.00023332
0.00065925
0.00062890
0.00109728
0.00250611
0.00309619
0.00297121
0.00375421
0.00455184
0.00421789
0.00372028
0.00283286
0.00072990
-0.00206769
-0.00471123
-0.00756411
-0.00967839
-0.01158951
-0.01245508
-0.01095684
-0.00955746
-0.00968806
-0.00994997
-0.00990599
-0.00983224
-0.00872285
-0.00721080
-0.00709014
-0.00692836
-0.00507442
-0.00370998
-0.00342954
-0.00345287
-0.00370259
-0.00322217
-0.00254056
-0.00271364
-0.00327874
-0.00230162
0.00022495
0.00229887
0.00490904
0.00808331
0.00995054
0.01105446
0.01064508
0.00903185
0.00747674
0.00605756
0.00430002
0.00347235
0.00361251
0.00369196
0.00360487
0.00356359
0.00355355
0.00352728
0.00349630
0.00347950
0.00348294
0.00287281
0.00201781
0.00099338
-0.00082063
-0.00230699
-0.00317928
-0.00399943
-0.00489763
-0.00610552
-0.00518312
-0.00401081
-0.00398938
-0.00380094
-0.00315663
-0.00318293
-0.00271177
-0.00117334
0.00110630
0.00253743
0.00382288
0.00537096
0.00575967
0.00545866
0.00650233
0.00836998
0.01009147
0.01085958
0.01075699
0.01067185
0.01128645
0.01205304
0.01277359
0.01306320
0.01283129
0.01180622
0.00992979
0.00839868
0.00638032
0.00442793
0.00317148
0.00221762
0.00148471
0.00117786
0.00155270
0.00262558
0.00441385
0.00495229
0.00492805
0.00492634
0.00523015
0.00615634
0.00617253
0.00529516
0.00469502
0.00310706
0.00045033
-0.00054457
0.00016554
0.00113002
0.00208252
0.00327534
0.00339133
0.00272928
0.00305478
0.00483096
0.00625606
0.00658524
0.00667747
0.00637666
0.00562749
0.00576810
0.00595860
0.00537233
0.00500059
0.00552832
0.00636189
0.00645022
0.00628533
0.00627033
0.00627483
0.00581576
0.00501083
0.00425715
0.00326421
0.00093806
-0.00190285
-0.00549815
-0.00937911
-0.01239668
-0.01286952
-0.01248502
-0.01234454
-0.01098237
-0.00913887
-0.00935130
-0.00994474
-0.00839490
-0.00728639
-0.00726802
-0.00553931
-0.00378810
-0.00339994
-0.00283163
-0.00258539
-0.00258335
-0.00254318
-0.00254004
-0.00268384
-0.00344302
-0.00332211
-0.00151623
-0.00002404
0.00089463
0.00112055
0.00087454
0.00038457
-0.00049866
-0.00227318
-0.00369921
-0.00464474
-0.00515672
-0.00514228
-0.00508670
-0.00512312
-0.00515065
-0.00515806
-0.00516872
-0.00510092
-0.00499940
-0.00528291
-0.00535362
-0.00477915
-0.00349635
-0.00175494
-0.00115723
-0.00128987
-0.00082794
-0.00131374
-0.00375550
-0.00753273
-0.01144513
-0.01402449
-0.01489817
-0.01511483
-0.01482941
-0.01404560
-0.01380810
-0.01394443
-0.01359471
-0.01270979
-0.01169247
-0.00902526
-0.00504851
-0.00104899
0.00240577
0.00488748
0.00608352
0.00632129
0.00624031
0.00618523
0.00538866
0.00323991
0.00156901
0.00048755
0.00075963
0.00128794
0.00176379
0.00438663
0.00658963
0.00761412
0.00870725
0.00949362
0.00851369
0.00659999
0.00599889
0.00636001
0.00647174
0.00551133
0.00347183
0.00154797
0.00065332
-0.00028056
-0.00206878
-0.00280144
-0.00256551
-0.00290886
-0.00337989
-0.00352245
-0.00380897
-0.00279782
-0.00125352
0.00035087
0.00207820
0.00429571
0.00532824
0.00517873
0.00488615
0.00364103
0.00157099
0.00020196
0.00017377
0.00036395
0.00087041
0.00298232
0.00535246
0.00762896
0.01038107
0.01188623
0.01170645
0.01186864
0.01341986
0.01404596
0.01329315
0.01273691
0.01248570
0.01179982
0.01157173
0.01167362
0.01077710
0.00844105
0.00671586
0.00647112
0.00578431
0.00519107
0.00612693
0.00807897
0.00971378
0.01068643
0.01079599
0.01067071
0.01016557
0.00860674
0.00696180
0.00664607
0.00615411
0.00535046
0.00449265
0.00406749
0.00352979
0.00217549
0.00079115
-0.00054278
-0.00233383
-0.00489648
-0.00592363
-0.00687857
-0.00941896
-0.01043428
-0.01011300
-0.01001136
-0.01003186
-0.00870362
-0.00658441
-0.00516691
-0.00513282
-0.00533862
-0.00527176
-0.00510625
-0.00472570
-0.00270304
-0.00020838
0.00031657
0.00111153
0.00378242
0.00521402
0.00489758
0.00434771
0.00366037
0.00345231
0.00357791
0.00328797
0.00122245
-0.00132787
-0.00182275
-0.00188631
-0.00407387
-0.00641413
-0.00663154
-0.00624890
-0.00625299
-0.00622152
-0.00586365
-0.00405668
-0.00230120
-0.00147229
-0.00020493
0.00019071
-0.00002067
-0.00007446
-0.00003046
-0.00004017
-0.00003750
0.00007278
0.00012493
0.00009583
0.00020254
0.00143225
0.00279852
0.00373808
0.00333157
0.00188788
0.00019682
-0.00031035
-0.00009899
-0.00055139
-0.00227381
-0.00418557
-0.00481233
-0.00456278
-0.00445698
-0.00448450
-0.00445152
-0.00439627
-0.00435765
-0.00451703
-0.00574819
-0.00697836
-0.00726413
-0.00798309
-0.00821142
-0.00802894
-0.00888673
-0.00994037
-0.00984476
-0.00914455
-0.00888618
-0.00960872
-0.01079564
-0.01078607
-0.00970830
-0.00867268
-0.00753565
-0.00621259
-0.00588435
-0.00594739
-0.00581056
-0.00469623
-0.00217759
-0.00118700
-0.00140983
-0.00093624
-0.00021053
-0.00013700
-0.00021224
-0.00014953
0.00008324
0.00069434
0.00095611
0.00089801
0.00090228
0.00099626
0.00110285
0.00167289
0.00228786
0.00258879
0.00339807
0.00396459
0.00436710
0.00447191
0.00440391
0.00479512
0.00522215
0.00521202
0.00532100
0.00553799
0.00560622
0.00558231
0.00547230
0.00536136
0.00562801
0.00658961
0.00756719
0.00660820
0.00477618
0.00448995
0.00467943
0.00429665
0.00285418
0.00144024
0.00109421
-0.00012331
-0.00160581
-0.00194695
-0.00295963
-0.00452242
-0.00475124
-0.00434452
-0.00452106
-0.00532922
-0.00543804
-0.00471198
-0.00367554
-0.00334133
-0.00245384
-0.00062972
0.00006555
0.00003770
0.00127722
0.00248546
0.00241056
0.00215040
0.00208341
0.00170978
0.00142830
0.00127285
0.00094943
0.00083664
0.00088285
0.00089829
0.00087171
0.00101663
0.00127855
0.00128697
0.00119543
0.00115302
0.00111759
0.00089352
0.00061053
0.00057139
0.00063226
0.00062881
0.00058874
0.00056110
0.00053845
0.00051217
0.00048550
0.00046196
0.00055855
0.00068340
0.00064116
0.00077822
0.00112154
0.00107908
0.00063337
0.00041465
0.00040482
0.00022134
-0.00007531
-0.00052689
-0.00091316
-0.00107695
-0.00113015
-0.00106411
-0.00096949
-0.00084339
-0.00065545
-0.00058253
-0.00056944
-0.00050312
-0.00023623
0.00013532
0.00028794
0.00024438
0.00029444
0.00036590
0.00034029
0.00029262
0.00026406
0.00023792
0.00020871
0.00018090
0.00012758
0.00006963
0.00013667
0.00028311
0.00034910
0.00033019
0.00029649
0.00025426
0.00019179
0.00018726
0.00017961
0.00007412
-0.00004413
-0.00012674
-0.00021898
-0.00033829
-0.00045656
-0.00051175
-0.00057226
-0.00061959
-0.00058547
-0.00052151
-0.00043003
-0.00034923
-0.00029637
-0.00024612
-0.00018795
-0.00017478
-0.00017472
-0.00015028
-0.00013145
-0.00011892
-0.00012329
-0.00013359
-0.00012273
-0.00010481
-0.00008931
-0.00006324
-0.00003684
-0.00001448
-0.00000353
0.00000383
0.00001107
0.00001319
0.00001185
0.00001288
0.00001130
0.00001288
0.00002401
0.00003682
0.00004527
0.00005218
0.00005973
0.00006528
0.00007049
0.00007675
0.00008298
0.00008844
0.00009182
0.00009509
0.00009899
0.00010287
0.00010692
0.00011181
0.00011654
0.00012080
0.00012481
0.00012887
0.00013270
0.00013614
0.00013923
0.00014201
0.00014439
0.00014642
0.00014816
0.00014960
0.00015075
0.00015162
0.00015221
0.00015254
0.00015259
0.00015238
0.00015191
