2.822
2.822
1.189
1.189
0.644
0.644
1.733
1.733
2.278
2.278
3.911
3.911
2.822
2.822
4.456
4.456
3.367
3.367
1.733
1.733
0.644
0.644
1.733
1.733
2.822
2.822
2.278
2.278
0.644
0.644
1.733
1.733
3.911
3.911
5.000
5.000
1.733
1.733
3.911
3.911
0.644
0.644
1.733
1.733
4.456
4.456
5.000
5.000
4.456
4.456
2.822
2.822
2.278
2.278
5.000
5.000
5.000
5.000
2.822
2.822
5.000
5.000
2.278
2.278
2.278
2.278
1.189
1.189
1.733
1.733
1.733
1.733
1.733
1.733
1.189
1.189
3.367
3.367
2.278
2.278
2.278
2.278
3.911
3.911
3.911
3.911
1.189
1.189
1.733
1.733
2.822
2.822
2.822
2.822
4.456
4.456
2.278
2.278
2.822
2.822
