1169
1174
4196
4196
5999
5999
14672
14672
12608
12608
5999
5999
5999
5999
8000
8000
5673
5673
4035
4044
2467
2467
7999
7998
7998
7999
2200
2200
2200
2200
2999
2999
6000
6000
36340
36340
18583
18583
5143
5143
18000
18000
20000
20000
10999
10999
8600
8600
13199
13199
13217
13217
14000
14000
11400
11400
11799
11799
13599
13599
11200
11200
12998
12998
15199
15199
16719
16719
12000
12000
4173
4173
12608
12608
36000
36000
36000
36000
3000
3000
6000
6000
60000
60000
14200
14200
23800
23800
26000
26000
20400
20400
23600
23600
45600
45600
28000
28000
30000
30000
